~o
<STREAMINFO> 1 25
<VECSIZE> 25<NULLD><MFCC_D_N_Z_0><DIAGC>
~s "silst"
<MEAN> 25
 -5.385814e+00 5.255097e-01 -2.318146e+00 3.418837e+00 3.547314e+00 -1.411681e+00 3.940377e+00 1.195399e+00 4.058701e-01 -1.163142e+00 2.963384e-01 3.140990e+00 -5.350913e-02 9.804478e-02 8.209696e-03 6.827920e-03 4.225613e-02 6.176816e-02 4.377102e-02 -3.356402e-02 3.017539e-02 6.697288e-02 3.592975e-02 -2.000418e-02 -1.676238e-01
<VARIANCE> 25
 1.210395e+01 3.284400e+01 1.964722e+01 1.975861e+01 2.257078e+01 2.526353e+01 2.662250e+01 2.910289e+01 2.572761e+01 2.421685e+01 2.259851e+01 1.967274e+01 4.227710e-01 8.107236e-01 8.643957e-01 1.044823e+00 1.212536e+00 1.469104e+00 1.577853e+00 1.759439e+00 1.745015e+00 1.749478e+00 1.575622e+00 1.445462e+00 4.141468e-01
<GCONST> 8.490750e+01
~h "A"
<BEGINHMM>
<NUMSTATES> 5
<STATE> 2
<MEAN> 25
 4.599510e+00 -8.713140e+00 -4.409944e+00 -6.224089e+00 -1.579578e+00 2.044772e+00 -2.889021e+00 4.910701e+00 4.816142e+00 2.337410e-01 -1.979887e+00 -4.913934e+00 4.734897e-01 -2.070019e+00 -1.376584e+00 -9.179387e-01 9.310220e-01 1.390931e+00 3.009622e-01 1.059291e+00 9.095014e-01 -8.380511e-01 -1.165653e+00 -1.367714e+00 1.934729e+00
<VARIANCE> 25
 1.888991e+01 2.850052e+01 4.169862e+01 4.019702e+01 5.713727e+01 6.879144e+01 5.134674e+01 7.310622e+01 4.709016e+01 4.285422e+01 4.705267e+01 3.452951e+01 2.474479e+00 2.478564e+00 3.119707e+00 3.521535e+00 4.214765e+00 4.182491e+00 4.715260e+00 6.015333e+00 4.304835e+00 3.872604e+00 4.251997e+00 3.280762e+00 4.502460e+00
<GCONST> 1.085485e+02
<STATE> 3
<MEAN> 25
 4.612369e+00 -1.240399e+01 -6.945641e+00 -6.621004e+00 2.278301e+00 5.652807e+00 -1.958737e+00 4.526788e+00 5.137259e+00 -2.197135e+00 -4.259028e+00 -6.823615e+00 -5.907533e-03 -6.913909e-02 -7.724556e-02 1.902648e-01 3.482416e-01 -5.474514e-02 1.799059e-01 -1.395066e-02 -1.410339e-01 -1.264919e-01 -2.642305e-01 -1.467500e-03 -9.877192e-02
<VARIANCE> 25
 9.455658e+00 1.861722e+01 2.832743e+01 2.894735e+01 3.625535e+01 4.615882e+01 3.911556e+01 5.347707e+01 3.887484e+01 3.510931e+01 3.727443e+01 3.005871e+01 3.584083e-01 8.638314e-01 8.780386e-01 1.084489e+00 1.637396e+00 2.134302e+00 1.641689e+00 2.170037e+00 1.527502e+00 1.747822e+00 1.776715e+00 1.394065e+00 5.995171e-01
<GCONST> 8.981333e+01
<STATE> 4
<MEAN> 25
 4.327650e+00 -7.403944e+00 -6.374425e+00 -3.722289e+00 2.647338e+00 1.567910e+00 1.638472e-02 3.766655e+00 4.125366e+00 -9.783174e-01 -5.106318e+00 -4.689507e+00 -1.213423e-02 1.303919e+00 6.373760e-01 7.123810e-01 -2.659775e-01 -5.871832e-01 -5.773255e-02 -3.125323e-01 -3.149404e-01 3.526225e-01 2.863226e-01 5.070660e-01 -2.060808e+00
<VARIANCE> 25
 1.498625e+01 2.965429e+01 3.310483e+01 4.045811e+01 5.064132e+01 5.001143e+01 4.673423e+01 5.387565e+01 4.187442e+01 4.402868e+01 4.204900e+01 3.466169e+01 1.191479e+00 2.081059e+00 1.985551e+00 2.307256e+00 2.858477e+00 3.062151e+00 3.166454e+00 3.403116e+00 2.827065e+00 2.850346e+00 2.829621e+00 2.420702e+00 2.907976e+00
<GCONST> 1.017709e+02
<TRANSP> 5
 0.000000e+00 1.000000e+00 0.000000e+00 0.000000e+00 0.000000e+00
 0.000000e+00 5.699504e-01 4.300496e-01 0.000000e+00 0.000000e+00
 0.000000e+00 0.000000e+00 7.653898e-01 2.346102e-01 0.000000e+00
 0.000000e+00 0.000000e+00 0.000000e+00 7.233504e-01 2.766497e-01
 0.000000e+00 0.000000e+00 0.000000e+00 0.000000e+00 0.000000e+00
<ENDHMM>
~h "B"
<BEGINHMM>
<NUMSTATES> 5
<STATE> 2
<MEAN> 25
 9.132442e+00 6.045766e+00 3.678294e+00 2.073223e+00 1.394863e+00 4.399040e+00 -6.846685e-01 -4.824897e+00 -4.244702e+00 1.786364e-01 6.158932e-01 -1.781183e+00 1.090872e+00 2.097945e+00 8.750910e-01 8.250560e-01 8.382189e-01 5.936085e-01 1.165575e+00 -6.168602e-01 -6.546775e-01 -2.938592e-01 -4.175836e-01 -1.861178e-01 -1.821739e+00
<VARIANCE> 25
 4.158961e+01 3.698354e+01 3.282366e+01 4.528435e+01 3.576038e+01 4.039812e+01 4.648419e+01 4.019109e+01 4.687371e+01 3.264841e+01 4.088805e+01 3.048973e+01 2.479209e+00 2.041432e+00 2.720274e+00 3.306050e+00 3.013325e+00 3.089493e+00 3.630124e+00 3.858041e+00 4.032059e+00 3.151795e+00 3.170413e+00 2.497593e+00 6.322797e+00
<GCONST> 1.050034e+02
<STATE> 3
<MEAN> 25
 1.182649e+01 1.189183e+01 5.715547e+00 2.951219e+00 1.999468e+00 5.314618e+00 2.556474e+00 -6.057243e+00 -5.773409e+00 2.533380e-01 -3.668259e-01 -2.261896e+00 -4.388322e-01 -4.076095e-01 -5.323400e-01 -3.053336e-01 2.772790e-01 -4.665104e-01 -2.756362e-01 2.156345e-01 4.303740e-01 -1.371138e-03 4.707846e-01 5.713050e-01 1.162237e+00
<VARIANCE> 25
 1.723904e+01 2.307970e+01 1.968906e+01 2.844155e+01 3.192014e+01 3.331224e+01 3.023909e+01 3.652539e+01 4.397615e+01 3.046318e+01 3.867551e+01 2.752569e+01 2.650592e+00 2.203932e+00 2.054070e+00 2.607206e+00 2.369763e+00 2.915023e+00 2.303230e+00 2.452999e+00 2.883048e+00 2.180099e+00 2.706738e+00 2.169303e+00 3.876056e+00
<GCONST> 9.847838e+01
<STATE> 4
<MEAN> 25
 7.578650e+00 4.694570e+00 1.034490e+00 -3.342116e-01 2.034941e+00 3.335633e+00 -1.407564e+00 -5.303875e+00 -2.583213e+00 1.406588e+00 3.358493e+00 4.700499e-01 -1.242142e+00 -3.457872e+00 -2.011361e+00 -2.500105e+00 -1.538645e+00 -6.307043e-01 -2.494625e+00 1.040849e+00 2.112816e+00 1.222997e+00 1.135430e+00 -2.889294e-01 5.193428e+00
<VARIANCE> 25
 2.573578e+01 4.196677e+01 3.204084e+01 6.963513e+01 3.327402e+01 4.282450e+01 4.100514e+01 3.188896e+01 3.842543e+01 3.953313e+01 3.815404e+01 2.811786e+01 2.171108e+00 3.398445e+00 5.018014e+00 7.243015e+00 4.592472e+00 6.174558e+00 4.791036e+00 6.611279e+00 8.547846e+00 6.162762e+00 5.857977e+00 6.111007e+00 3.833558e+00
<GCONST> 1.106616e+02
<TRANSP> 5
 0.000000e+00 1.000000e+00 0.000000e+00 0.000000e+00 0.000000e+00
 0.000000e+00 6.884633e-01 3.115366e-01 0.000000e+00 0.000000e+00
 0.000000e+00 0.000000e+00 6.135476e-01 3.864525e-01 0.000000e+00
 0.000000e+00 0.000000e+00 0.000000e+00 5.055471e-01 4.944529e-01
 0.000000e+00 0.000000e+00 0.000000e+00 0.000000e+00 0.000000e+00
<ENDHMM>
~h "C"
<BEGINHMM>
<NUMSTATES> 5
<STATE> 2
<MEAN> 25
 -3.789937e-01 6.332232e+00 3.481467e+00 3.857848e+00 2.122560e-01 -5.758378e+00 3.497711e-01 1.189820e-01 1.798503e-01 -7.041289e-01 -1.156472e+00 2.094092e+00 -1.492422e+00 2.479065e-01 -6.739115e-01 -1.065963e-01 8.395060e-01 1.657977e-01 6.355029e-01 -2.472588e-01 2.006830e-01 4.653750e-02 6.690921e-02 1.330714e-01 -2.004205e+00
<VARIANCE> 25
 2.874670e+01 3.774430e+01 3.896611e+01 2.765392e+01 4.107536e+01 4.163712e+01 4.874332e+01 4.321828e+01 3.841454e+01 2.921964e+01 2.903996e+01 2.472528e+01 4.405161e+00 5.454236e+00 3.301064e+00 3.456335e+00 4.281379e+00 3.200273e+00 3.893679e+00 3.444405e+00 3.230513e+00 2.847549e+00 2.636725e+00 2.620016e+00 9.372643e+00
<GCONST> 1.058326e+02
<STATE> 3
<MEAN> 25
 -1.499056e+01 2.819839e+00 -1.899429e+00 -1.360705e+00 4.355857e+00 -2.744825e+00 2.969007e+00 -3.632275e-01 9.815880e-01 9.394484e-01 1.639701e+00 3.782945e+00 -2.977484e+00 -5.030792e-01 -4.897337e-01 -1.367530e+00 -1.354440e-01 -4.088476e-02 1.551222e-01 3.064506e-01 2.665200e-01 1.879202e-01 5.952067e-01 6.062856e-01 4.607676e+00
<VARIANCE> 25
 4.976858e+01 3.047344e+01 3.214708e+01 3.269968e+01 3.350174e+01 3.749076e+01 3.562218e+01 3.104659e+01 2.546488e+01 2.238591e+01 2.135020e+01 1.785703e+01 6.333397e+00 3.517234e+00 4.152225e+00 3.278780e+00 4.054965e+00 3.957322e+00 3.787883e+00 3.450849e+00 2.992468e+00 2.479227e+00 2.474548e+00 1.901032e+00 7.447672e+00
<GCONST> 1.032831e+02
<STATE> 4
<MEAN> 25
 -1.154047e+01 2.202113e+00 1.848534e+00 -2.096229e+00 -1.353259e+00 -5.901474e+00 6.743933e-01 1.743720e+00 1.593525e+00 -9.709212e-01 5.366526e-01 3.986940e+00 5.157368e+00 -1.475059e+00 1.479407e+00 3.339425e-01 -2.186498e+00 -8.137726e-01 -1.875668e+00 8.959352e-01 4.440968e-01 -6.259933e-01 -7.906514e-01 -1.078171e+00 2.238387e+00
<VARIANCE> 25
 9.128432e+01 3.030811e+01 3.532143e+01 3.112090e+01 3.793827e+01 3.870630e+01 5.362566e+01 3.725708e+01 3.149755e+01 2.406655e+01 2.683797e+01 1.859621e+01 4.158301e+00 5.953530e+00 5.571634e+00 4.490623e+00 4.909566e+00 4.689980e+00 4.789004e+00 7.471327e+00 5.815997e+00 3.649262e+00 3.524483e+00 2.818634e+00 2.420796e+00
<GCONST> 1.079880e+02
<TRANSP> 5
 0.000000e+00 1.000000e+00 0.000000e+00 0.000000e+00 0.000000e+00
 0.000000e+00 7.964255e-01 2.035745e-01 0.000000e+00 0.000000e+00
 0.000000e+00 0.000000e+00 7.351389e-01 2.648611e-01 0.000000e+00
 0.000000e+00 0.000000e+00 0.000000e+00 6.464059e-01 3.535941e-01
 0.000000e+00 0.000000e+00 0.000000e+00 0.000000e+00 0.000000e+00
<ENDHMM>
~h "D"
<BEGINHMM>
<NUMSTATES> 5
<STATE> 2
<MEAN> 25
 7.455897e+00 4.918075e+00 6.809840e+00 7.075484e+00 -8.251604e-01 -3.158040e+00 -2.588096e+00 -2.065876e-01 1.541104e+00 -1.017463e+00 -4.147415e+00 -1.228629e+00 9.396343e-01 1.354153e+00 9.378154e-01 1.046049e+00 7.324508e-01 -3.658344e-01 1.695635e-01 -5.929392e-02 2.367871e-01 -1.648943e-01 -6.289493e-01 -1.785425e-01 -1.191425e+00
<VARIANCE> 25
 4.125651e+01 5.276886e+01 3.714515e+01 3.441565e+01 5.077361e+01 3.691111e+01 5.445472e+01 6.855288e+01 4.444925e+01 3.936979e+01 3.977784e+01 3.018810e+01 2.920548e+00 3.273428e+00 2.836779e+00 3.086953e+00 4.170952e+00 3.084255e+00 3.953164e+00 5.383266e+00 3.666130e+00 3.054394e+00 3.444689e+00 2.559294e+00 6.907504e+00
<GCONST> 1.076696e+02
<STATE> 3
<MEAN> 25
 8.784283e+00 7.058443e+00 9.267845e+00 8.583370e+00 9.716412e-01 -3.717840e+00 -2.032115e+00 1.336638e-01 1.525503e+00 -1.157950e+00 -4.473723e+00 -1.217166e+00 -2.080668e+00 -2.428746e+00 5.824518e-02 -1.835057e+00 -4.464462e-01 -2.769282e-01 -5.818382e-01 6.741592e-01 -6.231380e-01 -1.422311e-01 1.712361e+00 1.331926e+00 3.784859e+00
<VARIANCE> 25
 2.840233e+01 3.191153e+01 2.891820e+01 2.983394e+01 3.646970e+01 3.414752e+01 4.438782e+01 5.205909e+01 3.951357e+01 3.738741e+01 3.143217e+01 2.941842e+01 2.530698e+00 3.159411e+00 3.719935e+00 3.551596e+00 5.603834e+00 4.368191e+00 5.124157e+00 7.483374e+00 5.780913e+00 4.072212e+00 3.609923e+00 3.045144e+00 5.016351e+00
<GCONST> 1.071895e+02
<STATE> 4
<MEAN> 25
 2.228005e+00 -2.908276e+00 7.306917e+00 9.109090e-01 -4.100881e+00 -5.263992e+00 -5.598478e+00 3.400746e+00 9.228308e-01 -1.071822e+00 1.603718e+00 3.256177e+00 -1.156119e+00 -2.474823e+00 -9.023460e-01 -2.296513e+00 -2.808354e+00 -2.593856e-01 -1.257806e+00 1.570181e+00 3.631702e-01 1.472087e-01 1.628273e+00 6.107911e-02 4.747826e+00
<VARIANCE> 25
 1.854028e+01 2.733551e+01 3.926182e+01 3.594150e+01 6.741396e+01 4.626436e+01 7.665575e+01 5.823024e+01 5.717161e+01 2.847346e+01 2.862391e+01 2.524151e+01 3.188040e+00 3.490910e+00 6.208541e+00 4.667918e+00 5.717597e+00 4.472042e+00 6.445220e+00 1.187983e+01 9.052900e+00 4.647957e+00 5.838479e+00 3.938725e+00 4.771469e+00
<GCONST> 1.116472e+02
<TRANSP> 5
 0.000000e+00 1.000000e+00 0.000000e+00 0.000000e+00 0.000000e+00
 0.000000e+00 7.488285e-01 2.511716e-01 0.000000e+00 0.000000e+00
 0.000000e+00 0.000000e+00 4.548389e-01 5.451611e-01 0.000000e+00
 0.000000e+00 0.000000e+00 0.000000e+00 4.034798e-01 5.965202e-01
 0.000000e+00 0.000000e+00 0.000000e+00 0.000000e+00 0.000000e+00
<ENDHMM>
~h "E"
<BEGINHMM>
<NUMSTATES> 5
<STATE> 2
<MEAN> 25
 2.946573e+00 -7.600868e+00 4.259296e+00 -1.364067e+00 -9.119939e+00 -6.429437e+00 -1.187793e+00 6.828496e+00 1.614594e-01 -1.779023e-01 2.076251e+00 -1.057418e+00 3.982442e-01 -1.751776e+00 1.251916e+00 -1.213525e+00 -2.506928e+00 -4.927884e-01 6.150484e-01 2.188547e+00 -4.167520e-01 -3.558246e-01 7.303755e-01 -2.164344e-01 2.847787e+00
<VARIANCE> 25
 2.600325e+01 4.312089e+01 4.823995e+01 3.586856e+01 5.538649e+01 4.344845e+01 6.482536e+01 5.812355e+01 5.241993e+01 3.982873e+01 4.881439e+01 3.025601e+01 3.817468e+00 3.853741e+00 3.739524e+00 3.497672e+00 4.968055e+00 4.576323e+00 6.370536e+00 6.441858e+00 5.630144e+00 4.730492e+00 4.446837e+00 3.230559e+00 7.167622e+00
<GCONST> 1.114017e+02
<STATE> 3
<MEAN> 25
 2.472808e+00 -8.607115e+00 8.685027e+00 -4.740651e+00 -1.465195e+01 -6.348723e+00 1.246711e+00 8.338712e+00 -2.088974e+00 9.381373e-01 5.230411e+00 -1.449635e+00 -6.434371e-02 1.663092e-01 6.225721e-02 -7.262683e-02 -4.998833e-03 -2.316337e-03 2.815200e-01 -1.107379e-01 -1.502926e-01 1.364346e-01 -3.296223e-02 -8.445205e-02 -4.793732e-02
<VARIANCE> 25
 7.608295e+00 2.705246e+01 4.108117e+01 2.481620e+01 3.137472e+01 3.685061e+01 4.941206e+01 5.060857e+01 4.484170e+01 4.416338e+01 4.457590e+01 2.655660e+01 3.283865e-01 7.314327e-01 9.675572e-01 9.734667e-01 1.185329e+00 1.150767e+00 1.568860e+00 1.494129e+00 1.463772e+00 1.290365e+00 1.347244e+00 9.032800e-01 7.846502e-01
<GCONST> 8.801160e+01
<STATE> 4
<MEAN> 25
 1.841003e+00 -3.559182e+00 5.847004e+00 -6.712289e-01 -1.036963e+01 -7.471859e+00 3.081423e+00 4.258281e+00 -1.610803e+00 8.520105e-01 2.485603e+00 -7.107686e-01 1.978478e-02 8.813758e-01 -5.740449e-01 7.585435e-01 1.195501e+00 1.663128e-01 -1.337640e-01 -6.815697e-01 2.547570e-01 -6.490856e-02 -5.643361e-01 1.149723e-01 -1.861305e+00
<VARIANCE> 25
 1.736277e+01 4.310672e+01 4.925401e+01 3.149802e+01 4.577687e+01 4.804387e+01 5.527423e+01 5.824412e+01 4.964404e+01 4.172753e+01 4.807313e+01 2.883883e+01 1.313783e+00 2.015641e+00 1.878038e+00 2.069633e+00 2.908131e+00 2.562626e+00 3.586778e+00 3.021588e+00 2.910050e+00 2.655138e+00 2.425626e+00 1.955871e+00 3.205665e+00
<GCONST> 1.020447e+02
<TRANSP> 5
 0.000000e+00 1.000000e+00 0.000000e+00 0.000000e+00 0.000000e+00
 0.000000e+00 6.445533e-01 3.554467e-01 0.000000e+00 0.000000e+00
 0.000000e+00 0.000000e+00 8.350455e-01 1.649545e-01 0.000000e+00
 0.000000e+00 0.000000e+00 0.000000e+00 7.686018e-01 2.313983e-01
 0.000000e+00 0.000000e+00 0.000000e+00 0.000000e+00 0.000000e+00
<ENDHMM>
~h "F"
<BEGINHMM>
<NUMSTATES> 5
<STATE> 2
<MEAN> 25
 -2.019085e+00 2.248183e+00 -2.425029e-01 3.509693e+00 3.466317e+00 5.280655e-01 1.761360e+00 -5.340164e-01 -1.745160e-01 5.469006e-01 -1.666755e-01 1.151263e+00 -3.354836e+00 7.152751e-03 -4.229473e-01 1.335642e+00 1.005542e+00 -5.019926e-01 5.069443e-01 3.411669e-01 9.495520e-01 -6.693557e-02 7.429851e-03 5.897919e-01 -9.644203e-01
<VARIANCE> 25
 4.757933e+01 2.529970e+01 3.894574e+01 4.169391e+01 3.782527e+01 5.072477e+01 3.428867e+01 3.549952e+01 3.212848e+01 2.723478e+01 2.813227e+01 2.332800e+01 3.577884e+00 4.450791e+00 4.427646e+00 4.855573e+00 5.797664e+00 5.246609e+00 4.376967e+00 4.637986e+00 4.064852e+00 3.630477e+00 3.455447e+00 2.718699e+00 2.954869e+00
<GCONST> 1.066340e+02
<STATE> 3
<MEAN> 25
 -1.328173e+01 -2.367393e+00 -3.559808e+00 4.159194e+00 2.892261e+00 -1.399588e+00 1.000913e+00 6.607872e-01 2.038163e+00 1.352807e+00 1.094415e+00 3.214570e+00 -6.498070e-01 -5.293674e-01 -3.642401e-01 -1.120749e-01 -8.826120e-02 -5.377134e-02 -3.853597e-02 4.100217e-02 7.687230e-02 7.320549e-02 1.125063e-01 1.190856e-01 -1.158055e-01
<VARIANCE> 25
 1.977384e+01 2.155653e+01 2.406461e+01 2.031189e+01 2.473619e+01 2.763847e+01 2.590245e+01 2.628261e+01 2.330450e+01 2.205366e+01 2.034576e+01 1.863785e+01 1.656098e+00 1.159504e+00 1.394338e+00 1.376435e+00 1.549005e+00 1.710126e+00 1.740070e+00 1.716514e+00 1.701240e+00 1.654120e+00 1.529707e+00 1.413706e+00 1.280674e+00
<GCONST> 8.885090e+01
<STATE> 4
<MEAN> 25
 -8.975280e+00 -3.063514e+00 -4.595398e+00 2.538291e+00 3.270398e+00 -5.961088e-01 1.655417e+00 5.470088e-01 1.437319e+00 1.098650e+00 1.162151e+00 2.347085e+00 2.710411e+00 5.286950e-01 2.072308e-01 -8.110787e-01 -5.047178e-01 3.242902e-01 -1.241636e-01 -2.732661e-01 -4.488947e-01 -2.473409e-01 -5.734409e-02 -6.214429e-01 3.600121e-01
<VARIANCE> 25
 4.648440e+01 2.780556e+01 2.996660e+01 3.087171e+01 3.214738e+01 3.136614e+01 2.817710e+01 2.976016e+01 2.682978e+01 2.394316e+01 2.196315e+01 2.012830e+01 8.029977e+00 3.301350e+00 3.644927e+00 4.676140e+00 3.369943e+00 4.243454e+00 3.153086e+00 3.261266e+00 2.970775e+00 2.835871e+00 2.480212e+00 2.637708e+00 6.084020e+00
<GCONST> 1.030648e+02
<TRANSP> 5
 0.000000e+00 1.000000e+00 0.000000e+00 0.000000e+00 0.000000e+00
 0.000000e+00 6.901718e-01 3.098281e-01 0.000000e+00 0.000000e+00
 0.000000e+00 0.000000e+00 8.500581e-01 1.499418e-01 0.000000e+00
 0.000000e+00 0.000000e+00 0.000000e+00 7.287150e-01 2.712849e-01
 0.000000e+00 0.000000e+00 0.000000e+00 0.000000e+00 0.000000e+00
<ENDHMM>
~h "G"
<BEGINHMM>
<NUMSTATES> 5
<STATE> 2
<MEAN> 25
 8.174686e+00 5.577399e+00 7.219882e+00 4.356134e+00 -2.319044e+00 -3.393404e+00 -2.072115e+00 -9.660127e-01 -3.338636e+00 2.798802e+00 -6.879934e-01 -3.299272e+00 4.390291e-01 1.460720e+00 7.639019e-01 1.185714e+00 4.724214e-01 -3.908556e-01 7.691458e-01 -3.945500e-01 -1.905767e-01 -1.976683e-01 -3.472765e-01 6.404293e-02 -1.960799e+00
<VARIANCE> 25
 2.474977e+01 4.781113e+01 4.228313e+01 3.973512e+01 5.504470e+01 4.940254e+01 6.150748e+01 5.729101e+01 4.728818e+01 4.095130e+01 3.961603e+01 3.339197e+01 2.465768e+00 2.623623e+00 3.312976e+00 3.242290e+00 4.602028e+00 3.836020e+00 4.084929e+00 4.352376e+00 4.886113e+00 3.259340e+00 3.176247e+00 2.837928e+00 5.049654e+00
<GCONST> 1.078574e+02
<STATE> 3
<MEAN> 25
 3.581452e+00 5.496062e+00 5.193789e+00 6.733994e+00 2.421549e+00 -3.771327e+00 3.487084e-01 -1.442095e+00 -3.290054e+00 2.243858e+00 -1.936382e+00 2.130747e-03 -2.355886e+00 -2.206241e+00 -1.852305e+00 -7.656321e-01 1.186412e+00 -7.245415e-01 -8.791203e-01 8.064091e-01 -1.652495e-01 1.210065e-01 3.856661e-01 1.332459e+00 3.623454e+00
<VARIANCE> 25
 4.820562e+01 5.726611e+01 6.841646e+01 3.266648e+01 7.156107e+01 5.021425e+01 4.853377e+01 4.335535e+01 4.078493e+01 3.084577e+01 2.833199e+01 3.284694e+01 3.010558e+00 4.116423e+00 6.254856e+00 3.992805e+00 8.742188e+00 5.575936e+00 5.219175e+00 5.530418e+00 5.270250e+00 3.860786e+00 4.391821e+00 3.283840e+00 4.945217e+00
<GCONST> 1.116581e+02
<STATE> 4
<MEAN> 25
 1.347232e+00 -5.288468e-01 3.146281e+00 1.243401e+00 -3.839862e+00 -7.275181e+00 -5.036454e+00 2.921074e+00 -2.570913e+00 3.120915e+00 2.986260e+00 6.523638e-01 3.479390e-01 -1.222949e+00 -6.918234e-02 -2.267234e+00 -2.581699e+00 2.413518e-01 -9.589528e-01 1.620533e+00 1.039980e+00 2.066595e-02 1.140467e+00 -8.174111e-01 2.631243e+00
<VARIANCE> 25
 1.939519e+01 2.965597e+01 6.126659e+01 3.163259e+01 9.175666e+01 5.629940e+01 6.300421e+01 5.418135e+01 4.951764e+01 3.685334e+01 4.529208e+01 2.942379e+01 2.568818e+00 2.902390e+00 5.438544e+00 3.454403e+00 8.066092e+00 4.400445e+00 5.213832e+00 6.711555e+00 6.996673e+00 3.730669e+00 5.460807e+00 3.620444e+00 2.495953e+00
<GCONST> 1.104882e+02
<TRANSP> 5
 0.000000e+00 1.000000e+00 0.000000e+00 0.000000e+00 0.000000e+00
 0.000000e+00 7.409514e-01 2.590486e-01 0.000000e+00 0.000000e+00
 0.000000e+00 0.000000e+00 6.007451e-01 3.992548e-01 0.000000e+00
 0.000000e+00 0.000000e+00 0.000000e+00 5.198554e-01 4.801446e-01
 0.000000e+00 0.000000e+00 0.000000e+00 0.000000e+00 0.000000e+00
<ENDHMM>
~h "H"
<BEGINHMM>
<NUMSTATES> 5
<STATE> 2
<MEAN> 25
 7.725296e-01 -2.249300e+00 -1.797636e+00 1.142469e+00 7.038927e+00 3.818992e+00 3.187778e+00 2.256278e+00 8.046472e-02 -6.870731e-01 -3.134034e+00 4.754241e-01 -1.169161e+00 -1.216786e-01 1.645823e-01 1.071752e+00 1.674455e+00 5.423313e-01 9.766712e-01 2.807184e-01 4.783453e-01 -2.195920e-01 2.295690e-02 7.092608e-01 -8.952213e-01
<VARIANCE> 25
 2.400117e+01 3.721598e+01 4.957157e+01 4.543073e+01 6.508607e+01 5.521643e+01 5.048820e+01 5.106859e+01 4.516288e+01 4.066582e+01 4.377192e+01 3.481370e+01 1.865794e+00 3.690069e+00 4.117594e+00 3.689837e+00 4.106334e+00 3.832760e+00 3.900856e+00 4.234831e+00 3.641993e+00 3.423138e+00 3.526998e+00 2.976769e+00 2.262863e+00
<GCONST> 1.072498e+02
<STATE> 3
<MEAN> 25
 -3.124495e+00 -4.588163e+00 -2.936393e+00 1.515457e+00 9.155365e+00 4.571248e+00 4.411506e+00 2.982081e+00 2.315115e+00 -5.225544e-01 -2.101077e+00 1.908576e+00 -3.900407e-01 -2.084085e-01 -2.797749e-01 -3.323026e-01 -3.448058e-01 -3.280190e-01 -1.687743e-01 -1.853557e-01 2.018856e-02 3.219755e-02 2.029595e-01 1.262660e-01 -8.806387e-01
<VARIANCE> 25
 3.031229e+01 4.084203e+01 4.986802e+01 4.518089e+01 6.449029e+01 5.391337e+01 5.597631e+01 4.658601e+01 4.398634e+01 4.353963e+01 3.886075e+01 3.254133e+01 1.785995e+00 2.927965e+00 2.681259e+00 2.705668e+00 3.185204e+00 3.159580e+00 3.306062e+00 3.234942e+00 2.882630e+00 2.741118e+00 2.673228e+00 2.283388e+00 3.875666e+00
<GCONST> 1.050538e+02
<STATE> 4
<MEAN> 25
 -3.848176e+00 -6.087002e+00 -5.349854e+00 -1.881333e-01 6.727478e+00 2.329741e+00 2.617389e+00 1.261509e+00 1.284300e+00 -1.053969e+00 -1.367427e+00 1.398230e+00 3.412474e-01 3.084388e-01 5.351748e-03 -7.114528e-02 -3.425730e-01 -8.270372e-02 -8.058146e-02 -1.820660e-01 -1.305724e-01 -3.390702e-03 2.239585e-03 -1.936996e-01 -1.811765e-01
<VARIANCE> 25
 3.042584e+01 4.882792e+01 4.149348e+01 3.211995e+01 4.516816e+01 4.012738e+01 3.995680e+01 3.724872e+01 3.571475e+01 3.226333e+01 3.229561e+01 2.681646e+01 1.764197e+00 2.038480e+00 1.878790e+00 1.701845e+00 2.000275e+00 2.025652e+00 2.214908e+00 2.139717e+00 2.161140e+00 1.989130e+00 1.902712e+00 1.890251e+00 2.291173e+00
<GCONST> 9.803154e+01
<TRANSP> 5
 0.000000e+00 1.000000e+00 0.000000e+00 0.000000e+00 0.000000e+00
 0.000000e+00 5.056729e-01 4.943271e-01 0.000000e+00 0.000000e+00
 0.000000e+00 0.000000e+00 5.978318e-01 4.021682e-01 0.000000e+00
 0.000000e+00 0.000000e+00 0.000000e+00 7.795271e-01 2.204729e-01
 0.000000e+00 0.000000e+00 0.000000e+00 0.000000e+00 0.000000e+00
<ENDHMM>
~h "I"
<BEGINHMM>
<NUMSTATES> 5
<STATE> 2
<MEAN> 25
 -5.648155e-01 1.726833e+00 1.306347e+01 2.323007e+00 -8.848215e+00 -5.746578e+00 -3.204819e+00 -2.663907e+00 -7.118426e+00 -1.154643e+00 3.802331e+00 5.612780e-01 4.972147e-01 7.014215e-02 3.071441e+00 -4.955477e-01 -3.136950e+00 2.471950e-01 -1.518797e+00 -6.146544e-01 -1.993318e+00 -1.222688e-01 1.383791e+00 -5.008932e-01 1.950673e+00
<VARIANCE> 25
 3.052084e+01 3.822387e+01 4.869298e+01 3.715216e+01 5.220307e+01 4.548415e+01 5.295552e+01 5.460284e+01 4.595179e+01 3.739215e+01 3.395370e+01 2.747096e+01 5.951355e+00 3.188902e+00 4.617780e+00 4.451886e+00 4.520813e+00 5.168868e+00 6.674810e+00 6.207848e+00 5.548151e+00 4.937159e+00 3.871247e+00 3.456996e+00 4.566092e+00
<GCONST> 1.108035e+02
<STATE> 3
<MEAN> 25
 -5.750275e-01 3.489311e+00 1.919933e+01 -7.752112e-01 -1.432428e+01 -1.300768e+00 -7.436805e+00 -5.053224e+00 -9.769689e+00 -6.008986e-01 5.683907e+00 -1.635921e+00 4.605643e-02 1.247866e-01 4.847412e-02 -1.718834e-01 -2.399463e-01 1.558961e-01 -3.119443e-02 -6.749889e-02 1.701453e-03 1.901834e-01 2.961710e-02 -8.184280e-02 -5.142282e-02
<VARIANCE> 25
 1.089538e+01 2.617377e+01 2.865663e+01 3.624757e+01 2.566881e+01 4.453747e+01 3.603650e+01 4.464892e+01 3.852573e+01 5.125968e+01 3.832018e+01 3.258530e+01 5.568302e-01 1.266615e+00 1.433142e+00 1.405750e+00 1.718244e+00 2.055485e+00 2.032090e+00 2.267497e+00 1.767309e+00 1.664482e+00 1.521351e+00 1.288380e+00 9.098497e-01
<GCONST> 9.248717e+01
<STATE> 4
<MEAN> 25
 7.175118e-01 4.687521e+00 1.348726e+01 2.133308e+00 -9.551174e+00 -4.267157e+00 -2.085948e+00 -4.129914e+00 -6.670923e+00 2.409549e-02 3.023153e+00 -1.902052e-01 2.463422e-01 2.327730e-01 -1.566378e+00 5.762267e-01 1.517245e+00 -3.097332e-01 8.217526e-01 4.027579e-01 9.729949e-01 -5.426523e-02 -7.152714e-01 2.625351e-01 -1.906798e+00
<VARIANCE> 25
 1.863281e+01 3.638831e+01 3.890574e+01 3.666984e+01 5.042694e+01 5.962651e+01 4.463384e+01 5.395187e+01 4.134144e+01 4.132204e+01 4.243017e+01 3.100902e+01 2.178521e+00 2.600621e+00 2.502551e+00 2.663964e+00 3.534447e+00 3.361663e+00 3.944123e+00 4.204743e+00 3.761939e+00 3.100996e+00 2.981903e+00 2.396061e+00 3.922651e+00
<GCONST> 1.048546e+02
<TRANSP> 5
 0.000000e+00 1.000000e+00 0.000000e+00 0.000000e+00 0.000000e+00
 0.000000e+00 6.292951e-01 3.707049e-01 0.000000e+00 0.000000e+00
 0.000000e+00 0.000000e+00 7.986925e-01 2.013075e-01 0.000000e+00
 0.000000e+00 0.000000e+00 0.000000e+00 7.821270e-01 2.178730e-01
 0.000000e+00 0.000000e+00 0.000000e+00 0.000000e+00 0.000000e+00
<ENDHMM>
~h "J"
<BEGINHMM>
<NUMSTATES> 5
<STATE> 2
<MEAN> 25
 4.882244e+00 8.795848e+00 9.906175e+00 5.472396e+00 -2.338957e+00 -4.103024e+00 -3.225789e-01 1.465026e+00 -1.236184e+00 -2.752849e+00 -3.565098e-01 1.102319e+00 -5.416552e-02 1.431638e+00 5.505331e-01 3.932092e-01 9.070364e-01 1.007326e-01 9.452721e-01 8.813448e-02 3.403376e-01 -8.842439e-02 -2.706373e-01 -3.230280e-02 -1.406538e+00
<VARIANCE> 25
 3.245802e+01 4.203333e+01 3.572775e+01 2.943599e+01 4.466826e+01 4.414317e+01 5.131704e+01 4.032291e+01 4.033824e+01 3.268539e+01 2.812304e+01 2.696923e+01 4.993087e+00 3.041629e+00 3.127149e+00 2.846657e+00 3.911996e+00 3.230634e+00 4.230907e+00 4.246024e+00 3.866164e+00 2.953492e+00 2.574446e+00 2.491015e+00 5.896848e+00
<GCONST> 1.055605e+02
<STATE> 3
<MEAN> 25
 -7.227685e+00 9.713709e+00 8.384421e+00 3.364850e+00 3.469026e+00 -2.794168e+00 2.187135e+00 -1.074169e+00 -1.537597e+00 -1.047791e+00 7.342781e-01 3.100318e+00 -1.863825e+00 -1.197678e+00 2.959965e-01 -5.312255e-01 -1.138566e+00 -9.229872e-01 -9.031374e-01 -6.019106e-01 -6.765662e-01 -1.163066e-01 9.744545e-01 1.000330e+00 3.539872e+00
<VARIANCE> 25
 6.851863e+01 3.890147e+01 4.528078e+01 3.229173e+01 4.682215e+01 4.429227e+01 3.403105e+01 3.028339e+01 2.856348e+01 2.138285e+01 2.209303e+01 2.105286e+01 1.301021e+01 3.624361e+00 4.796632e+00 4.029798e+00 1.002861e+01 4.747899e+00 4.182661e+00 3.941901e+00 3.613440e+00 2.691777e+00 2.520411e+00 2.145147e+00 3.509731e+00
<GCONST> 1.069537e+02
<STATE> 4
<MEAN> 25
 -2.904220e-01 5.615177e-01 1.120551e+01 1.014290e+00 -1.056761e+01 -9.045682e+00 -6.060343e+00 2.283756e+00 -2.176968e+00 -2.055525e+00 5.792006e+00 5.108944e+00 2.562895e+00 -3.017522e+00 -1.248147e+00 -1.171006e+00 -2.110437e+00 1.009128e-01 -1.709177e+00 2.416387e+00 1.369074e+00 5.112578e-01 1.619579e-01 -1.185560e+00 1.558465e+00
<VARIANCE> 25
 1.522746e+01 3.040624e+01 2.537833e+01 3.887653e+01 2.859684e+01 2.197355e+01 3.364228e+01 5.445308e+01 4.332969e+01 2.761838e+01 2.428050e+01 2.019764e+01 2.611749e+00 2.746927e+00 4.741526e+00 2.930682e+00 7.843887e+00 3.660263e+00 6.110182e+00 6.846589e+00 5.235665e+00 3.160170e+00 4.637928e+00 3.073404e+00 1.238797e+00
<GCONST> 1.035882e+02
<TRANSP> 5
 0.000000e+00 1.000000e+00 0.000000e+00 0.000000e+00 0.000000e+00
 0.000000e+00 8.080006e-01 1.919995e-01 0.000000e+00 0.000000e+00
 0.000000e+00 0.000000e+00 7.700797e-01 2.299203e-01 0.000000e+00
 0.000000e+00 0.000000e+00 0.000000e+00 6.319448e-01 3.680552e-01
 0.000000e+00 0.000000e+00 0.000000e+00 0.000000e+00 0.000000e+00
<ENDHMM>
~h "K"
<BEGINHMM>
<NUMSTATES> 5
<STATE> 2
<MEAN> 25
 -5.388173e-01 3.442846e+00 -1.313969e+00 1.433803e+00 1.520077e+00 -2.511254e+00 1.324004e+00 -6.980677e-01 -1.544650e-01 1.657230e+00 -9.448240e-01 2.572469e-01 -1.152271e+00 -2.059571e-01 -6.269518e-01 3.322993e-01 6.651244e-01 -2.692715e-01 2.159861e-01 1.981056e-01 2.454265e-01 -4.417712e-02 -6.060844e-02 5.673691e-01 -1.216806e+00
<VARIANCE> 25
 3.594574e+01 3.290831e+01 4.024302e+01 3.660337e+01 4.465735e+01 4.721021e+01 4.436977e+01 4.622974e+01 4.043143e+01 3.562197e+01 3.405461e+01 3.081218e+01 2.478953e+00 4.170221e+00 3.724162e+00 3.384932e+00 4.533591e+00 4.111818e+00 4.009680e+00 3.832675e+00 3.585056e+00 3.210289e+00 2.955746e+00 2.551467e+00 9.127792e+00
<GCONST> 1.070285e+02
<STATE> 3
<MEAN> 25
 -5.060092e+00 -2.235786e+00 -6.088023e+00 1.265118e+00 5.337820e+00 -3.624939e+00 1.385183e-01 1.080914e+00 -6.214914e-02 2.612709e+00 -1.217330e+00 2.865835e+00 -9.094904e-01 -2.280715e+00 -2.386706e+00 -9.270687e-01 1.367161e+00 -8.057539e-01 -1.108400e+00 9.086792e-01 2.885543e-02 9.125295e-01 -5.602877e-01 2.935551e-01 5.150678e+00
<VARIANCE> 25
 2.854498e+01 6.060127e+01 6.778874e+01 4.740536e+01 5.602882e+01 5.605079e+01 5.426900e+01 4.371892e+01 4.107268e+01 3.366253e+01 3.049626e+01 2.914694e+01 3.746040e+00 4.917987e+00 6.600571e+00 5.473243e+00 6.106759e+00 6.220857e+00 5.667197e+00 5.340535e+00 5.126078e+00 4.444263e+00 4.127503e+00 3.748969e+00 1.125455e+01
<GCONST> 1.131572e+02
<STATE> 4
<MEAN> 25
 -3.636678e+00 -3.387855e+00 -7.957816e+00 -2.084677e+00 4.736080e+00 -4.384151e+00 -1.482160e+00 2.742965e+00 2.292822e-01 3.794176e+00 -2.636909e+00 5.440989e-01 1.940495e+00 2.606042e-01 1.276946e+00 -1.089378e+00 -1.746459e+00 5.225732e-01 1.104365e-02 3.247575e-01 -4.861743e-02 -4.717359e-01 2.529753e-01 -1.491673e+00 2.928973e+00
<VARIANCE> 25
 3.689966e+01 3.940304e+01 6.216526e+01 5.051819e+01 5.975411e+01 6.272387e+01 5.246118e+01 4.656893e+01 4.886398e+01 3.887669e+01 3.647776e+01 3.977745e+01 4.490067e+00 4.928318e+00 6.172273e+00 5.141036e+00 5.473198e+00 5.393292e+00 5.835936e+00 5.425106e+00 5.182340e+00 4.053341e+00 4.112994e+00 4.604934e+00 8.700353e+00
<GCONST> 1.136842e+02
<TRANSP> 5
 0.000000e+00 1.000000e+00 0.000000e+00 0.000000e+00 0.000000e+00
 0.000000e+00 6.906584e-01 3.093416e-01 0.000000e+00 0.000000e+00
 0.000000e+00 0.000000e+00 5.208748e-01 4.791252e-01 0.000000e+00
 0.000000e+00 0.000000e+00 0.000000e+00 5.486742e-01 4.513258e-01
 0.000000e+00 0.000000e+00 0.000000e+00 0.000000e+00 0.000000e+00
<ENDHMM>
~h "L"
<BEGINHMM>
<NUMSTATES> 5
<STATE> 2
<MEAN> 25
 6.432081e+00 -4.967253e+00 -1.859953e-01 -5.033811e+00 -3.321096e+00 1.845240e+00 -7.861207e+00 -4.419325e+00 4.611263e+00 4.045105e+00 9.513050e-01 -2.497147e+00 6.883719e-01 1.133066e-01 8.059322e-01 -6.192924e-01 4.663507e-01 5.948923e-02 -1.676850e+00 -1.404187e+00 2.181379e-01 1.253793e+00 3.378720e-01 -1.560763e-01 -3.508677e-01
<VARIANCE> 25
 2.052675e+01 2.928228e+01 5.651830e+01 6.343372e+01 5.013383e+01 7.235489e+01 6.870034e+01 9.285126e+01 6.242035e+01 4.964581e+01 5.131596e+01 4.215027e+01 1.272698e+00 2.254948e+00 3.390302e+00 4.955471e+00 5.631768e+00 6.263915e+00 4.810132e+00 5.684278e+00 5.171108e+00 4.284786e+00 4.756989e+00 3.543307e+00 1.881884e+00
<GCONST> 1.105077e+02
<STATE> 3
<MEAN> 25
 8.153020e+00 -4.578770e+00 1.457590e+00 -7.950879e+00 -2.706825e+00 3.969975e+00 -1.081052e+01 -7.620034e+00 4.256889e+00 6.919259e+00 2.947140e+00 -2.716595e+00 -2.758498e-02 2.314499e-01 1.005074e-01 -2.902159e-01 3.179261e-01 -3.787033e-02 -2.642634e-01 -1.786709e-03 -1.223648e-01 6.537617e-02 5.679863e-02 4.956657e-02 -1.549823e-01
<VARIANCE> 25
 1.224133e+01 2.585873e+01 4.888298e+01 7.212302e+01 4.694682e+01 5.857268e+01 7.098010e+01 7.320452e+01 5.697054e+01 4.677393e+01 4.544212e+01 4.055925e+01 4.389437e-01 9.643328e-01 1.907556e+00 2.488923e+00 1.841592e+00 2.734207e+00 2.618194e+00 3.566837e+00 2.898819e+00 2.355031e+00 2.388092e+00 1.955547e+00 7.269897e-01
<GCONST> 9.944599e+01
<STATE> 4
<MEAN> 25
 6.235663e+00 -2.434434e+00 -2.951675e-01 -7.011298e+00 3.498991e-01 2.321036e+00 -8.175321e+00 -4.459717e+00 3.389485e+00 4.984487e+00 2.807693e-01 -2.164036e+00 -6.560518e-01 -1.922906e-01 -5.702773e-01 7.751712e-01 -4.877203e-02 -1.599575e-01 1.306222e+00 1.289141e+00 -4.813693e-03 -1.013513e+00 -7.724342e-01 3.585545e-03 -9.000531e-02
<VARIANCE> 25
 1.900429e+01 3.562376e+01 6.547002e+01 7.713869e+01 5.365766e+01 6.304890e+01 8.314574e+01 7.294656e+01 5.757379e+01 5.499231e+01 5.327714e+01 4.378040e+01 9.304127e-01 2.851164e+00 3.203405e+00 3.856149e+00 3.980923e+00 4.494440e+00 4.472069e+00 5.627954e+00 4.647238e+00 3.924122e+00 4.520908e+00 3.223883e+00 3.058329e+00
<GCONST> 1.099436e+02
<TRANSP> 5
 0.000000e+00 1.000000e+00 0.000000e+00 0.000000e+00 0.000000e+00
 0.000000e+00 5.086052e-01 4.913948e-01 0.000000e+00 0.000000e+00
 0.000000e+00 0.000000e+00 6.413474e-01 3.586526e-01 0.000000e+00
 0.000000e+00 0.000000e+00 0.000000e+00 5.364939e-01 4.635061e-01
 0.000000e+00 0.000000e+00 0.000000e+00 0.000000e+00 0.000000e+00
<ENDHMM>
~h "M"
<BEGINHMM>
<NUMSTATES> 5
<STATE> 2
<MEAN> 25
 7.796596e+00 -8.674013e-01 1.102784e+00 -4.848558e-01 -7.556327e-01 5.142297e+00 -1.485383e+00 -5.681527e+00 -5.703254e+00 -2.243676e-01 1.066909e+00 -2.848029e+00 6.852323e-01 1.167920e+00 1.970816e+00 2.054520e+00 9.741143e-02 4.212853e-01 3.892477e-01 -2.517398e+00 -2.757531e+00 -3.481214e-01 -4.433669e-01 3.130696e-01 -7.481956e-01
<VARIANCE> 25
 2.767675e+01 3.652206e+01 4.232180e+01 5.977970e+01 4.084103e+01 5.113182e+01 5.165945e+01 5.619382e+01 5.817602e+01 3.910564e+01 5.105025e+01 3.890612e+01 2.390628e+00 2.641634e+00 3.463697e+00 4.238427e+00 3.701528e+00 4.261805e+00 5.175528e+00 4.875479e+00 5.434205e+00 4.315182e+00 6.200730e+00 4.244248e+00 5.779609e+00
<GCONST> 1.103382e+02
<STATE> 3
<MEAN> 25
 8.640448e+00 8.887780e-01 5.983685e+00 3.743926e+00 -1.334467e+00 5.782930e+00 -1.332286e+00 -1.038390e+01 -1.135791e+01 -1.259434e+00 -5.403198e-01 -1.835645e+00 -1.346953e-02 1.676993e-01 3.214022e-01 2.477385e-01 8.342868e-02 1.918396e-01 2.019564e-01 -2.545900e-01 -3.822879e-01 -2.054600e-01 -2.707180e-01 1.719378e-01 -7.093202e-02
<VARIANCE> 25
 9.930142e+00 2.026985e+01 2.332555e+01 3.299458e+01 3.980235e+01 6.145038e+01 6.053297e+01 4.810658e+01 4.735864e+01 5.515999e+01 6.181893e+01 4.262785e+01 4.451426e-01 9.874730e-01 9.756875e-01 1.349578e+00 1.427637e+00 1.695685e+00 1.645792e+00 1.919765e+00 2.120912e+00 1.908565e+00 2.297234e+00 1.572670e+00 1.350873e+00
<GCONST> 9.389217e+01
<STATE> 4
<MEAN> 25
 7.418012e+00 1.308370e+00 5.079301e+00 2.049339e+00 -6.342266e-01 6.038633e+00 3.588502e-01 -8.139049e+00 -8.916183e+00 -2.768544e+00 -2.278097e+00 -1.140380e+00 -9.650803e-02 -2.979263e-01 -1.203314e+00 -1.292409e+00 -2.249144e-01 -3.201399e-01 -9.537224e-02 1.271543e+00 1.562668e+00 3.094324e-01 5.994200e-01 -1.768146e-01 6.816960e-01
<VARIANCE> 25
 1.660717e+01 2.523385e+01 3.413502e+01 4.023181e+01 5.043552e+01 5.637666e+01 5.516455e+01 5.071336e+01 5.764658e+01 4.389711e+01 5.863470e+01 4.001584e+01 8.897004e-01 1.965232e+00 3.409930e+00 3.964521e+00 2.539009e+00 2.976325e+00 3.107159e+00 3.365265e+00 4.331950e+00 2.903221e+00 3.712675e+00 2.665847e+00 3.024499e+00
<GCONST> 1.041593e+02
<TRANSP> 5
 0.000000e+00 1.000000e+00 0.000000e+00 0.000000e+00 0.000000e+00
 0.000000e+00 6.034485e-01 3.965515e-01 0.000000e+00 0.000000e+00
 0.000000e+00 0.000000e+00 7.438996e-01 2.561004e-01 0.000000e+00
 0.000000e+00 0.000000e+00 0.000000e+00 6.167955e-01 3.832046e-01
 0.000000e+00 0.000000e+00 0.000000e+00 0.000000e+00 0.000000e+00
<ENDHMM>
~h "N"
<BEGINHMM>
<NUMSTATES> 5
<STATE> 2
<MEAN> 25
 7.608304e+00 -3.914148e+00 2.885763e+00 1.753874e+00 -3.812227e+00 -1.938104e+00 -4.991549e+00 -5.522252e-01 1.365836e+00 6.851158e-01 -4.679108e+00 -3.299501e+00 7.148577e-01 2.271671e+00 2.004197e+00 2.108400e+00 -4.837437e-01 -8.497453e-01 1.229351e-01 -3.467905e+00 -8.865818e-01 1.130569e+00 -8.793224e-01 7.363946e-01 -2.299739e+00
<VARIANCE> 25
 1.047499e+01 3.764034e+01 4.197850e+01 3.841525e+01 4.038420e+01 4.606124e+01 4.441778e+01 9.643356e+01 5.571050e+01 4.353258e+01 4.167955e+01 3.642324e+01 7.743962e-01 1.803819e+00 3.428827e+00 2.794152e+00 3.656215e+00 5.187779e+00 5.479120e+00 5.538349e+00 4.849226e+00 4.785863e+00 4.832757e+00 3.404350e+00 9.611464e-01
<GCONST> 1.051741e+02
<STATE> 3
<MEAN> 25
 8.583246e+00 1.658830e+00 7.469411e+00 5.491268e+00 -5.608194e+00 -2.479214e+00 -3.337889e+00 -8.260597e+00 -1.458336e+00 2.806996e+00 -5.893709e+00 -8.583871e-01 6.082590e-02 6.491042e-01 2.368292e-01 3.140124e-01 8.170882e-02 1.135658e-01 2.789231e-01 -3.970508e-01 -3.832070e-01 1.076390e-01 -1.072439e-01 2.873153e-01 -6.976564e-01
<VARIANCE> 25
 8.803864e+00 1.734336e+01 2.621947e+01 2.812339e+01 3.453583e+01 5.261115e+01 5.354260e+01 5.006851e+01 5.209345e+01 4.293539e+01 5.350814e+01 4.345516e+01 3.209719e-01 9.206245e-01 1.066916e+00 1.037233e+00 1.463426e+00 1.669724e+00 1.926967e+00 2.412797e+00 2.017800e+00 1.789337e+00 1.942919e+00 1.536659e+00 6.568744e-01
<GCONST> 9.171132e+01
<STATE> 4
<MEAN> 25
 5.328008e+00 4.483653e+00 5.954720e+00 6.715224e+00 -4.099070e-01 -1.950431e+00 -6.522133e-01 -5.484071e+00 -2.379200e+00 7.432746e-01 -5.851774e+00 2.388473e-01 -8.745087e-01 8.713774e-02 -5.606437e-01 -2.904267e-01 8.554465e-01 1.886997e-01 2.130972e-01 8.830183e-01 1.169956e-01 -5.542657e-01 5.448041e-01 -3.965798e-02 -1.020576e+00
<VARIANCE> 25
 2.724338e+01 3.151945e+01 3.258414e+01 3.471374e+01 4.956796e+01 3.945441e+01 5.347916e+01 5.928986e+01 5.114847e+01 4.761830e+01 4.964222e+01 3.849076e+01 1.529031e+00 2.885139e+00 2.405931e+00 2.720815e+00 3.347043e+00 3.335725e+00 3.810277e+00 4.242978e+00 3.617509e+00 3.180558e+00 3.232074e+00 2.716521e+00 3.937784e+00
<GCONST> 1.052715e+02
<TRANSP> 5
 0.000000e+00 1.000000e+00 0.000000e+00 0.000000e+00 0.000000e+00
 0.000000e+00 6.232518e-01 3.767482e-01 0.000000e+00 0.000000e+00
 0.000000e+00 0.000000e+00 7.661272e-01 2.338728e-01 0.000000e+00
 0.000000e+00 0.000000e+00 0.000000e+00 6.985676e-01 3.014323e-01
 0.000000e+00 0.000000e+00 0.000000e+00 0.000000e+00 0.000000e+00
<ENDHMM>
~h "O"
<BEGINHMM>
<NUMSTATES> 5
<STATE> 2
<MEAN> 25
 6.043705e+00 1.046493e-01 -5.660606e+00 -9.199241e+00 -3.036389e+00 5.532540e+00 -4.210366e+00 -1.731520e+00 5.484495e-01 1.929034e+00 3.479368e+00 -6.194595e-01 1.893800e+00 -4.645303e-01 -7.131641e-01 -3.060621e+00 -1.509145e+00 2.554142e+00 -5.148714e-01 -5.896739e-02 4.519245e-01 8.174003e-02 1.293775e+00 -5.854700e-01 2.276758e+00
<VARIANCE> 25
 3.013344e+01 3.468788e+01 4.566623e+01 8.552763e+01 5.486533e+01 5.741435e+01 7.319476e+01 5.538684e+01 6.005900e+01 5.252012e+01 4.370491e+01 3.494059e+01 4.526690e+00 3.094625e+00 6.595857e+00 6.228207e+00 7.506169e+00 5.505999e+00 5.454989e+00 6.556522e+00 5.479138e+00 5.759114e+00 4.757107e+00 4.042304e+00 5.353938e+00
<GCONST> 1.146592e+02
<STATE> 3
<MEAN> 25
 8.661098e+00 -1.568310e+00 -6.845095e+00 -1.574121e+01 -6.092127e+00 1.266767e+01 -4.003439e+00 -1.866768e+00 1.517612e+00 2.405375e-01 7.097793e+00 -8.298112e-01 1.300557e-01 -8.834076e-02 -2.485104e-01 -9.162925e-01 -7.289255e-02 9.686871e-01 3.656199e-01 5.049985e-02 -1.079615e-01 -3.397803e-01 3.995367e-01 1.507334e-01 2.277590e-01
<VARIANCE> 25
 1.056912e+01 2.847100e+01 2.702498e+01 5.346730e+01 4.243355e+01 3.723103e+01 5.782973e+01 4.965058e+01 4.777775e+01 6.132241e+01 4.012883e+01 3.736024e+01 4.257672e-01 1.237571e+00 1.136688e+00 2.327632e+00 1.864294e+00 2.057593e+00 2.402308e+00 2.295349e+00 2.804185e+00 2.702071e+00 1.939632e+00 1.907467e+00 9.413639e-01
<GCONST> 9.620954e+01
<STATE> 4
<MEAN> 25
 7.950840e+00 5.170308e-01 -6.732036e+00 -1.431977e+01 -3.251946e+00 9.859202e+00 -1.971244e+00 -1.835748e+00 5.039451e-02 1.102953e+00 4.429373e+00 -1.925773e-01 -2.153593e-01 1.345366e-01 3.218260e-01 1.463493e+00 4.939814e-01 -1.127468e+00 5.112373e-02 -1.330259e-01 9.809218e-02 3.365149e-01 -6.872120e-01 -1.700950e-01 -1.139671e+00
<VARIANCE> 25
 1.406369e+01 4.002932e+01 3.053553e+01 5.600751e+01 4.650427e+01 4.247020e+01 6.538304e+01 4.991176e+01 4.924371e+01 5.620534e+01 4.131647e+01 4.321861e+01 8.436546e-01 1.893802e+00 1.620442e+00 3.287546e+00 2.693296e+00 2.885657e+00 3.182880e+00 2.932346e+00 3.151006e+00 3.321106e+00 2.608353e+00 2.361498e+00 2.779634e+00
<GCONST> 1.024306e+02
<TRANSP> 5
 0.000000e+00 1.000000e+00 0.000000e+00 0.000000e+00 0.000000e+00
 0.000000e+00 5.705800e-01 4.294200e-01 0.000000e+00 0.000000e+00
 0.000000e+00 0.000000e+00 7.336974e-01 2.663026e-01 0.000000e+00
 0.000000e+00 0.000000e+00 0.000000e+00 8.134073e-01 1.865927e-01
 0.000000e+00 0.000000e+00 0.000000e+00 0.000000e+00 0.000000e+00
<ENDHMM>
~h "P"
<BEGINHMM>
<NUMSTATES> 5
<STATE> 2
<MEAN> 25
 2.343809e+00 5.417358e+00 -8.987381e-01 7.599535e-01 2.037940e+00 9.620888e-01 2.103146e+00 -2.655128e+00 -7.538252e-01 4.918393e-01 -5.760602e-01 -3.688665e-01 -1.261417e+00 2.402974e-01 -1.574967e-01 4.607172e-01 2.401586e-01 -6.483295e-01 3.604912e-01 2.624651e-01 3.508703e-01 -5.561293e-02 -9.209649e-02 4.492716e-01 -1.484827e+00
<VARIANCE> 25
 4.187038e+01 2.583725e+01 3.426732e+01 3.562987e+01 2.736674e+01 4.253501e+01 3.216436e+01 3.236015e+01 3.799652e+01 2.849257e+01 2.863615e+01 2.903822e+01 1.837512e+00 2.636756e+00 2.134135e+00 2.623924e+00 2.523891e+00 2.740997e+00 2.548810e+00 2.574226e+00 2.856913e+00 2.433312e+00 2.565031e+00 2.126519e+00 7.870642e+00
<GCONST> 1.005731e+02
<STATE> 3
<MEAN> 25
 -3.304887e+00 3.921913e+00 -9.170604e-01 2.587620e+00 2.802906e+00 -1.490187e+00 2.709628e+00 -1.242965e+00 2.104084e-01 2.661259e-02 -2.634902e-01 1.983104e+00 1.673543e-01 -1.926574e+00 -8.589214e-01 -1.035711e+00 -3.793829e-01 -5.233751e-02 -6.257387e-01 1.374220e-02 2.102178e-01 3.991400e-02 6.717990e-01 1.243747e-01 5.902135e+00
<VARIANCE> 25
 2.107220e+01 2.289226e+01 2.380567e+01 2.364897e+01 2.490429e+01 2.743250e+01 3.118596e+01 2.958039e+01 2.933470e+01 2.278879e+01 2.159629e+01 2.126902e+01 4.576023e+00 3.155837e+00 3.930884e+00 4.957141e+00 3.489358e+00 5.296274e+00 3.682600e+00 3.976500e+00 4.134001e+00 3.378126e+00 3.236770e+00 2.991775e+00 8.137417e+00
<GCONST> 1.026916e+02
<STATE> 4
<MEAN> 25
 5.099469e-02 -1.833840e+00 -4.695594e+00 -2.455561e+00 7.270952e-01 -1.120978e-01 7.494936e-01 -2.021564e+00 5.736822e-01 4.334788e-01 1.812363e+00 8.891134e-01 2.784913e+00 -2.323502e+00 -1.029340e+00 -2.985301e+00 -1.408413e+00 1.912673e+00 -1.341930e+00 -4.396064e-02 8.195160e-02 1.812665e-01 8.989753e-01 -1.384807e+00 6.996388e+00
<VARIANCE> 25
 4.459769e+01 2.574996e+01 2.706394e+01 6.086824e+01 2.879230e+01 5.607287e+01 3.046875e+01 2.739182e+01 2.728551e+01 2.311965e+01 2.436271e+01 2.616282e+01 4.224360e+00 6.270603e+00 6.278211e+00 7.979536e+00 5.578787e+00 9.203564e+00 5.640615e+00 6.217530e+00 5.445371e+00 4.554340e+00 4.484746e+00 4.897402e+00 9.749861e+00
<GCONST> 1.106822e+02
<TRANSP> 5
 0.000000e+00 1.000000e+00 0.000000e+00 0.000000e+00 0.000000e+00
 0.000000e+00 7.587145e-01 2.412855e-01 0.000000e+00 0.000000e+00
 0.000000e+00 0.000000e+00 3.410865e-01 6.589136e-01 0.000000e+00
 0.000000e+00 0.000000e+00 0.000000e+00 3.989304e-01 6.010696e-01
 0.000000e+00 0.000000e+00 0.000000e+00 0.000000e+00 0.000000e+00
<ENDHMM>
~h "Q"
<BEGINHMM>
<NUMSTATES> 5
<STATE> 2
<MEAN> 25
 -3.354321e+00 -6.512365e-01 -3.745368e+00 1.438979e+00 4.575964e+00 -9.055592e-01 6.483898e-01 -1.972550e+00 3.773336e-01 3.043406e+00 -6.232257e-01 7.664518e-01 -3.531936e-01 -3.202488e-01 -6.768975e-01 -1.974435e-01 6.314823e-01 1.016715e-01 3.290872e-01 2.639568e-01 2.791800e-01 1.429647e-01 -2.232614e-01 2.598731e-01 5.049555e-02
<VARIANCE> 25
 4.553665e+01 5.855620e+01 6.108469e+01 3.913773e+01 5.691047e+01 7.405356e+01 5.778163e+01 6.181831e+01 4.875096e+01 4.378705e+01 4.437221e+01 3.723812e+01 4.736194e+00 7.090856e+00 5.931343e+00 5.105106e+00 6.034047e+00 6.463731e+00 5.481324e+00 5.454923e+00 3.973044e+00 3.949210e+00 3.990288e+00 2.986203e+00 1.519421e+01
<GCONST> 1.151558e+02
<STATE> 3
<MEAN> 25
 -3.650906e+00 2.613135e-01 -2.038104e+00 1.537496e+00 2.746619e+00 -2.515110e+00 2.211924e+00 -1.874360e+00 -5.749929e-01 2.448822e+00 3.725340e-01 1.562587e+00 1.171390e-01 3.978594e-01 -5.550977e-02 1.157831e-01 7.250607e-04 5.732856e-02 4.787203e-01 2.133385e-01 -2.521541e-01 -4.873697e-01 1.208928e-01 9.243829e-02 -1.129808e+00
<VARIANCE> 25
 2.568429e+01 3.717987e+01 4.039575e+01 3.250756e+01 4.354676e+01 3.983861e+01 4.443655e+01 4.228354e+01 4.043621e+01 2.742616e+01 2.809341e+01 2.700617e+01 1.681776e+00 2.891362e+00 1.931667e+00 2.236139e+00 3.268564e+00 2.105908e+00 3.184103e+00 3.033870e+00 3.064109e+00 2.347214e+00 2.335782e+00 2.072813e+00 4.968448e+00
<GCONST> 1.010239e+02
<STATE> 4
<MEAN> 25
 -3.665386e+00 2.186807e-01 -2.405527e+00 2.422109e+00 2.238834e+00 -2.682457e+00 3.140172e+00 -1.901637e-01 -1.275448e+00 -5.011991e-01 2.550028e-01 1.755416e+00 -4.275098e-02 3.358496e-02 1.077177e-02 5.304291e-03 2.960953e-02 4.974201e-02 5.939907e-02 1.408007e-01 3.958585e-02 -5.732164e-02 -5.467230e-02 -1.673774e-02 -8.548289e-02
<VARIANCE> 25
 1.309766e+01 3.904293e+01 2.274319e+01 1.982017e+01 2.169869e+01 2.429081e+01 2.572655e+01 2.478156e+01 2.112150e+01 2.498136e+01 2.306025e+01 1.677591e+01 4.977513e-01 9.266685e-01 1.063037e+00 1.157566e+00 1.281886e+00 1.462800e+00 1.565810e+00 1.901685e+00 1.693413e+00 1.820683e+00 1.767852e+00 1.507207e+00 7.910336e-01
<GCONST> 8.627146e+01
<TRANSP> 5
 0.000000e+00 1.000000e+00 0.000000e+00 0.000000e+00 0.000000e+00
 0.000000e+00 7.981641e-01 2.018359e-01 0.000000e+00 0.000000e+00
 0.000000e+00 0.000000e+00 6.737420e-01 3.262579e-01 0.000000e+00
 0.000000e+00 0.000000e+00 0.000000e+00 8.832539e-01 1.167462e-01
 0.000000e+00 0.000000e+00 0.000000e+00 0.000000e+00 0.000000e+00
<ENDHMM>
~h "R"
<BEGINHMM>
<NUMSTATES> 5
<STATE> 2
<MEAN> 25
 5.872442e+00 -5.781061e+00 -5.194159e+00 -1.689640e-01 -3.465002e+00 -1.407941e+00 -3.949713e+00 1.301518e-02 6.693428e+00 2.262451e+00 -4.835553e-02 -3.018004e+00 6.023344e-01 -6.083819e-02 -3.273443e-02 1.938419e+00 -5.567875e-01 -2.984957e-01 -7.208161e-01 -5.873629e-01 8.815479e-01 -1.947495e-01 1.422636e-01 2.036687e-01 -8.553574e-01
<VARIANCE> 25
 2.004622e+01 2.629824e+01 4.353120e+01 4.309368e+01 4.888687e+01 4.991051e+01 5.477052e+01 7.508485e+01 5.030632e+01 4.103704e+01 4.079213e+01 3.903830e+01 2.262003e+00 2.381164e+00 3.385777e+00 5.761425e+00 5.326653e+00 5.206409e+00 5.105491e+00 5.354493e+00 4.899391e+00 4.856547e+00 4.532507e+00 3.770052e+00 4.081462e+00
<GCONST> 1.095782e+02
<STATE> 3
<MEAN> 25
 7.407341e+00 -5.827889e+00 -4.743963e+00 3.806098e+00 -5.130838e+00 -1.469091e+00 -6.462588e+00 -7.815639e-01 7.629939e+00 2.223267e+00 1.052050e+00 -3.046318e+00 1.037038e-01 1.684381e-01 5.131722e-01 6.405113e-01 1.233908e-01 -1.830174e-01 -3.834407e-01 3.995037e-02 -5.840406e-01 -9.497518e-02 2.027176e-01 4.113893e-01 -8.947406e-01
<VARIANCE> 25
 1.445553e+01 2.214530e+01 4.670805e+01 3.662683e+01 5.263387e+01 4.782581e+01 5.351513e+01 6.442934e+01 4.978043e+01 4.277511e+01 3.725896e+01 3.617116e+01 1.680417e+00 2.083455e+00 3.161669e+00 3.300506e+00 4.787124e+00 4.499607e+00 4.585429e+00 5.228786e+00 4.445143e+00 4.031964e+00 3.752333e+00 3.472072e+00 3.071821e+00
<GCONST> 1.064272e+02
<STATE> 4
<MEAN> 25
 4.615187e+00 -3.616833e+00 -2.739341e+00 3.676827e+00 -8.309302e-01 -2.170993e+00 -3.619658e+00 9.031415e-02 4.089524e+00 1.016339e+00 2.445817e-02 -7.023960e-01 -3.372285e-01 3.219257e-01 5.487174e-01 -1.807729e-01 2.480996e-01 1.174895e-02 3.208782e-01 1.047782e-01 -8.752952e-01 -1.804133e-01 6.644484e-02 3.215243e-01 -6.612430e-01
<VARIANCE> 25
 3.278908e+01 2.877556e+01 5.510466e+01 3.648402e+01 5.460434e+01 5.378493e+01 5.784622e+01 5.373806e+01 4.396818e+01 4.290751e+01 4.218659e+01 3.362923e+01 1.963925e+00 2.431259e+00 2.814941e+00 2.268856e+00 3.801002e+00 3.432691e+00 3.439259e+00 3.691826e+00 3.808527e+00 2.909249e+00 2.917144e+00 2.502504e+00 2.806023e+00
<GCONST> 1.051820e+02
<TRANSP> 5
 0.000000e+00 1.000000e+00 0.000000e+00 0.000000e+00 0.000000e+00
 0.000000e+00 4.026129e-01 5.973871e-01 0.000000e+00 0.000000e+00
 0.000000e+00 0.000000e+00 4.162357e-01 5.837643e-01 0.000000e+00
 0.000000e+00 0.000000e+00 0.000000e+00 6.027458e-01 3.972542e-01
 0.000000e+00 0.000000e+00 0.000000e+00 0.000000e+00 0.000000e+00
<ENDHMM>
~h "S"
<BEGINHMM>
<NUMSTATES> 5
<STATE> 2
<MEAN> 25
 -7.064334e+00 6.346966e+00 3.363957e-01 1.993095e+00 5.086297e+00 -4.575972e+00 1.744642e+00 1.435601e+00 9.969528e-01 -1.682409e-01 -1.609053e+00 2.251388e+00 -4.511104e+00 1.900558e+00 -6.785864e-01 6.307927e-01 1.740512e+00 -2.318343e-01 1.491456e+00 6.804173e-01 3.931729e-01 -3.450401e-01 6.382458e-01 8.444706e-01 -3.368123e-01
<VARIANCE> 25
 6.786609e+01 4.578045e+01 4.465937e+01 3.632270e+01 4.709212e+01 4.353011e+01 6.659438e+01 4.676814e+01 4.200727e+01 3.258205e+01 3.802924e+01 2.764447e+01 3.182117e+00 5.636705e+00 4.222876e+00 4.268616e+00 5.204863e+00 4.796188e+00 5.353073e+00 5.313916e+00 4.003597e+00 3.558502e+00 3.667633e+00 2.987971e+00 3.152658e+00
<GCONST> 1.097716e+02
<STATE> 3
<MEAN> 25
 -2.249443e+01 7.291255e+00 -4.903756e+00 2.090245e+00 7.273010e+00 -2.951599e+00 5.207938e+00 3.441010e+00 2.567386e+00 8.941718e-01 2.275243e+00 4.913072e+00 -7.076279e-01 -4.626198e-01 -4.410598e-01 -1.911752e-01 -1.656943e-01 7.315354e-02 8.280693e-02 7.797071e-02 1.443456e-01 1.476468e-01 2.088782e-01 1.894185e-01 -2.392259e-01
<VARIANCE> 25
 1.637017e+01 2.304823e+01 3.638536e+01 3.415738e+01 3.443478e+01 3.715302e+01 4.394689e+01 3.352600e+01 3.130377e+01 2.307009e+01 2.348825e+01 2.180180e+01 2.601679e+00 1.407900e+00 1.695501e+00 1.394047e+00 1.584391e+00 1.732821e+00 1.778033e+00 1.795142e+00 1.789046e+00 1.651798e+00 1.636872e+00 1.416600e+00 8.819404e-01
<GCONST> 9.240325e+01
<STATE> 4
<MEAN> 25
 -1.500519e+01 3.875859e+00 -3.610474e+00 7.101398e-01 4.597322e+00 -4.525013e+00 2.542451e+00 2.183052e+00 2.760100e+00 2.857578e-01 1.423956e-01 3.376321e+00 4.322439e+00 -6.311350e-01 1.033144e+00 -3.911100e-01 -1.172177e+00 -1.134721e-01 -1.605363e+00 -9.954727e-01 -1.975090e-01 -1.194103e-01 -8.370470e-01 -1.219999e+00 1.011747e-01
<VARIANCE> 25
 6.573190e+01 3.012250e+01 4.089022e+01 3.278754e+01 3.592824e+01 4.096118e+01 5.806901e+01 3.903040e+01 3.488705e+01 2.729459e+01 2.939670e+01 2.731816e+01 7.042784e+00 3.888152e+00 4.650417e+00 3.939640e+00 3.666643e+00 4.495150e+00 5.115861e+00 4.762814e+00 4.150056e+00 2.934074e+00 3.027662e+00 2.983886e+00 6.099450e+00
<GCONST> 1.080282e+02
<TRANSP> 5
 0.000000e+00 1.000000e+00 0.000000e+00 0.000000e+00 0.000000e+00
 0.000000e+00 7.270103e-01 2.729896e-01 0.000000e+00 0.000000e+00
 0.000000e+00 0.000000e+00 8.510556e-01 1.489444e-01 0.000000e+00
 0.000000e+00 0.000000e+00 0.000000e+00 7.150915e-01 2.849085e-01
 0.000000e+00 0.000000e+00 0.000000e+00 0.000000e+00 0.000000e+00
<ENDHMM>
~h "T"
<BEGINHMM>
<NUMSTATES> 5
<STATE> 2
<MEAN> 25
 8.964294e-01 4.573931e+00 -1.101422e+00 1.337186e+00 1.642662e+00 -3.288666e+00 -5.826576e-01 -1.515108e+00 2.588957e+00 1.560091e+00 -1.871417e+00 -9.163108e-01 -9.288939e-01 3.099647e-01 -1.532249e-01 2.718497e-01 1.679949e-01 -6.733037e-02 7.411574e-01 4.637000e-02 -1.314629e-01 -2.235987e-01 9.461027e-02 4.699310e-01 -2.166909e+00
<VARIANCE> 25
 3.193158e+01 2.664360e+01 3.723413e+01 3.421555e+01 3.343165e+01 3.651842e+01 4.533504e+01 4.067020e+01 3.931389e+01 3.178918e+01 3.419408e+01 2.919719e+01 2.296208e+00 3.131694e+00 2.362090e+00 2.936814e+00 3.263223e+00 2.767446e+00 3.097618e+00 3.065814e+00 2.770066e+00 2.491526e+00 2.593587e+00 2.199640e+00 7.550688e+00
<GCONST> 1.025627e+02
<STATE> 3
<MEAN> 25
 -4.057063e+00 3.773594e+00 -6.917549e-01 2.485625e+00 2.265735e+00 -2.991729e+00 2.270312e+00 -1.166061e+00 8.033189e-01 1.476102e-01 -6.738057e-01 1.702439e+00 -1.791681e+00 -2.086254e+00 -8.021861e-01 -1.090555e+00 3.288107e-01 -4.312233e-01 1.321075e-01 4.420160e-01 9.678030e-02 -2.007143e-01 4.482547e-01 6.186864e-01 4.519074e+00
<VARIANCE> 25
 2.963701e+01 3.083258e+01 3.156789e+01 2.708435e+01 2.965678e+01 3.163694e+01 3.494747e+01 3.333014e+01 3.164786e+01 2.498377e+01 2.626764e+01 2.245912e+01 3.232439e+00 3.455642e+00 4.134509e+00 3.679345e+00 3.806526e+00 4.117427e+00 4.005878e+00 4.054628e+00 4.436662e+00 3.115541e+00 3.530337e+00 2.908822e+00 1.081587e+01
<GCONST> 1.044842e+02
<STATE> 4
<MEAN> 25
 -6.426737e+00 -2.555714e+00 -3.573977e+00 -2.009923e+00 1.935838e+00 -4.828085e+00 6.922873e-01 4.757190e-02 2.227923e+00 1.036403e-01 -3.439980e-01 1.808711e+00 1.622246e+00 -1.208957e+00 -1.541957e-01 -1.551894e+00 -8.389323e-01 1.487460e-01 -1.878876e+00 -8.205356e-02 5.443672e-01 1.743696e-01 -4.325270e-02 -1.217232e+00 6.277768e+00
<VARIANCE> 25
 3.055924e+01 2.562433e+01 2.922228e+01 3.046398e+01 3.183946e+01 3.727205e+01 4.104093e+01 3.040174e+01 3.473513e+01 2.645372e+01 2.740739e+01 2.872037e+01 4.857155e+00 4.758495e+00 6.252965e+00 5.404867e+00 5.090133e+00 6.066858e+00 6.147196e+00 6.391786e+00 7.083377e+00 3.905166e+00 4.662270e+00 4.294310e+00 1.296619e+01
<GCONST> 1.097423e+02
<TRANSP> 5
 0.000000e+00 1.000000e+00 0.000000e+00 0.000000e+00 0.000000e+00
 0.000000e+00 7.579817e-01 2.420183e-01 0.000000e+00 0.000000e+00
 0.000000e+00 0.000000e+00 4.205743e-01 5.794257e-01 0.000000e+00
 0.000000e+00 0.000000e+00 0.000000e+00 4.685116e-01 5.314884e-01
 0.000000e+00 0.000000e+00 0.000000e+00 0.000000e+00 0.000000e+00
<ENDHMM>
~h "U"
<BEGINHMM>
<NUMSTATES> 5
<STATE> 2
<MEAN> 25
 6.323571e+00 4.078577e+00 -1.622191e+00 -3.405351e+00 -3.753958e+00 2.381120e+00 -8.153477e+00 -5.254990e+00 -3.259666e+00 4.173736e-01 3.199050e+00 5.142410e-02 2.226325e+00 9.931722e-01 -3.036361e-01 -2.415128e+00 -1.991805e+00 2.432143e+00 -1.633186e+00 -9.771030e-01 -1.257222e+00 -5.426375e-02 1.605880e+00 -2.612474e-01 1.324340e+00
<VARIANCE> 25
 2.441053e+01 3.451888e+01 3.597744e+01 7.201601e+01 4.905324e+01 5.126055e+01 7.682735e+01 6.956066e+01 5.013982e+01 4.444580e+01 4.091329e+01 3.340543e+01 4.450537e+00 3.212200e+00 5.031299e+00 5.306491e+00 6.022892e+00 4.980910e+00 6.556119e+00 7.523452e+00 5.625089e+00 5.412229e+00 4.430638e+00 4.078878e+00 4.215884e+00
<GCONST> 1.128794e+02
<STATE> 3
<MEAN> 25
 9.644830e+00 7.070650e+00 -2.319797e+00 -1.060922e+01 -8.269343e+00 9.646783e+00 -8.603022e+00 -4.546887e+00 -6.267233e+00 -2.390935e+00 5.670392e+00 3.443796e-01 1.846953e-01 1.548128e-01 -1.523128e-01 -7.192851e-01 -2.225338e-01 6.828882e-01 1.243081e-01 3.452238e-02 -2.437228e-01 -1.482354e-01 2.520771e-01 1.660082e-01 1.186794e-02
<VARIANCE> 25
 1.026968e+01 3.326315e+01 2.499601e+01 5.424892e+01 4.018819e+01 3.839352e+01 5.195504e+01 7.218687e+01 5.347398e+01 5.278350e+01 4.455414e+01 4.089053e+01 4.840993e-01 1.978622e+00 1.198743e+00 2.926193e+00 2.409291e+00 2.381855e+00 3.038013e+00 3.918039e+00 3.098214e+00 3.201388e+00 2.890590e+00 2.314097e+00 1.342731e+00
<GCONST> 9.994250e+01
<STATE> 4
<MEAN> 25
 8.453876e+00 5.889541e+00 -2.175655e+00 -6.998478e+00 -4.499913e+00 6.052060e+00 -6.836413e+00 -5.811058e+00 -4.879809e+00 5.172217e-01 4.285341e+00 3.677192e-01 -5.130127e-01 -4.507230e-01 5.068619e-01 1.771805e+00 1.076883e+00 -1.452322e+00 6.458976e-01 -5.850890e-02 9.238118e-01 5.683327e-01 -8.890743e-01 -3.061164e-01 -1.196990e+00
<VARIANCE> 25
 1.393823e+01 4.045287e+01 3.304254e+01 6.397364e+01 4.818928e+01 5.073587e+01 7.889646e+01 7.247325e+01 5.271246e+01 5.561428e+01 4.841505e+01 4.185593e+01 1.266541e+00 2.901648e+00 2.630802e+00 3.950799e+00 4.076791e+00 3.767142e+00 4.907015e+00 4.995224e+00 4.275585e+00 4.427249e+00 4.109674e+00 3.643299e+00 3.995030e+00
<GCONST> 1.085940e+02
<TRANSP> 5
 0.000000e+00 1.000000e+00 0.000000e+00 0.000000e+00 0.000000e+00
 0.000000e+00 5.470724e-01 4.529277e-01 0.000000e+00 0.000000e+00
 0.000000e+00 0.000000e+00 7.488626e-01 2.511374e-01 0.000000e+00
 0.000000e+00 0.000000e+00 0.000000e+00 7.208015e-01 2.791984e-01
 0.000000e+00 0.000000e+00 0.000000e+00 0.000000e+00 0.000000e+00
<ENDHMM>
~h "V"
<BEGINHMM>
<NUMSTATES> 5
<STATE> 2
<MEAN> 25
 -1.576650e+00 2.630903e+00 -7.052483e-02 3.898964e+00 3.594211e+00 1.386795e+00 2.563689e+00 3.556161e-01 -6.968562e-02 2.790235e-01 1.178020e-01 1.651150e+00 -3.777546e+00 1.227804e-01 -7.036783e-03 1.706271e+00 1.444801e+00 -5.771737e-01 7.105321e-01 5.401706e-01 1.165700e+00 1.572553e-03 -9.743462e-02 4.894405e-01 -1.226081e+00
<VARIANCE> 25
 4.566723e+01 1.876004e+01 4.023148e+01 4.646116e+01 3.252605e+01 4.503537e+01 3.201439e+01 3.959046e+01 3.129729e+01 2.425454e+01 2.719634e+01 2.194624e+01 2.563444e+00 4.060145e+00 4.391201e+00 4.744799e+00 5.597050e+00 5.175823e+00 4.254005e+00 5.287101e+00 4.056167e+00 3.647974e+00 3.601094e+00 2.617157e+00 2.028155e+00
<GCONST> 1.051948e+02
<STATE> 3
<MEAN> 25
 -1.377338e+01 -2.411784e+00 -3.124124e+00 4.620625e+00 2.668597e+00 -1.461413e+00 1.576044e+00 9.265567e-01 2.157448e+00 1.180484e+00 9.812531e-01 3.076126e+00 -6.649233e-01 -6.243159e-01 -3.467900e-01 -1.497557e-01 -2.155880e-01 -2.524422e-01 -1.473955e-01 -3.129910e-02 2.546565e-02 6.714656e-02 1.743295e-02 5.351992e-02 -6.901955e-02
<VARIANCE> 25
 1.802428e+01 1.980220e+01 2.682856e+01 2.258167e+01 2.419040e+01 2.487583e+01 2.534282e+01 2.770353e+01 2.321160e+01 2.188387e+01 2.071355e+01 1.930347e+01 2.361161e+00 1.444495e+00 1.705882e+00 1.598681e+00 1.645456e+00 1.859982e+00 1.809681e+00 1.764903e+00 1.707322e+00 1.630297e+00 1.599141e+00 1.413888e+00 1.437249e+00
<GCONST> 9.011864e+01
<STATE> 4
<MEAN> 25
 -8.553738e+00 -2.879786e+00 -3.111495e+00 3.238435e+00 2.303461e+00 -1.940193e+00 1.339396e+00 9.283980e-01 1.736412e+00 8.751472e-01 2.952819e-01 1.670799e+00 4.984445e+00 4.346303e-01 7.733839e-01 -1.861687e+00 -1.665429e+00 2.074646e-01 -7.172534e-01 -1.547192e-01 -1.116883e+00 -6.845330e-01 2.407406e-01 -1.176392e+00 2.038601e+00
<VARIANCE> 25
 6.261619e+01 2.267912e+01 3.435615e+01 4.264843e+01 2.728038e+01 3.726585e+01 2.560093e+01 2.849098e+01 2.500569e+01 2.152015e+01 1.914451e+01 1.910117e+01 4.844018e+00 4.242256e+00 6.605677e+00 7.454950e+00 4.223492e+00 6.707614e+00 3.776402e+00 4.908903e+00 5.108907e+00 3.294632e+00 3.472290e+00 3.204650e+00 3.396035e+00
<GCONST> 1.058402e+02
<TRANSP> 5
 0.000000e+00 1.000000e+00 0.000000e+00 0.000000e+00 0.000000e+00
 0.000000e+00 6.820580e-01 3.179419e-01 0.000000e+00 0.000000e+00
 0.000000e+00 0.000000e+00 8.461627e-01 1.538373e-01 0.000000e+00
 0.000000e+00 0.000000e+00 0.000000e+00 5.874319e-01 4.125681e-01
 0.000000e+00 0.000000e+00 0.000000e+00 0.000000e+00 0.000000e+00
<ENDHMM>
~h "W"
<BEGINHMM>
<NUMSTATES> 5
<STATE> 2
<MEAN> 25
 7.798671e+00 1.592082e+00 -3.678348e+00 -8.554377e+00 -2.747981e+00 6.724127e+00 -3.029910e+00 -1.561614e+00 -2.321820e+00 1.283839e+00 3.393438e+00 -7.611436e-01 1.617680e+00 1.294873e+00 1.406509e-01 -1.862084e+00 -1.404090e+00 1.165398e+00 -2.659457e-01 -2.043402e-01 -1.161855e+00 -5.787728e-01 8.323569e-01 7.148000e-01 2.622834e-01
<VARIANCE> 25
 3.045392e+01 6.250447e+01 3.832061e+01 8.305801e+01 4.548260e+01 6.105154e+01 6.472091e+01 4.750277e+01 4.893543e+01 4.824902e+01 4.499986e+01 3.855854e+01 2.606385e+00 2.542840e+00 2.940204e+00 4.108878e+00 4.255169e+00 4.545437e+00 4.072097e+00 4.250073e+00 3.426939e+00 3.562305e+00 3.511024e+00 3.642325e+00 5.141486e+00
<GCONST> 1.096337e+02
<STATE> 3
<MEAN> 25
 1.206807e+01 5.092065e+00 -2.100085e+00 -1.605040e+01 -9.246115e+00 1.038771e+01 -4.747725e+00 2.079500e-01 -3.141763e+00 -2.224793e+00 4.358356e+00 1.492554e+00 -3.574788e-02 -4.508753e-01 -2.279518e-01 -5.598262e-01 -3.148544e-02 4.594001e-01 9.840284e-03 -1.131281e-01 1.789567e-01 1.852113e-01 3.473989e-01 1.549557e-01 5.459279e-01
<VARIANCE> 25
 9.364512e+00 3.342203e+01 2.209564e+01 5.016395e+01 3.697875e+01 3.811182e+01 3.753907e+01 4.670552e+01 4.689174e+01 3.562670e+01 3.562421e+01 3.125885e+01 4.478090e-01 2.769622e+00 1.370896e+00 2.410712e+00 2.296795e+00 2.588683e+00 2.257204e+00 2.123925e+00 2.192346e+00 2.827496e+00 2.508257e+00 1.921959e+00 2.082262e+00
<GCONST> 9.675163e+01
<STATE> 4
<MEAN> 25
 8.985836e+00 -4.206829e+00 -7.050138e+00 -1.587381e+01 -2.773092e+00 1.329727e+01 -2.717178e+00 -2.281550e+00 2.477871e-01 3.081083e+00 6.239013e+00 -3.058014e+00 -9.352172e-01 -1.937854e+00 -5.868555e-01 1.354206e+00 1.753049e+00 -5.623057e-01 -4.128142e-02 7.272166e-02 1.296613e+00 7.655542e-01 -1.028275e+00 -2.010645e+00 1.234043e+00
<VARIANCE> 25
 1.105309e+01 3.449813e+01 2.748100e+01 4.538031e+01 3.577876e+01 4.048869e+01 4.960872e+01 3.698595e+01 4.791645e+01 4.412144e+01 4.516227e+01 4.568530e+01 3.329922e-01 1.372373e+00 1.412223e+00 2.263026e+00 2.268460e+00 3.509315e+00 2.404193e+00 2.723548e+00 2.576693e+00 2.575394e+00 2.924821e+00 2.498688e+00 7.157358e-01
<GCONST> 9.698016e+01
<TRANSP> 5
 0.000000e+00 1.000000e+00 0.000000e+00 0.000000e+00 0.000000e+00
 0.000000e+00 6.961526e-01 3.038474e-01 0.000000e+00 0.000000e+00
 0.000000e+00 0.000000e+00 7.893175e-01 2.106825e-01 0.000000e+00
 0.000000e+00 0.000000e+00 0.000000e+00 7.043339e-01 2.956661e-01
 0.000000e+00 0.000000e+00 0.000000e+00 0.000000e+00 0.000000e+00
<ENDHMM>
~h "X"
<BEGINHMM>
<NUMSTATES> 5
<STATE> 2
<MEAN> 25
 -1.354376e+01 -2.582193e+00 -7.980186e+00 6.643371e+00 1.451560e+00 -8.598578e+00 5.314515e+00 1.318075e+00 1.840869e+00 6.443782e-01 3.565025e+00 4.305935e+00 -2.789106e+00 3.273067e-01 -8.638373e-01 8.112906e-01 1.072857e+00 -2.732670e-01 3.448480e-01 9.801072e-01 9.418738e-01 -3.769518e-01 5.090571e-02 4.805906e-01 1.563734e+00
<VARIANCE> 25
 5.855002e+01 2.725237e+01 5.997144e+01 2.553355e+01 2.534414e+01 2.487822e+01 3.293991e+01 4.101558e+01 4.170329e+01 3.055923e+01 2.049193e+01 3.401421e+01 5.477969e+00 4.357851e+00 5.800367e+00 1.603435e+00 3.628463e+00 3.032165e+00 2.277553e+00 3.893750e+00 5.269658e+00 4.020715e+00 3.551688e+00 2.998475e+00 8.050018e+00
<GCONST> 1.054960e+02
<STATE> 3
<MEAN> 25
 -2.443761e+01 4.082163e+00 -8.708349e+00 7.372610e+00 4.710925e+00 -5.434358e+00 5.106066e+00 6.562274e+00 5.277457e+00 4.127664e-01 3.206671e+00 4.277816e+00 -1.911051e-01 8.991581e-01 1.910761e-03 -5.458990e-01 3.746440e-01 8.773836e-02 7.372298e-02 -6.574631e-02 2.084587e-01 7.667957e-02 -1.357633e-01 1.346608e-01 -6.202272e-01
<VARIANCE> 25
 1.372474e+01 2.189798e+01 2.779891e+01 1.420584e+01 7.315131e+00 2.257151e+01 3.291603e+01 1.993808e+01 2.179633e+01 2.205101e+01 2.193812e+01 2.870176e+01 7.970912e-01 1.526510e+00 9.593926e-01 1.458259e+00 9.808695e-01 1.426399e+00 1.608707e+00 2.056927e+00 1.783401e+00 2.013212e+00 1.854703e+00 1.300319e+00 5.798825e-01
<GCONST> 8.552280e+01
<STATE> 4
<MEAN> 25
 -1.499358e+01 3.747683e+00 -8.450713e-01 1.986358e+00 7.464112e+00 -2.763778e+00 2.318004e+00 2.388108e+00 3.254459e+00 1.615134e-02 3.703732e+00 5.056103e+00 1.815732e+00 -3.903324e-02 8.602892e-01 -1.154013e-01 -6.044632e-03 6.931049e-01 -3.413141e-01 -6.799179e-01 -8.227391e-01 -3.077410e-01 -2.165724e-01 -3.315740e-01 -2.091262e+00
<VARIANCE> 25
 3.224496e+01 4.307499e+01 3.481628e+01 1.144630e+01 1.190509e+01 3.149916e+01 3.695210e+01 3.088105e+01 2.015590e+01 1.908110e+01 1.836696e+01 2.492837e+01 3.485907e+00 1.660810e+00 5.046754e+00 2.070456e+00 1.780084e+00 4.142168e+00 4.077740e+00 2.435713e+00 2.121881e+00 1.278740e+00 1.982750e+00 2.506397e+00 4.629107e+00
<GCONST> 9.674650e+01
<TRANSP> 5
 0.000000e+00 1.000000e+00 0.000000e+00 0.000000e+00 0.000000e+00
 0.000000e+00 8.285289e-01 1.714710e-01 0.000000e+00 0.000000e+00
 0.000000e+00 0.000000e+00 8.394380e-01 1.605620e-01 0.000000e+00
 0.000000e+00 0.000000e+00 0.000000e+00 8.661463e-01 1.338538e-01
 0.000000e+00 0.000000e+00 0.000000e+00 0.000000e+00 0.000000e+00
<ENDHMM>
~h "Y"
<BEGINHMM>
<NUMSTATES> 5
<STATE> 2
<MEAN> 25
 -1.984363e-01 -7.355522e-01 8.814367e+00 -2.184685e+00 -7.418169e+00 -4.426711e+00 -2.107450e+00 3.728306e+00 -3.036989e+00 -5.813385e-01 2.324645e+00 4.081428e-01 -2.981233e-02 1.030334e+00 2.717936e+00 -7.250547e-02 -1.605641e+00 -5.091186e-01 -1.104983e+00 -6.306857e-01 -1.476014e+00 -1.065268e-01 1.404789e+00 4.675547e-01 7.275653e-01
<VARIANCE> 25
 3.101118e+01 6.826433e+01 6.399073e+01 3.843479e+01 6.530849e+01 5.278842e+01 5.568759e+01 7.341433e+01 5.209695e+01 4.329192e+01 4.124205e+01 2.990929e+01 2.471759e+00 2.691654e+00 3.656291e+00 2.809906e+00 4.259378e+00 4.078203e+00 4.450389e+00 4.650691e+00 3.813491e+00 4.248204e+00 3.260341e+00 2.952936e+00 5.460871e+00
<GCONST> 1.095691e+02
<STATE> 3
<MEAN> 25
 1.306982e-01 2.699582e+00 1.834390e+01 -1.803970e+00 -1.234586e+01 -3.871210e+00 -7.764878e+00 -4.680355e-01 -8.403450e+00 -1.137655e+00 6.685323e+00 1.647544e+00 1.383377e-01 -7.262101e-01 -5.760192e-01 -2.293013e-01 -5.471435e-01 -4.693990e-01 1.166583e-01 5.861741e-01 5.379394e-01 3.469074e-01 2.629823e-01 2.069050e-01 8.113821e-01
<VARIANCE> 25
 1.015073e+01 3.451662e+01 3.763967e+01 3.458994e+01 2.954655e+01 4.090440e+01 3.602786e+01 4.264291e+01 4.425334e+01 6.405417e+01 3.578062e+01 3.204751e+01 6.088082e-01 2.455211e+00 3.246297e+00 1.543367e+00 2.298324e+00 2.119358e+00 2.550452e+00 3.588002e+00 3.246792e+00 2.123718e+00 1.653486e+00 1.469561e+00 2.221079e+00
<GCONST> 9.783346e+01
<STATE> 4
<MEAN> 25
 2.191173e+00 -6.388643e+00 7.006236e+00 -5.219548e+00 -1.255693e+01 -7.331611e+00 -1.561107e+00 9.772592e+00 2.143590e-01 -2.917099e-01 3.383606e+00 5.252188e-01 4.374254e-01 -1.526264e+00 -2.656782e+00 -2.244520e-01 1.666556e+00 7.386088e-01 1.099460e+00 1.558414e+00 1.565255e+00 -7.168403e-01 -2.135502e+00 -1.044255e+00 6.148477e-01
<VARIANCE> 25
 8.735602e+00 2.237909e+01 3.603227e+01 2.625155e+01 2.825951e+01 2.884550e+01 4.733955e+01 5.086427e+01 4.326290e+01 3.821757e+01 4.223279e+01 2.565650e+01 3.454178e-01 1.239566e+00 2.128128e+00 1.200124e+00 2.512218e+00 1.871779e+00 2.807157e+00 3.593449e+00 2.773344e+00 3.177572e+00 2.578583e+00 1.796163e+00 5.490047e-01
<GCONST> 9.402127e+01
<TRANSP> 5
 0.000000e+00 1.000000e+00 0.000000e+00 0.000000e+00 0.000000e+00
 0.000000e+00 7.518926e-01 2.481074e-01 0.000000e+00 0.000000e+00
 0.000000e+00 0.000000e+00 7.881045e-01 2.118955e-01 0.000000e+00
 0.000000e+00 0.000000e+00 0.000000e+00 7.159057e-01 2.840943e-01
 0.000000e+00 0.000000e+00 0.000000e+00 0.000000e+00 0.000000e+00
<ENDHMM>
~h "Z"
<BEGINHMM>
<NUMSTATES> 5
<STATE> 2
<MEAN> 25
 -2.604514e+00 8.787349e+00 2.564814e+00 4.577340e+00 2.372096e+00 -7.359376e+00 -2.450738e+00 -6.070994e-01 1.002670e+00 -5.714950e-01 -1.924956e+00 3.148863e+00 -2.188095e+00 2.449481e+00 -3.415193e-01 9.787261e-01 1.522035e+00 -3.138611e-01 1.051351e+00 -8.594210e-02 2.148229e-01 -2.325694e-01 5.003539e-02 6.083044e-01 -3.487500e-01
<VARIANCE> 25
 4.067922e+01 4.437342e+01 3.866870e+01 3.811907e+01 4.683325e+01 4.016057e+01 6.613221e+01 4.153096e+01 4.175272e+01 3.361357e+01 2.958161e+01 2.745766e+01 3.273073e+00 3.508182e+00 3.055555e+00 3.383453e+00 3.693012e+00 4.047606e+00 4.457410e+00 5.329621e+00 3.491390e+00 3.052355e+00 3.017021e+00 2.761854e+00 3.652269e+00
<GCONST> 1.065759e+02
<STATE> 3
<MEAN> 25
 -1.368714e+01 1.522791e+01 1.356381e+00 7.373837e+00 7.196930e+00 -5.202614e+00 1.579345e+00 8.191962e-01 1.134787e+00 -3.272690e-01 2.022514e-01 4.269444e+00 -9.966766e-01 -1.184777e-01 -5.253620e-02 1.338565e-01 2.427315e-01 3.294885e-01 2.697649e-01 1.373834e-01 -6.961261e-02 5.490439e-02 2.785504e-01 1.112271e-01 7.490040e-02
<VARIANCE> 25
 4.442491e+01 2.965204e+01 3.378021e+01 4.521359e+01 3.237371e+01 4.127648e+01 4.484872e+01 3.496380e+01 2.666776e+01 2.384995e+01 2.670477e+01 2.003792e+01 1.566757e+00 1.430512e+00 1.364487e+00 1.135841e+00 1.546159e+00 1.580528e+00 1.653184e+00 1.653331e+00 1.601798e+00 1.401473e+00 1.327073e+00 1.197960e+00 9.385550e-01
<GCONST> 9.210753e+01
<STATE> 4
<MEAN> 25
 -1.148449e+01 8.772590e+00 1.773702e+00 4.396879e+00 3.380037e+00 -5.696774e+00 2.680970e-01 4.136867e-01 1.291776e+00 -1.740277e-01 8.704941e-01 5.083031e+00 2.404026e+00 -1.652828e+00 6.035373e-01 -7.485737e-01 -1.968688e+00 -5.684423e-01 -1.379460e+00 -5.238023e-01 1.724745e-01 7.372776e-03 -9.993676e-03 -2.372842e-01 1.145518e+00
<VARIANCE> 25
 6.301222e+01 4.398374e+01 5.976745e+01 3.995269e+01 4.227112e+01 4.748835e+01 5.878078e+01 4.078746e+01 3.911003e+01 2.266232e+01 2.617062e+01 2.194489e+01 5.424316e+00 4.495378e+00 3.291950e+00 3.372411e+00 4.005971e+00 3.385511e+00 3.657122e+00 4.496408e+00 3.696023e+00 2.332819e+00 2.229513e+00 2.330552e+00 2.989958e+00
<GCONST> 1.060851e+02
<TRANSP> 5
 0.000000e+00 1.000000e+00 0.000000e+00 0.000000e+00 0.000000e+00
 0.000000e+00 7.517793e-01 2.482207e-01 0.000000e+00 0.000000e+00
 0.000000e+00 0.000000e+00 8.174466e-01 1.825534e-01 0.000000e+00
 0.000000e+00 0.000000e+00 0.000000e+00 7.709487e-01 2.290513e-01
 0.000000e+00 0.000000e+00 0.000000e+00 0.000000e+00 0.000000e+00
<ENDHMM>
~h "e"
<BEGINHMM>
<NUMSTATES> 5
<STATE> 2
<MEAN> 25
 4.706081e+00 -7.468075e-01 -9.273509e-01 -2.985532e+00 -2.062539e+00 -1.113600e+00 -5.358918e+00 -2.305745e+00 5.815580e-01 2.583990e+00 1.607314e+00 -1.274168e+00 2.122777e+00 -1.369466e+00 -3.144087e-01 -1.948006e+00 -1.442763e+00 5.719353e-01 -2.169426e+00 8.995392e-01 1.382967e+00 9.988931e-01 8.626854e-01 -1.572293e+00 2.952441e+00
<VARIANCE> 25
 2.664866e+01 2.407247e+01 3.924723e+01 5.077263e+01 4.056403e+01 7.171691e+01 5.256583e+01 4.948905e+01 5.434662e+01 3.711577e+01 4.400000e+01 2.836963e+01 6.360711e+00 3.573597e+00 7.243831e+00 5.640899e+00 6.304438e+00 6.370719e+00 7.049924e+00 8.261005e+00 8.137585e+00 5.374933e+00 5.768629e+00 4.595144e+00 5.120677e+00
<GCONST> 1.138667e+02
<STATE> 3
<MEAN> 25
 6.454509e+00 -4.107298e+00 -1.755879e+00 -5.604039e+00 -3.676602e+00 5.640496e-01 -8.593436e+00 2.838942e-01 3.234331e+00 4.103710e+00 2.894854e+00 -3.826703e+00 9.939775e-01 -1.114056e+00 -9.483943e-02 -7.615398e-01 -7.966544e-01 5.711259e-01 -1.155302e+00 9.297202e-01 1.123336e+00 6.084787e-01 2.205261e-01 -1.120233e+00 1.176501e+00
<VARIANCE> 25
 1.401075e+01 2.448905e+01 4.318253e+01 5.037776e+01 4.366657e+01 7.685077e+01 5.545996e+01 5.785929e+01 6.050650e+01 4.413217e+01 4.947796e+01 3.646492e+01 2.820188e+00 2.169196e+00 3.382813e+00 4.266508e+00 4.332166e+00 5.193808e+00 4.418622e+00 6.621539e+00 6.147777e+00 4.191967e+00 4.580615e+00 3.277400e+00 2.291165e+00
<GCONST> 1.088075e+02
<STATE> 4
<MEAN> 25
 5.916708e+00 -3.738339e+00 -9.985384e-01 -5.060026e+00 -3.956639e+00 -3.569981e-01 -8.963642e+00 1.366684e+00 4.331462e+00 4.408009e+00 2.264498e+00 -4.624155e+00 9.413502e-02 2.954328e-01 2.370564e-01 5.700610e-01 9.504707e-02 -9.034029e-02 3.702559e-01 -1.926538e-01 -8.976910e-02 -1.997085e-01 -2.777730e-01 1.404450e-01 -7.847579e-01
<VARIANCE> 25
 1.283613e+01 2.610007e+01 4.170481e+01 4.669212e+01 5.001053e+01 6.305733e+01 6.326611e+01 5.731724e+01 6.331359e+01 4.644509e+01 4.693933e+01 3.724546e+01 7.981920e-01 1.574594e+00 1.540221e+00 2.562893e+00 2.311582e+00 3.076953e+00 2.621269e+00 3.197352e+00 3.464614e+00 2.613433e+00 2.639593e+00 2.042707e+00 2.579650e+00
<GCONST> 1.015656e+02
<TRANSP> 5
 0.000000e+00 1.000000e+00 0.000000e+00 0.000000e+00 0.000000e+00
 0.000000e+00 2.014029e-01 7.985970e-01 0.000000e+00 0.000000e+00
 0.000000e+00 0.000000e+00 1.400278e-01 8.599722e-01 0.000000e+00
 0.000000e+00 0.000000e+00 0.000000e+00 6.725860e-01 3.274140e-01
 0.000000e+00 0.000000e+00 0.000000e+00 0.000000e+00 0.000000e+00
<ENDHMM>
~h "AI"
<BEGINHMM>
<NUMSTATES> 5
<STATE> 2
<MEAN> 25
 4.161995e+00 -1.261200e+01 -3.375723e+00 -5.590311e+00 -2.347354e+00 2.339144e-01 -6.320435e-01 8.795455e+00 4.906784e+00 -2.881325e+00 -4.175627e+00 -4.655130e+00 -3.114314e-01 -2.808358e-01 1.110114e+00 1.590366e-01 -1.192233e+00 -1.169698e+00 9.085326e-01 1.432743e+00 -6.009472e-01 -6.148548e-01 1.502646e-01 6.271145e-01 2.067448e-01
<VARIANCE> 25
 1.017689e+01 1.928333e+01 4.306610e+01 2.463960e+01 4.914164e+01 5.761986e+01 4.908670e+01 5.078345e+01 4.678511e+01 3.837083e+01 3.862909e+01 2.862055e+01 4.135538e-01 1.557285e+00 1.810103e+00 1.437548e+00 2.786730e+00 3.037032e+00 2.225107e+00 2.933614e+00 2.222878e+00 2.447412e+00 3.033028e+00 2.112370e+00 5.521539e-01
<GCONST> 9.594949e+01
<STATE> 3
<MEAN> 25
 2.411499e+00 -7.328877e+00 8.296377e+00 -5.433926e+00 -1.349579e+01 -7.543765e+00 -2.493731e-01 9.571744e+00 -2.354903e+00 1.163496e+00 4.402738e+00 -4.712714e-01 -2.649910e-01 1.206422e+00 1.710963e+00 6.490481e-02 -1.035962e+00 -2.971335e-01 -6.126090e-01 -1.417298e+00 -1.350551e+00 8.622385e-01 1.234913e+00 3.785437e-01 -6.266522e-01
<VARIANCE> 25
 9.001746e+00 1.889276e+01 3.606904e+01 2.166261e+01 2.471195e+01 2.970378e+01 4.098000e+01 4.855927e+01 4.145201e+01 3.712961e+01 3.935450e+01 2.412238e+01 2.645675e-01 8.906544e-01 1.436684e+00 8.600146e-01 1.884012e+00 1.457184e+00 2.004717e+00 2.264371e+00 2.007298e+00 1.993813e+00 2.215886e+00 1.262906e+00 2.393597e-01
<GCONST> 8.840817e+01
<STATE> 4
<MEAN> 25
 1.516155e+00 9.837770e-01 1.250926e+01 -1.845074e+00 -1.169725e+01 -5.726604e+00 -2.038704e+00 8.247537e-01 -6.190841e+00 2.027420e+00 4.148096e+00 -2.857309e-01 1.062775e-01 7.212856e-01 -5.641529e-01 7.821663e-01 1.116110e+00 2.463899e-01 1.920692e-01 -5.341522e-01 2.538460e-01 -2.594935e-01 -5.248965e-01 -6.464721e-02 -1.774200e+00
<VARIANCE> 25
 1.562552e+01 3.941400e+01 4.769467e+01 3.341291e+01 4.245424e+01 4.901075e+01 4.955143e+01 6.234922e+01 4.766265e+01 4.595739e+01 4.307736e+01 2.840571e+01 1.296323e+00 2.100075e+00 2.654131e+00 2.155691e+00 2.858942e+00 2.654288e+00 3.326298e+00 3.481533e+00 3.249229e+00 2.563054e+00 2.242276e+00 1.893545e+00 2.416193e+00
<GCONST> 1.018908e+02
<TRANSP> 5
 0.000000e+00 1.000000e+00 0.000000e+00 0.000000e+00 0.000000e+00
 0.000000e+00 7.927582e-01 2.072418e-01 0.000000e+00 0.000000e+00
 0.000000e+00 0.000000e+00 8.015696e-01 1.984304e-01 0.000000e+00
 0.000000e+00 0.000000e+00 0.000000e+00 8.474388e-01 1.525613e-01
 0.000000e+00 0.000000e+00 0.000000e+00 0.000000e+00 0.000000e+00
<ENDHMM>
~h "AU"
<BEGINHMM>
<NUMSTATES> 5
<STATE> 2
<MEAN> 25
 4.554185e+00 -7.417224e+00 -8.552966e+00 -9.872621e+00 8.229813e-01 7.471727e+00 -3.510855e+00 4.921153e-01 5.627323e+00 2.559571e+00 -1.324034e+00 -6.834295e+00 6.004303e-01 -5.836075e-01 -7.881305e-01 -1.344456e+00 3.792082e-01 1.955709e+00 -2.095516e-01 -2.825443e-01 2.101392e-01 9.004558e-02 5.785795e-01 -8.853592e-01 1.017118e+00
<VARIANCE> 25
 1.530938e+01 2.622458e+01 2.992786e+01 4.381321e+01 3.978408e+01 5.752618e+01 5.255692e+01 5.112850e+01 4.048281e+01 4.291025e+01 4.013625e+01 3.247473e+01 2.022932e+00 2.782450e+00 2.105102e+00 3.188462e+00 3.269627e+00 4.171864e+00 3.526796e+00 3.900385e+00 3.151941e+00 3.534212e+00 3.682236e+00 3.245678e+00 4.096786e+00
<GCONST> 1.045533e+02
<STATE> 3
<MEAN> 25
 7.263210e+00 -2.904618e+00 -8.546352e+00 -1.652004e+01 -2.055668e+00 1.373641e+01 -3.363533e+00 -2.357470e+00 2.848236e+00 1.544265e+00 5.349862e+00 -3.458479e+00 4.343771e-01 1.160236e+00 3.003588e-01 -7.436562e-01 -7.036926e-01 1.039574e-01 -1.508144e-01 3.894141e-02 -9.368681e-01 -2.505555e-01 5.919519e-01 1.107133e+00 -7.021198e-01
<VARIANCE> 25
 1.036690e+01 3.177854e+01 2.201496e+01 3.698343e+01 3.445982e+01 2.950078e+01 4.292117e+01 3.492244e+01 3.962627e+01 4.468363e+01 3.580980e+01 4.618731e+01 2.548271e-01 9.498227e-01 6.147193e-01 1.217643e+00 1.315923e+00 1.409632e+00 1.571879e+00 1.547294e+00 1.667235e+00 1.895845e+00 2.024641e+00 2.002584e+00 3.427258e-01
<GCONST> 8.885141e+01
<STATE> 4
<MEAN> 25
 9.469573e+00 6.206498e+00 -4.442099e+00 -1.372170e+01 -4.962096e+00 7.969507e+00 -4.665846e+00 -7.178122e-01 -3.158696e+00 6.209665e-01 3.157073e+00 1.126644e+00 -2.601294e-01 3.241161e-01 5.453503e-01 1.866205e+00 4.259239e-01 -1.120338e+00 1.515915e-01 -2.141113e-01 -5.076430e-02 1.387039e-02 -5.249993e-01 -1.292677e-01 -1.591639e+00
<VARIANCE> 25
 1.608576e+01 3.826846e+01 3.066825e+01 7.073745e+01 4.820550e+01 4.820156e+01 7.069485e+01 5.709613e+01 4.839215e+01 5.894893e+01 4.386785e+01 4.017590e+01 1.328720e+00 2.630583e+00 1.892868e+00 3.957011e+00 3.568197e+00 3.517858e+00 3.693121e+00 3.582747e+00 3.315004e+00 3.580783e+00 3.114361e+00 2.737281e+00 2.160015e+00
<GCONST> 1.053008e+02
<TRANSP> 5
 0.000000e+00 1.000000e+00 0.000000e+00 0.000000e+00 0.000000e+00
 0.000000e+00 7.092491e-01 2.907509e-01 0.000000e+00 0.000000e+00
 0.000000e+00 0.000000e+00 8.545117e-01 1.454883e-01 0.000000e+00
 0.000000e+00 0.000000e+00 0.000000e+00 8.527086e-01 1.472913e-01
 0.000000e+00 0.000000e+00 0.000000e+00 0.000000e+00 0.000000e+00
<ENDHMM>
~h "NG"
<BEGINHMM>
<NUMSTATES> 5
<STATE> 2
<MEAN> 25
 7.843513e+00 -1.932348e+00 -1.548402e-01 -2.215559e+00 -2.719339e+00 3.028776e+00 -1.294572e+00 -2.065505e+00 -2.725177e+00 2.257789e+00 -1.403897e+00 -5.489900e+00 5.736528e-01 1.130210e+00 1.763973e+00 8.925255e-01 -1.597762e+00 1.477869e-01 9.273530e-01 -1.985080e+00 -8.690543e-01 6.346825e-01 -8.597245e-01 1.291354e+00 -1.448968e+00
<VARIANCE> 25
 9.381693e+00 2.808335e+01 4.367179e+01 3.948332e+01 5.277358e+01 5.046825e+01 5.211956e+01 5.402118e+01 5.633373e+01 4.173894e+01 4.761549e+01 4.581077e+01 6.433187e-01 1.662304e+00 3.200615e+00 3.678468e+00 3.781952e+00 4.096989e+00 4.812075e+00 4.685296e+00 5.225923e+00 3.814654e+00 4.342663e+00 3.985492e+00 7.111484e-01
<GCONST> 1.041459e+02
<STATE> 3
<MEAN> 25
 8.581135e+00 3.760329e-01 5.175200e+00 -1.873764e+00 -7.572688e+00 4.513206e+00 -5.555840e-01 -5.802789e+00 -3.065007e+00 1.462280e+00 -2.406798e+00 -1.504511e+00 8.862566e-02 4.213454e-01 5.782895e-01 3.717245e-01 -2.743253e-01 -6.034692e-02 1.917545e-01 -4.466431e-01 -2.066456e-01 9.728131e-02 -2.183146e-01 4.368500e-01 -5.288870e-01
<VARIANCE> 25
 8.160508e+00 1.832992e+01 2.948233e+01 3.931969e+01 3.702897e+01 4.221691e+01 5.493599e+01 4.124015e+01 4.517776e+01 3.779444e+01 3.957932e+01 3.742089e+01 2.511533e-01 7.827017e-01 1.261877e+00 1.313639e+00 1.471617e+00 1.466502e+00 1.761752e+00 1.782263e+00 1.783479e+00 1.681576e+00 1.560158e+00 1.507470e+00 4.424952e-01
<GCONST> 8.976404e+01
<STATE> 4
<MEAN> 25
 7.048627e+00 3.262056e+00 4.487013e+00 1.435795e+00 -3.171316e+00 2.549948e+00 2.070371e+00 -5.490360e+00 -4.424179e+00 1.407384e+00 -4.302952e+00 -6.867202e-01 -6.469446e-01 3.806534e-01 -4.710100e-01 3.717009e-01 1.051610e+00 -4.736913e-01 1.874404e-01 5.349573e-01 7.897411e-02 -1.395261e-01 5.475769e-02 -2.223493e-01 -8.771034e-01
<VARIANCE> 25
 1.755070e+01 2.513754e+01 3.395644e+01 4.470782e+01 7.016498e+01 4.230526e+01 5.329481e+01 4.790874e+01 4.578886e+01 4.872645e+01 4.423657e+01 3.798656e+01 1.078837e+00 1.953680e+00 2.150447e+00 2.492760e+00 3.066153e+00 2.902353e+00 2.833019e+00 3.150062e+00 2.982525e+00 2.702072e+00 2.464346e+00 2.552292e+00 2.790384e+00
<GCONST> 1.020908e+02
<TRANSP> 5
 0.000000e+00 1.000000e+00 0.000000e+00 0.000000e+00 0.000000e+00
 0.000000e+00 5.461488e-01 4.538512e-01 0.000000e+00 0.000000e+00
 0.000000e+00 0.000000e+00 7.337416e-01 2.662584e-01 0.000000e+00
 0.000000e+00 0.000000e+00 0.000000e+00 6.903468e-01 3.096532e-01
 0.000000e+00 0.000000e+00 0.000000e+00 0.000000e+00 0.000000e+00
<ENDHMM>
~h "NY"
<BEGINHMM>
<NUMSTATES> 5
<STATE> 2
<MEAN> 25
 5.233044e+00 4.115014e+00 9.096268e+00 -6.928580e-01 -6.446173e+00 -2.841294e+00 -2.594129e+00 -9.546771e-01 -6.381207e+00 -1.514706e+00 2.626346e+00 6.230496e-01 -2.584320e-01 -3.074671e-01 5.425702e-01 -6.175449e-01 -6.278088e-01 1.857195e-01 2.367717e-01 4.708197e-01 -2.250613e-01 -2.229674e-01 3.438607e-01 -1.300113e-03 5.951058e-01
<VARIANCE> 25
 2.058750e+01 2.964099e+01 3.411275e+01 5.446752e+01 3.893166e+01 4.222591e+01 4.703708e+01 6.233905e+01 4.762318e+01 4.672095e+01 4.166633e+01 3.930467e+01 2.556064e+00 5.374087e+00 3.593125e+00 5.194726e+00 3.962412e+00 3.919868e+00 4.591899e+00 8.713188e+00 4.713221e+00 3.366797e+00 3.611773e+00 2.893839e+00 3.704255e+00
<GCONST> 1.087843e+02
<STATE> 3
<MEAN> 25
 2.779295e+00 -8.011318e+00 6.422986e+00 -4.571233e+00 -8.480392e+00 -2.036335e+00 6.029253e-01 1.017767e+01 -2.062471e+00 -5.831672e+00 -1.492276e-01 -7.319506e-01 3.261153e-01 -1.652783e+00 -2.043718e+00 6.220348e-01 1.478883e+00 1.948508e-01 -5.892294e-02 9.189024e-01 1.340647e+00 -9.419938e-01 -1.530897e+00 -2.384194e-01 4.802761e-01
<VARIANCE> 25
 9.009382e+00 2.603525e+01 3.363187e+01 2.521959e+01 3.950085e+01 3.329384e+01 3.719851e+01 3.745951e+01 4.524858e+01 3.733966e+01 3.767532e+01 2.483146e+01 2.629185e-01 1.453441e+00 1.158855e+00 1.105205e+00 1.971729e+00 1.681546e+00 1.920559e+00 2.838027e+00 1.756126e+00 2.275420e+00 1.626057e+00 1.644870e+00 5.507538e-01
<GCONST> 9.079477e+01
<STATE> 4
<MEAN> 25
 3.071612e+00 -7.277730e+00 -6.955917e-01 9.597735e-01 2.402489e+00 -4.708113e-01 5.951954e-01 7.001464e+00 4.699269e-01 -7.368238e+00 -4.675536e+00 -2.663278e-01 -1.663775e-02 1.227400e-01 -7.449966e-01 3.541002e-01 9.289585e-01 3.275845e-01 -2.095695e-01 -4.848453e-01 2.927847e-01 2.278213e-01 -2.576454e-01 -2.396497e-01 -9.768457e-01
<VARIANCE> 25
 1.202762e+01 3.364132e+01 3.211224e+01 3.903699e+01 7.043459e+01 3.501726e+01 4.774439e+01 4.730471e+01 4.370466e+01 3.958813e+01 3.712891e+01 2.877018e+01 5.154423e-01 1.208504e+00 1.574689e+00 1.632748e+00 2.224826e+00 1.604118e+00 1.879279e+00 1.791463e+00 1.926126e+00 1.689394e+00 1.750763e+00 1.624155e+00 1.066569e+00
<GCONST> 9.429285e+01
<TRANSP> 5
 0.000000e+00 1.000000e+00 0.000000e+00 0.000000e+00 0.000000e+00
 0.000000e+00 8.866066e-01 1.133934e-01 0.000000e+00 0.000000e+00
 0.000000e+00 0.000000e+00 7.429882e-01 2.570118e-01 0.000000e+00
 0.000000e+00 0.000000e+00 0.000000e+00 7.199072e-01 2.800928e-01
 0.000000e+00 0.000000e+00 0.000000e+00 0.000000e+00 0.000000e+00
<ENDHMM>
~h "OI"
<BEGINHMM>
<NUMSTATES> 5
<STATE> 2
<MEAN> 25
 7.561304e+00 2.813103e+00 -8.114404e+00 -1.631474e+01 -7.891166e+00 1.069360e+01 -7.983714e-01 -2.885427e+00 -1.035554e+00 -2.828313e+00 4.267181e+00 8.368139e-01 1.379587e+00 -7.470654e-01 -6.096624e-01 -2.187600e+00 -8.327656e-01 1.550682e+00 -9.983750e-01 -1.942364e-01 -5.805244e-02 1.057032e+00 1.321829e+00 -1.928413e-01 1.757774e+00
<VARIANCE> 25
 1.894967e+01 2.321228e+01 2.863722e+01 4.078451e+01 4.688240e+01 3.105350e+01 5.045510e+01 3.687443e+01 2.978169e+01 3.454903e+01 2.808281e+01 3.758257e+01 4.862771e+00 2.398573e+00 2.312286e+00 1.024851e+01 5.356141e+00 4.416847e+00 4.999990e+00 3.417252e+00 2.785167e+00 3.242794e+00 2.448367e+00 3.091506e+00 2.086694e+00
<GCONST> 1.043905e+02
<STATE> 3
<MEAN> 25
 7.238514e+00 -4.526441e+00 -8.174676e+00 -1.181323e+01 -3.610336e+00 7.908561e+00 -6.232948e+00 -2.691475e+00 1.615311e+00 7.737204e+00 6.040219e+00 -6.129404e+00 -5.576433e-01 -1.304934e+00 1.120043e+00 2.574276e+00 3.014233e-01 -3.364166e+00 -1.294944e+00 1.250578e+00 1.088213e+00 1.456465e+00 -1.173280e+00 -1.360172e+00 4.222509e-01
<VARIANCE> 25
 1.042234e+01 3.351360e+01 3.285196e+01 4.999365e+01 2.466099e+01 5.767430e+01 6.302170e+01 4.324001e+01 4.323039e+01 4.411372e+01 4.552100e+01 4.406339e+01 2.677909e-01 8.786878e-01 2.107372e+00 2.144717e+00 2.717085e+00 4.837378e+00 2.791026e+00 4.807496e+00 2.481173e+00 5.218254e+00 3.274365e+00 3.937198e+00 3.585347e-01
<GCONST> 9.885999e+01
<STATE> 4
<MEAN> 25
 7.329906e-01 -1.437858e-01 1.158586e+01 -1.046716e+00 -1.227505e+01 -7.129243e+00 -4.294518e+00 -6.396480e-01 -6.586341e+00 2.684301e+00 2.588326e+00 -9.869910e-01 -3.922836e-01 5.791441e-01 8.173156e-01 3.779243e-01 -1.844360e-01 -2.415968e-01 4.699283e-01 -2.191686e-01 -6.764792e-01 -5.453365e-01 1.601202e-03 4.951595e-01 -8.725363e-01
<VARIANCE> 25
 1.485911e+01 5.447163e+01 6.684937e+01 3.064663e+01 4.457510e+01 4.566300e+01 4.846788e+01 7.471316e+01 5.966777e+01 4.747483e+01 5.582429e+01 2.654082e+01 8.254707e-01 1.289310e+00 4.774135e+00 2.006918e+00 3.750003e+00 4.087494e+00 2.737646e+00 3.399504e+00 4.233950e+00 2.846551e+00 3.009382e+00 2.444174e+00 1.106939e+00
<GCONST> 1.031999e+02
<TRANSP> 5
 0.000000e+00 1.000000e+00 0.000000e+00 0.000000e+00 0.000000e+00
 0.000000e+00 7.694179e-01 2.305820e-01 0.000000e+00 0.000000e+00
 0.000000e+00 0.000000e+00 7.769801e-01 2.230199e-01 0.000000e+00
 0.000000e+00 0.000000e+00 0.000000e+00 9.318612e-01 6.813883e-02
 0.000000e+00 0.000000e+00 0.000000e+00 0.000000e+00 0.000000e+00
<ENDHMM>
~h "SY"
<BEGINHMM>
<NUMSTATES> 5
<STATE> 2
<MEAN> 25
 -9.361653e+00 4.612854e+00 4.690307e+00 1.274257e+00 2.813016e+00 -2.785309e+00 1.909637e+00 1.749858e+00 -1.879107e-01 -1.020869e+00 -1.529553e-01 3.018843e+00 -4.034604e+00 6.694372e-01 8.658900e-02 -4.047332e-01 1.015555e+00 4.447344e-01 8.519719e-01 3.290189e-01 5.209441e-01 6.021114e-02 7.859907e-01 4.063438e-01 5.271400e-01
<VARIANCE> 25
 7.765460e+01 3.771370e+01 4.711889e+01 3.555594e+01 4.799600e+01 4.419104e+01 4.688801e+01 4.600932e+01 3.862577e+01 3.215253e+01 3.313440e+01 2.485069e+01 3.764372e+00 5.290705e+00 4.306659e+00 3.639414e+00 4.567464e+00 4.411451e+00 4.767449e+00 4.295080e+00 3.847581e+00 3.578059e+00 3.173288e+00 2.803608e+00 3.552875e+00
<GCONST> 1.083688e+02
<STATE> 3
<MEAN> 25
 -2.406741e+01 3.242708e+00 2.705495e+00 -2.827173e+00 4.281733e+00 1.256364e+00 4.036272e+00 2.794275e+00 2.775702e+00 1.934125e+00 4.063441e+00 4.329404e+00 -3.430018e-01 -4.305925e-01 -7.022954e-02 -2.582903e-01 -3.778287e-01 1.315363e-01 1.145575e-01 -7.487049e-02 2.158438e-01 2.352906e-01 1.654683e-01 1.364571e-01 2.449372e-01
<VARIANCE> 25
 1.158443e+01 2.593247e+01 3.668005e+01 2.693603e+01 3.530461e+01 4.224869e+01 3.325378e+01 2.823017e+01 2.938416e+01 2.575510e+01 2.196365e+01 1.929490e+01 1.495895e+00 9.349540e-01 1.135964e+00 1.137723e+00 1.563313e+00 1.511154e+00 1.429330e+00 1.533691e+00 1.479448e+00 1.469982e+00 1.364027e+00 1.183006e+00 6.166499e-01
<GCONST> 8.838676e+01
<STATE> 4
<MEAN> 25
 -1.201156e+01 1.032738e+00 6.536182e+00 -1.656149e+00 -3.957056e+00 -3.767639e+00 8.064176e-01 6.510046e-01 6.765617e-01 -4.082766e-01 2.691548e+00 3.776299e+00 5.091929e+00 -7.507958e-01 8.766628e-01 2.761129e-01 -2.071888e+00 -1.657463e+00 -1.734082e+00 3.451150e-01 -6.518516e-01 -7.771391e-01 -4.003404e-01 -7.297927e-01 1.234394e+00
<VARIANCE> 25
 1.065655e+02 2.590317e+01 5.326870e+01 3.370403e+01 5.529560e+01 4.210830e+01 5.180029e+01 3.489045e+01 3.790274e+01 2.939467e+01 2.903761e+01 1.869995e+01 4.574832e+00 3.827754e+00 4.729693e+00 3.319243e+00 3.948636e+00 3.357501e+00 4.321976e+00 5.411992e+00 4.995483e+00 3.112889e+00 3.728926e+00 2.402520e+00 2.218652e+00
<GCONST> 1.070155e+02
<TRANSP> 5
 0.000000e+00 1.000000e+00 0.000000e+00 0.000000e+00 0.000000e+00
 0.000000e+00 7.831662e-01 2.168339e-01 0.000000e+00 0.000000e+00
 0.000000e+00 0.000000e+00 8.802657e-01 1.197343e-01 0.000000e+00
 0.000000e+00 0.000000e+00 0.000000e+00 7.645682e-01 2.354318e-01
 0.000000e+00 0.000000e+00 0.000000e+00 0.000000e+00 0.000000e+00
<ENDHMM>
~h "sp"
<BEGINHMM>
<NUMSTATES> 3
<STATE> 2
~s "silst"
<TRANSP> 3
 0.000000e+00 2.225393e-01 7.774606e-01
 0.000000e+00 9.533811e-01 4.661888e-02
 0.000000e+00 0.000000e+00 0.000000e+00
<ENDHMM>
~h "sil"
<BEGINHMM>
<NUMSTATES> 5
<STATE> 2
<MEAN> 25
 -5.741560e+00 -1.549957e-01 -8.769656e-01 3.263350e+00 4.033868e+00 7.746573e-02 4.322988e+00 9.253693e-01 6.996835e-01 -3.867977e-01 2.319736e-01 3.134193e+00 -1.192536e-01 -1.883693e-01 -6.473495e-02 2.681858e-02 -1.323899e-01 -1.900448e-01 -2.699557e-02 7.952438e-02 -7.669293e-02 -1.150826e-01 1.265358e-02 1.143668e-01 -2.733033e-03
<VARIANCE> 25
 2.420485e+01 3.382183e+01 3.867442e+01 4.514391e+01 3.947753e+01 4.864269e+01 3.943051e+01 5.174339e+01 3.657782e+01 3.586843e+01 3.295736e+01 2.798565e+01 1.759629e+00 2.885983e+00 2.660398e+00 3.255345e+00 2.944046e+00 3.370652e+00 2.978793e+00 3.985288e+00 2.966136e+00 3.053569e+00 2.538756e+00 2.363053e+00 3.269970e+00
<GCONST> 1.030396e+02
<STATE> 3
~s "silst"
<STATE> 4
<MEAN> 25
 -4.557540e+00 3.069591e+00 -1.938342e+00 3.204807e+00 4.121102e+00 -4.512872e-01 4.255875e+00 7.338513e-01 6.687868e-01 -1.568618e-01 4.094169e-01 2.366182e+00 -1.191231e-02 1.946557e-02 -1.421063e-03 -5.335392e-03 1.275326e-02 1.217593e-02 2.932456e-03 -4.867363e-03 3.918897e-03 1.778840e-02 9.107607e-03 -1.001366e-02 -1.921676e-02
<VARIANCE> 25
 5.722838e+00 1.472037e+01 1.422299e+01 1.176028e+01 1.546013e+01 1.941976e+01 2.014187e+01 2.334414e+01 2.181112e+01 1.749468e+01 1.828019e+01 1.459499e+01 1.355718e-01 3.087695e-01 4.646169e-01 6.479473e-01 8.568301e-01 1.055014e+00 1.203202e+00 1.334637e+00 1.391561e+00 1.383390e+00 1.314745e+00 1.204618e+00 7.693107e-02
<GCONST> 7.343745e+01
<TRANSP> 5
 0.000000e+00 1.000000e+00 0.000000e+00 0.000000e+00 0.000000e+00
 0.000000e+00 8.167187e-01 1.013392e-01 8.194213e-02 0.000000e+00
 0.000000e+00 0.000000e+00 9.104937e-01 8.950628e-02 0.000000e+00
 0.000000e+00 3.171587e-02 0.000000e+00 9.500914e-01 1.819272e-02
 0.000000e+00 0.000000e+00 0.000000e+00 0.000000e+00 0.000000e+00
<ENDHMM>
