~o
<STREAMINFO> 1 25
<VECSIZE> 25<NULLD><MFCC_D_N_Z_0><DIAGC>
~h "A"
<BEGINHMM>
<NUMSTATES> 5
<STATE> 2
<MEAN> 25
 4.480805e+00 -9.615526e+00 -5.210289e+00 -6.617509e+00 -5.133432e-01 2.648080e+00 -2.642779e+00 5.501683e+00 5.571381e+00 -4.745283e-01 -2.711210e+00 -5.737604e+00 3.050158e-01 -1.594159e+00 -1.011124e+00 -5.372319e-01 9.598122e-01 1.046171e+00 3.561765e-01 6.590475e-01 6.684163e-01 -7.987037e-01 -1.052392e+00 -1.077554e+00 1.313011e+00
<VARIANCE> 25
 1.726052e+01 2.803519e+01 3.570959e+01 3.590395e+01 5.034445e+01 6.516422e+01 4.552258e+01 6.363469e+01 4.453173e+01 4.015872e+01 4.399316e+01 3.499018e+01 1.891597e+00 2.560310e+00 2.506169e+00 2.881806e+00 3.431087e+00 3.949607e+00 3.587413e+00 4.837879e+00 3.545098e+00 3.232122e+00 3.547436e+00 3.021488e+00 3.903010e+00
<GCONST> 1.053679e+02
<STATE> 3
<MEAN> 25
 4.933498e+00 -1.167396e+01 -6.738500e+00 -6.864351e+00 1.923441e+00 4.679229e+00 -2.090264e+00 4.980712e+00 5.891916e+00 -1.927622e+00 -4.405883e+00 -7.224276e+00 4.305516e-03 1.201142e-01 -4.015636e-02 2.828955e-01 3.448787e-01 -1.167150e-01 2.052277e-01 -1.083198e-01 -1.082898e-01 -1.130710e-01 -2.181017e-01 3.955502e-02 -4.826565e-01
<VARIANCE> 25
 1.042769e+01 2.319162e+01 2.855094e+01 2.831525e+01 3.614207e+01 5.144393e+01 4.021099e+01 5.310598e+01 4.104676e+01 3.808031e+01 3.887375e+01 3.076550e+01 6.003967e-01 1.587291e+00 1.238436e+00 1.556226e+00 2.050476e+00 2.733789e+00 2.152037e+00 2.796272e+00 1.996714e+00 2.258196e+00 2.290548e+00 1.830968e+00 2.449255e+00
<GCONST> 9.572770e+01
<STATE> 4
<MEAN> 25
 3.055576e+00 -7.029505e+00 -5.942952e+00 -2.918668e+00 3.020466e+00 1.630590e+00 9.842728e-02 3.459683e+00 3.990563e+00 -1.642685e+00 -4.271342e+00 -4.078603e+00 -3.710635e-02 8.777936e-01 4.678686e-01 5.238278e-01 -2.072561e-01 -4.132000e-01 -3.263158e-02 -2.516402e-01 -3.229229e-01 2.719607e-01 2.035540e-01 3.925540e-01 -1.292434e+00
<VARIANCE> 25
 2.203955e+01 4.134973e+01 2.997243e+01 3.793786e+01 3.989015e+01 4.411781e+01 4.054334e+01 4.643897e+01 4.014022e+01 3.634949e+01 3.671189e+01 3.717060e+01 8.889688e-01 1.770921e+00 1.537031e+00 1.821898e+00 2.113030e+00 2.347172e+00 2.340368e+00 2.715973e+00 2.266358e+00 2.253653e+00 2.189579e+00 1.904427e+00 2.342245e+00
<GCONST> 9.815981e+01
<TRANSP> 5
 0.000000e+00 1.000000e+00 0.000000e+00 0.000000e+00 0.000000e+00
 0.000000e+00 5.837412e-01 4.162588e-01 0.000000e+00 0.000000e+00
 0.000000e+00 0.000000e+00 6.585900e-01 3.414100e-01 0.000000e+00
 0.000000e+00 0.000000e+00 0.000000e+00 8.041633e-01 1.958366e-01
 0.000000e+00 0.000000e+00 0.000000e+00 0.000000e+00 0.000000e+00
<ENDHMM>
~h "B"
<BEGINHMM>
<NUMSTATES> 5
<STATE> 2
<MEAN> 25
 8.759032e+00 7.062851e+00 3.796665e+00 2.433608e+00 1.368301e+00 4.313052e+00 3.300132e-01 -5.336808e+00 -4.921234e+00 -2.782864e-02 4.196835e-01 -1.531629e+00 8.130617e-01 1.531850e+00 5.628536e-01 4.969381e-01 6.925127e-01 4.073067e-01 8.283907e-01 -4.990836e-01 -5.092518e-01 -1.629825e-01 -2.443073e-01 -5.127816e-02 -1.270976e+00
<VARIANCE> 25
 4.551296e+01 4.054922e+01 3.113889e+01 4.019867e+01 3.503505e+01 3.925455e+01 4.487416e+01 4.096828e+01 4.889770e+01 3.200225e+01 4.150264e+01 2.866353e+01 2.419980e+00 2.911906e+00 2.803608e+00 3.366370e+00 2.939727e+00 2.948820e+00 3.631272e+00 3.518074e+00 4.119161e+00 2.968363e+00 3.306875e+00 2.382129e+00 6.346471e+00
<GCONST> 1.050998e+02
<STATE> 3
<MEAN> 25
 1.054195e+01 9.655374e+00 4.420386e+00 2.293456e+00 2.009408e+00 4.995442e+00 1.479931e+00 -6.363787e+00 -5.519305e+00 -6.942858e-02 4.397584e-01 -1.566633e+00 -4.514780e-01 -9.869979e-01 -8.446233e-01 -1.035385e+00 3.203435e-02 -4.024189e-01 -8.336521e-01 3.586332e-01 9.664292e-01 4.195707e-01 6.509427e-01 2.194951e-01 1.989661e+00
<VARIANCE> 25
 2.595177e+01 3.412436e+01 2.527639e+01 3.475966e+01 3.135116e+01 3.650964e+01 3.458233e+01 3.482999e+01 4.396877e+01 3.151641e+01 3.994043e+01 2.839341e+01 2.825153e+00 5.170181e+00 3.606278e+00 5.692791e+00 3.323795e+00 3.605400e+00 4.544797e+00 3.810361e+00 5.500023e+00 3.787560e+00 4.268671e+00 3.235336e+00 8.563377e+00
<GCONST> 1.067637e+02
<STATE> 4
<MEAN> 25
 8.150039e+00 4.786286e+00 1.285214e+00 -1.171670e+00 1.245390e+00 3.594096e+00 -1.895659e+00 -4.634068e+00 -1.747248e+00 1.693588e+00 2.352736e+00 -1.174482e+00 -1.133101e+00 -2.729250e+00 -1.349061e+00 -1.603787e+00 -1.048548e+00 -6.075063e-01 -1.684236e+00 1.092806e+00 1.675586e+00 6.124763e-01 5.954823e-01 -2.058208e-01 3.932087e+00
<VARIANCE> 25
 2.809070e+01 6.006803e+01 3.903994e+01 7.474582e+01 3.588074e+01 4.768232e+01 4.474559e+01 3.394784e+01 4.483083e+01 4.209293e+01 4.479991e+01 3.370960e+01 2.260997e+00 4.472390e+00 5.011477e+00 6.632246e+00 4.845303e+00 5.681113e+00 4.713786e+00 5.500360e+00 7.847371e+00 5.536172e+00 5.409698e+00 6.221980e+00 6.257419e+00
<GCONST> 1.124993e+02
<TRANSP> 5
 0.000000e+00 1.000000e+00 0.000000e+00 0.000000e+00 0.000000e+00
 0.000000e+00 7.144803e-01 2.855197e-01 0.000000e+00 0.000000e+00
 0.000000e+00 0.000000e+00 4.641716e-01 5.358284e-01 0.000000e+00
 0.000000e+00 0.000000e+00 0.000000e+00 5.498866e-01 4.501134e-01
 0.000000e+00 0.000000e+00 0.000000e+00 0.000000e+00 0.000000e+00
<ENDHMM>
~h "C"
<BEGINHMM>
<NUMSTATES> 5
<STATE> 2
<MEAN> 25
 -2.022790e+00 6.003253e+00 2.527837e+00 3.696474e+00 1.145675e+00 -5.353407e+00 8.919750e-01 -1.172048e-02 -4.005573e-01 -7.228236e-01 -1.029906e+00 2.208002e+00 -1.686658e+00 8.218454e-02 -6.733854e-01 -3.415733e-01 8.166423e-01 1.021336e-01 5.262435e-01 -1.589902e-01 1.746744e-01 1.076383e-01 1.288232e-01 2.229459e-01 -1.101192e+00
<VARIANCE> 25
 3.680662e+01 3.535335e+01 3.674653e+01 2.774249e+01 4.079105e+01 4.186404e+01 4.565503e+01 4.149577e+01 3.797356e+01 2.779023e+01 2.686512e+01 2.259966e+01 5.020601e+00 4.922231e+00 3.136774e+00 3.447057e+00 4.165030e+00 3.180503e+00 3.593626e+00 3.417392e+00 3.213745e+00 2.710445e+00 2.671693e+00 2.473489e+00 1.182228e+01
<GCONST> 1.056076e+02
<STATE> 3
<MEAN> 25
 -1.447042e+01 2.958557e+00 -1.660698e+00 -1.627588e+00 4.173956e+00 -3.265635e+00 2.574486e+00 -1.371349e-01 3.898724e-01 7.199016e-01 1.162693e+00 3.916067e+00 -2.251617e+00 -4.732855e-01 -2.249208e-01 -1.135421e+00 -2.912628e-01 -3.406752e-02 4.592293e-02 4.258541e-01 2.715319e-01 1.228757e-01 4.488101e-01 4.889461e-01 3.874356e+00
<VARIANCE> 25
 5.771611e+01 2.854137e+01 3.146014e+01 3.258088e+01 3.314662e+01 3.684881e+01 3.648840e+01 3.109805e+01 2.791198e+01 2.194937e+01 2.186966e+01 1.775955e+01 9.889812e+00 3.427831e+00 4.145968e+00 3.633887e+00 4.267315e+00 3.896592e+00 3.650074e+00 3.571801e+00 3.102904e+00 2.470432e+00 2.590298e+00 1.942310e+00 9.348770e+00
<GCONST> 1.043104e+02
<STATE> 4
<MEAN> 25
 -1.010523e+01 1.105529e+00 1.875002e+00 -2.426855e+00 -1.743240e+00 -5.471671e+00 -4.843287e-01 2.448080e+00 1.901523e+00 -7.880462e-01 4.076256e-01 3.614330e+00 4.476674e+00 -1.542512e+00 9.659804e-01 1.792432e-01 -1.889662e+00 -3.580658e-01 -1.615380e+00 8.327187e-01 6.356037e-01 -4.305054e-01 -5.112520e-01 -1.068568e+00 2.324896e+00
<VARIANCE> 25
 1.015344e+02 3.401485e+01 3.747103e+01 3.112684e+01 4.282349e+01 3.939357e+01 5.341502e+01 4.245810e+01 3.296353e+01 2.383559e+01 2.671276e+01 1.984536e+01 8.410277e+00 5.850753e+00 6.150965e+00 4.473264e+00 4.947851e+00 5.092608e+00 5.020581e+00 7.205421e+00 5.686903e+00 3.653120e+00 3.527744e+00 2.958703e+00 3.003785e+00
<GCONST> 1.097577e+02
<TRANSP> 5
 0.000000e+00 1.000000e+00 0.000000e+00 0.000000e+00 0.000000e+00
 0.000000e+00 8.077940e-01 1.922060e-01 0.000000e+00 0.000000e+00
 0.000000e+00 0.000000e+00 7.161142e-01 2.838858e-01 0.000000e+00
 0.000000e+00 0.000000e+00 0.000000e+00 6.997860e-01 3.002141e-01
 0.000000e+00 0.000000e+00 0.000000e+00 0.000000e+00 0.000000e+00
<ENDHMM>
~h "D"
<BEGINHMM>
<NUMSTATES> 5
<STATE> 2
<MEAN> 25
 6.561141e+00 4.304648e+00 6.198966e+00 6.546644e+00 -6.342490e-01 -2.984700e+00 -2.616595e+00 -1.044801e-01 1.449193e+00 -9.831365e-01 -3.893828e+00 -1.178672e+00 7.667128e-01 1.076172e+00 9.373937e-01 9.331378e-01 6.290795e-01 -4.445028e-01 -6.840441e-02 3.522591e-02 2.228709e-01 -2.529245e-01 -5.512798e-01 -4.382411e-02 -9.350356e-01
<VARIANCE> 25
 4.687162e+01 5.784809e+01 3.833307e+01 3.784319e+01 5.316489e+01 3.662271e+01 5.661498e+01 6.878638e+01 4.519386e+01 3.771246e+01 4.013580e+01 3.118332e+01 3.283776e+00 4.510392e+00 2.997405e+00 3.798337e+00 4.590206e+00 3.232184e+00 4.260887e+00 5.834302e+00 4.056811e+00 3.192652e+00 3.876354e+00 2.920680e+00 8.283509e+00
<GCONST> 1.096866e+02
<STATE> 3
<MEAN> 25
 7.214254e+00 4.490298e+00 8.541616e+00 6.826362e+00 1.643153e-02 -4.280612e+00 -3.668018e+00 9.484130e-01 1.492009e+00 -1.678142e+00 -3.613711e+00 -2.288210e-01 -1.224842e+00 -2.024561e+00 -5.793032e-02 -1.617642e+00 -8.247060e-01 -4.571271e-01 -7.733507e-01 1.264329e+00 -6.629176e-02 -9.489466e-02 1.267614e+00 8.907264e-01 3.255917e+00
<VARIANCE> 25
 3.405103e+01 5.013164e+01 2.902100e+01 4.087602e+01 4.475457e+01 3.688457e+01 5.413826e+01 5.104339e+01 4.389410e+01 3.501247e+01 3.598432e+01 3.378193e+01 3.552303e+00 5.508085e+00 3.969306e+00 5.070829e+00 6.739964e+00 3.939711e+00 5.571922e+00 7.997790e+00 6.250338e+00 3.979162e+00 4.643421e+00 3.564308e+00 9.529256e+00
<GCONST> 1.115682e+02
<STATE> 4
<MEAN> 25
 3.983418e+00 -1.990900e+00 6.931784e+00 1.307339e+00 -5.399914e+00 -5.280363e+00 -5.966496e+00 4.867369e+00 1.847942e+00 -1.259376e+00 5.741212e-01 1.511453e+00 -8.834138e-01 -1.702449e+00 -8.660188e-01 -1.722487e+00 -1.539581e+00 1.878099e-01 -2.756787e-01 9.053643e-01 1.883408e-01 2.071214e-01 9.669955e-01 -1.537248e-01 3.200936e+00
<VARIANCE> 25
 2.312205e+01 4.575597e+01 4.377228e+01 4.735991e+01 6.956411e+01 3.839451e+01 6.680452e+01 6.850156e+01 6.310286e+01 3.139138e+01 3.925560e+01 2.804668e+01 3.179141e+00 3.607768e+00 5.667876e+00 4.255219e+00 7.336888e+00 4.245902e+00 6.328311e+00 9.275265e+00 8.646372e+00 4.135702e+00 6.379161e+00 4.169067e+00 6.564814e+00
<GCONST> 1.133350e+02
<TRANSP> 5
 0.000000e+00 1.000000e+00 0.000000e+00 0.000000e+00 0.000000e+00
 0.000000e+00 7.013330e-01 2.986671e-01 0.000000e+00 0.000000e+00
 0.000000e+00 0.000000e+00 5.288626e-01 4.711374e-01 0.000000e+00
 0.000000e+00 0.000000e+00 0.000000e+00 5.003331e-01 4.996669e-01
 0.000000e+00 0.000000e+00 0.000000e+00 0.000000e+00 0.000000e+00
<ENDHMM>
~h "E"
<BEGINHMM>
<NUMSTATES> 5
<STATE> 2
<MEAN> 25
 2.698237e+00 -7.901289e+00 4.974210e+00 -1.953063e+00 -1.015644e+01 -6.558216e+00 -9.014727e-01 8.209811e+00 -3.412795e-01 -5.023938e-01 2.862156e+00 -7.319122e-01 1.533637e-01 -1.180559e+00 1.010705e+00 -9.656340e-01 -1.955004e+00 -2.678781e-01 7.995207e-01 1.574701e+00 -4.622874e-01 -1.764535e-01 7.806688e-01 -1.742934e-01 1.943562e+00
<VARIANCE> 25
 2.233495e+01 4.093255e+01 4.645940e+01 3.370317e+01 5.550867e+01 4.184595e+01 6.164414e+01 5.488849e+01 4.862492e+01 3.903527e+01 4.853133e+01 2.998731e+01 2.543958e+00 3.563053e+00 2.975761e+00 2.794002e+00 4.737276e+00 3.415107e+00 4.686865e+00 5.569313e+00 4.225533e+00 3.810777e+00 3.491696e+00 2.530197e+00 6.711971e+00
<GCONST> 1.080595e+02
<STATE> 3
<MEAN> 25
 2.903201e+00 -8.680270e+00 8.052645e+00 -4.292081e+00 -1.384546e+01 -7.015726e+00 6.963533e-01 9.364721e+00 -2.064845e+00 7.695615e-01 5.091809e+00 -1.646855e+00 -5.435233e-02 3.160683e-01 4.614681e-03 5.335527e-02 7.138345e-02 -3.710912e-02 3.424424e-01 -2.041390e-01 -7.846263e-02 8.704901e-02 -5.710603e-02 -8.211824e-02 -4.311390e-01
<VARIANCE> 25
 9.094276e+00 2.639322e+01 4.031829e+01 2.893409e+01 3.608834e+01 3.799274e+01 5.046403e+01 4.779624e+01 4.632605e+01 4.363813e+01 4.711312e+01 2.685470e+01 5.679075e-01 1.290812e+00 1.280351e+00 1.412889e+00 1.749462e+00 1.472245e+00 2.044058e+00 2.051264e+00 2.003396e+00 1.667992e+00 1.685056e+00 1.158995e+00 2.896655e+00
<GCONST> 9.385681e+01
<STATE> 4
<MEAN> 25
 8.984294e-02 -2.553271e+00 4.148615e+00 -5.313794e-02 -7.339951e+00 -5.508574e+00 3.031955e+00 3.633966e+00 -1.081739e+00 9.622221e-02 2.277615e+00 2.055197e-01 -3.117309e-02 4.563031e-01 -3.334520e-01 3.631657e-01 6.969177e-01 1.403025e-01 -9.645426e-02 -3.738358e-01 1.088048e-01 -1.019789e-02 -3.395711e-01 6.628399e-02 -9.116380e-01
<VARIANCE> 25
 2.259131e+01 4.406025e+01 5.451394e+01 3.086847e+01 7.315513e+01 4.451811e+01 4.371516e+01 4.951854e+01 3.908609e+01 3.480865e+01 3.947908e+01 2.679050e+01 8.543125e-01 1.438786e+00 1.354709e+00 1.463671e+00 2.203684e+00 1.816368e+00 2.348158e+00 2.202689e+00 2.018617e+00 1.883419e+00 1.841352e+00 1.461562e+00 2.288765e+00
<GCONST> 9.730089e+01
<TRANSP> 5
 0.000000e+00 1.000000e+00 0.000000e+00 0.000000e+00 0.000000e+00
 0.000000e+00 6.469823e-01 3.530177e-01 0.000000e+00 0.000000e+00
 0.000000e+00 0.000000e+00 7.803696e-01 2.196303e-01 0.000000e+00
 0.000000e+00 0.000000e+00 0.000000e+00 8.606227e-01 1.393773e-01
 0.000000e+00 0.000000e+00 0.000000e+00 0.000000e+00 0.000000e+00
<ENDHMM>
~h "F"
<BEGINHMM>
<NUMSTATES> 5
<STATE> 2
<MEAN> 25
 -3.595864e+00 2.122231e+00 -3.540070e-01 3.456989e+00 3.447997e+00 -1.185466e-01 1.289829e+00 -3.131271e-01 9.300958e-02 6.949361e-01 -1.503714e-01 1.267072e+00 -2.989234e+00 -7.482208e-02 -4.389108e-01 1.051833e+00 7.218509e-01 -4.667679e-01 3.488540e-01 2.897000e-01 6.995335e-01 1.493329e-02 -4.622373e-02 5.342832e-01 -9.828581e-01
<VARIANCE> 25
 4.978989e+01 2.554520e+01 3.424609e+01 3.733878e+01 3.561258e+01 4.567501e+01 3.638544e+01 3.456491e+01 3.209759e+01 2.717252e+01 2.649473e+01 2.288715e+01 4.064642e+00 3.887069e+00 3.564805e+00 4.260108e+00 4.906784e+00 4.601364e+00 3.786158e+00 4.051960e+00 3.707660e+00 3.326842e+00 3.172210e+00 2.436380e+00 2.247832e+00
<GCONST> 1.046538e+02
<STATE> 3
<MEAN> 25
 -1.121882e+01 -6.789529e-01 -2.896955e+00 4.000146e+00 3.249606e+00 -1.408216e+00 1.169535e+00 5.424444e-01 1.201424e+00 9.888983e-01 5.247846e-01 2.930572e+00 -5.662905e-01 -4.394940e-01 -3.179278e-01 -7.996351e-02 -6.761714e-02 -3.686640e-02 -1.823779e-02 4.398749e-02 6.004743e-02 3.714969e-02 7.738296e-02 1.055165e-01 -1.796001e-01
<VARIANCE> 25
 2.957135e+01 2.369471e+01 2.134249e+01 1.957218e+01 2.395590e+01 2.571787e+01 2.754573e+01 2.668910e+01 2.435510e+01 2.211759e+01 2.005458e+01 1.878880e+01 2.164874e+00 1.444781e+00 1.501330e+00 1.520163e+00 1.681630e+00 1.919404e+00 1.921357e+00 1.881979e+00 1.825022e+00 1.802882e+00 1.657961e+00 1.509266e+00 1.708737e+00
<GCONST> 9.084470e+01
<STATE> 4
<MEAN> 25
 -8.685657e+00 -2.451177e+00 -4.504169e+00 2.386614e+00 3.328184e+00 -4.439063e-01 1.649917e+00 1.103306e+00 1.172940e+00 8.457282e-01 8.419760e-01 2.376915e+00 1.632839e+00 1.989125e-01 1.952796e-01 -5.134320e-01 -3.716944e-01 2.016291e-01 -9.608431e-02 -1.450679e-01 -2.382803e-01 -1.117083e-01 4.086997e-02 -3.837101e-01 4.954199e-01
<VARIANCE> 25
 5.080353e+01 3.149158e+01 2.856033e+01 2.759447e+01 2.926732e+01 3.013759e+01 2.607834e+01 2.746992e+01 2.587364e+01 2.328257e+01 2.120816e+01 1.919491e+01 7.347816e+00 2.543783e+00 2.808352e+00 3.551015e+00 2.760172e+00 3.319850e+00 2.553923e+00 2.651213e+00 2.699911e+00 2.397181e+00 2.198434e+00 2.254679e+00 3.751866e+00
<GCONST> 9.990691e+01
<TRANSP> 5
 0.000000e+00 1.000000e+00 0.000000e+00 0.000000e+00 0.000000e+00
 0.000000e+00 7.026853e-01 2.973147e-01 0.000000e+00 0.000000e+00
 0.000000e+00 0.000000e+00 8.481842e-01 1.518157e-01 0.000000e+00
 0.000000e+00 0.000000e+00 0.000000e+00 8.434747e-01 1.565253e-01
 0.000000e+00 0.000000e+00 0.000000e+00 0.000000e+00 0.000000e+00
<ENDHMM>
~h "G"
<BEGINHMM>
<NUMSTATES> 5
<STATE> 2
<MEAN> 25
 7.279910e+00 5.030787e+00 6.629528e+00 4.401079e+00 -1.957670e+00 -3.532296e+00 -2.106178e+00 -1.135813e+00 -3.499774e+00 2.829718e+00 -8.689293e-01 -2.981467e+00 7.396849e-02 1.030861e+00 5.632682e-01 1.173447e+00 6.547767e-01 -7.810632e-01 4.695399e-01 -2.391534e-01 -4.109376e-01 -1.157985e-01 -2.937661e-01 2.498221e-01 -1.284349e+00
<VARIANCE> 25
 3.014711e+01 4.945792e+01 4.473710e+01 4.213908e+01 5.829320e+01 5.031547e+01 6.071350e+01 5.801043e+01 4.940765e+01 4.079101e+01 3.865011e+01 3.426695e+01 3.505081e+00 4.778120e+00 4.572999e+00 3.639948e+00 5.879342e+00 4.425531e+00 5.010346e+00 4.877480e+00 5.562263e+00 3.676028e+00 3.600741e+00 3.339427e+00 8.211545e+00
<GCONST> 1.114395e+02
<STATE> 3
<MEAN> 25
 3.660495e+00 4.270158e+00 4.977263e+00 5.863679e+00 9.028606e-01 -5.680611e+00 -1.612288e+00 -6.265259e-01 -3.539978e+00 2.398729e+00 -1.117473e+00 -3.465832e-01 -1.193328e+00 -1.449078e+00 -9.061975e-01 -8.921800e-01 -1.311925e-01 -6.557537e-01 -8.311016e-01 9.516475e-01 3.250277e-01 2.708016e-02 6.313971e-01 6.657666e-01 2.703537e+00
<VARIANCE> 25
 4.217038e+01 5.208729e+01 5.827020e+01 3.422823e+01 7.766238e+01 4.970475e+01 5.831011e+01 4.642439e+01 4.135641e+01 3.429507e+01 3.566956e+01 3.451947e+01 4.777414e+00 5.594882e+00 6.887923e+00 4.214700e+00 1.197161e+01 4.959776e+00 5.739750e+00 6.108936e+00 6.002294e+00 3.968906e+00 4.972264e+00 4.108392e+00 7.738199e+00
<GCONST> 1.143037e+02
<STATE> 4
<MEAN> 25
 2.338386e+00 4.387821e-01 3.446830e+00 1.275596e+00 -3.518705e+00 -5.802065e+00 -3.689540e+00 2.661182e+00 -1.490164e+00 2.351933e+00 1.570424e+00 -2.132673e-01 -1.222421e-01 -1.197009e+00 -6.501111e-01 -1.724163e+00 -1.058269e+00 7.059168e-01 -3.236607e-01 1.044718e+00 9.539341e-01 -9.517716e-02 3.830036e-01 -4.272169e-01 2.075176e+00
<VARIANCE> 25
 2.877747e+01 4.780222e+01 5.731570e+01 3.935738e+01 8.465045e+01 5.220065e+01 6.097813e+01 6.034007e+01 5.486953e+01 3.641471e+01 4.540024e+01 3.052369e+01 3.190209e+00 2.990349e+00 5.129963e+00 3.625082e+00 8.341511e+00 4.094139e+00 4.381578e+00 5.884541e+00 6.634421e+00 3.269066e+00 5.251897e+00 4.137354e+00 4.085133e+00
<GCONST> 1.118547e+02
<TRANSP> 5
 0.000000e+00 1.000000e+00 0.000000e+00 0.000000e+00 0.000000e+00
 0.000000e+00 6.702164e-01 3.297836e-01 0.000000e+00 0.000000e+00
 0.000000e+00 0.000000e+00 5.963920e-01 4.036081e-01 0.000000e+00
 0.000000e+00 0.000000e+00 0.000000e+00 5.609803e-01 4.390197e-01
 0.000000e+00 0.000000e+00 0.000000e+00 0.000000e+00 0.000000e+00
<ENDHMM>
~h "H"
<BEGINHMM>
<NUMSTATES> 5
<STATE> 2
<MEAN> 25
 3.031499e-01 -3.059745e+00 -2.257494e+00 7.119500e-01 7.164400e+00 3.589715e+00 3.078428e+00 2.352131e+00 9.586541e-01 -7.624583e-01 -2.657991e+00 1.802575e-01 -8.649330e-01 -1.176716e-01 -3.922256e-02 7.000816e-01 1.126185e+00 3.239897e-01 6.462208e-01 1.547586e-01 3.012449e-01 -1.269583e-01 3.955404e-02 4.841501e-01 -9.001189e-01
<VARIANCE> 25
 2.787908e+01 4.260878e+01 4.960852e+01 4.561951e+01 7.249377e+01 5.400229e+01 5.234045e+01 5.121086e+01 4.614074e+01 4.087059e+01 4.174105e+01 3.525580e+01 1.766390e+00 3.275708e+00 3.413246e+00 3.464664e+00 4.013381e+00 3.434017e+00 3.610239e+00 3.542904e+00 3.269214e+00 3.015097e+00 3.035055e+00 2.663102e+00 2.431645e+00
<GCONST> 1.064181e+02
<STATE> 3
<MEAN> 25
 -1.796735e+00 -3.891163e+00 -3.055012e+00 1.155114e+00 8.298021e+00 3.692244e+00 3.608949e+00 2.473741e+00 1.803971e+00 -8.151967e-01 -2.223219e+00 9.921160e-01 -3.800558e-01 -1.133707e-02 -1.206015e-01 -5.435731e-02 -1.265825e-01 -1.569521e-01 2.520778e-02 -1.621053e-01 -1.102345e-02 -6.207023e-03 1.498917e-01 1.460667e-01 -8.861645e-01
<VARIANCE> 25
 3.193059e+01 4.497224e+01 4.731533e+01 4.249703e+01 6.712294e+01 5.185872e+01 5.330993e+01 4.908522e+01 4.420914e+01 4.117299e+01 3.844699e+01 3.285453e+01 1.649579e+00 2.623825e+00 2.588032e+00 2.610086e+00 3.215283e+00 3.002074e+00 3.111868e+00 3.058295e+00 2.860041e+00 2.666458e+00 2.577583e+00 2.289526e+00 2.897556e+00
<GCONST> 1.042620e+02
<STATE> 4
<MEAN> 25
 -4.008640e+00 -2.569082e+00 -4.075699e+00 1.494370e+00 5.371041e+00 1.116509e+00 3.172283e+00 1.125094e+00 9.457822e-01 -9.710624e-01 -8.221168e-01 1.658673e+00 1.331632e-01 1.766623e-01 3.674179e-02 -7.860729e-02 -2.420602e-01 -6.919279e-02 -6.940562e-02 -1.076356e-01 -8.304898e-02 2.104529e-02 3.228290e-02 -7.302974e-02 -1.524757e-01
<VARIANCE> 25
 2.387347e+01 5.316207e+01 3.357812e+01 2.969027e+01 3.989594e+01 3.567297e+01 3.412062e+01 3.231653e+01 3.123283e+01 2.793760e+01 2.727836e+01 2.355470e+01 1.267519e+00 1.715816e+00 1.559670e+00 1.556156e+00 1.847488e+00 1.858631e+00 2.057538e+00 2.047728e+00 2.039942e+00 1.922510e+00 1.805611e+00 1.700352e+00 1.872269e+00
<GCONST> 9.495172e+01
<TRANSP> 5
 0.000000e+00 1.000000e+00 0.000000e+00 0.000000e+00 0.000000e+00
 0.000000e+00 5.204243e-01 4.795757e-01 0.000000e+00 0.000000e+00
 0.000000e+00 0.000000e+00 4.731093e-01 5.268907e-01 0.000000e+00
 0.000000e+00 0.000000e+00 0.000000e+00 8.687860e-01 1.312140e-01
 0.000000e+00 0.000000e+00 0.000000e+00 0.000000e+00 0.000000e+00
<ENDHMM>
~h "I"
<BEGINHMM>
<NUMSTATES> 5
<STATE> 2
<MEAN> 25
 -3.317063e-01 1.416116e+00 1.335948e+01 2.057556e+00 -9.004159e+00 -5.538347e+00 -3.429938e+00 -2.281542e+00 -7.302085e+00 -9.691024e-01 3.861213e+00 6.160639e-01 3.715049e-01 4.313485e-02 2.793688e+00 -4.417194e-01 -2.801198e+00 2.604467e-01 -1.287307e+00 -6.100278e-01 -1.790064e+00 -8.302876e-02 1.326558e+00 -3.894476e-01 1.720850e+00
<VARIANCE> 25
 3.005223e+01 3.593665e+01 4.978960e+01 3.812446e+01 5.461966e+01 4.488589e+01 5.220070e+01 5.211345e+01 4.603964e+01 3.796936e+01 3.385316e+01 2.807946e+01 5.394131e+00 3.078819e+00 4.788925e+00 4.139101e+00 4.976004e+00 4.697366e+00 6.182241e+00 5.714423e+00 5.299158e+00 4.510816e+00 3.652186e+00 3.242996e+00 4.538998e+00
<GCONST> 1.101882e+02
<STATE> 3
<MEAN> 25
 2.701320e-01 2.101804e+00 1.846181e+01 4.671907e-02 -1.431960e+01 -3.079625e+00 -6.743110e+00 -3.839628e+00 -1.008759e+01 -5.002216e-01 6.250605e+00 -1.112545e+00 1.217072e-01 2.448888e-01 -4.316838e-02 -8.356987e-02 -1.481711e-01 1.263109e-01 6.218070e-02 -1.114805e-01 1.322337e-01 1.282790e-01 2.050849e-02 -9.432785e-02 -2.970752e-01
<VARIANCE> 25
 1.261910e+01 2.537785e+01 3.226051e+01 3.801991e+01 2.809678e+01 4.422769e+01 3.981450e+01 4.320866e+01 3.803254e+01 5.217426e+01 3.444844e+01 3.283353e+01 1.059330e+00 1.789219e+00 2.435077e+00 2.088167e+00 3.082409e+00 2.684287e+00 2.982948e+00 3.116761e+00 2.807045e+00 2.323835e+00 2.107868e+00 1.689342e+00 2.691615e+00
<GCONST> 9.877121e+01
<STATE> 4
<MEAN> 25
 -3.482206e-03 4.724781e+00 1.325294e+01 1.729001e+00 -9.195740e+00 -3.318655e+00 -2.461820e+00 -4.377839e+00 -6.409350e+00 -3.248575e-01 2.832701e+00 7.241890e-03 9.476823e-02 9.891935e-02 -1.158844e+00 2.869106e-01 1.024677e+00 -1.528741e-01 5.237990e-01 2.924733e-01 6.495990e-01 1.015515e-02 -5.267482e-01 1.678407e-01 -1.176812e+00
<VARIANCE> 25
 2.010636e+01 3.197486e+01 5.684955e+01 3.700451e+01 5.505514e+01 5.468475e+01 4.669988e+01 5.068521e+01 3.966523e+01 3.645002e+01 3.653859e+01 3.005181e+01 1.474977e+00 1.914522e+00 2.291901e+00 1.982472e+00 3.121475e+00 2.562429e+00 2.956172e+00 3.201202e+00 2.866959e+00 2.305336e+00 2.341390e+00 1.856729e+00 3.076038e+00
<GCONST> 1.014816e+02
<TRANSP> 5
 0.000000e+00 1.000000e+00 0.000000e+00 0.000000e+00 0.000000e+00
 0.000000e+00 6.608070e-01 3.391930e-01 0.000000e+00 0.000000e+00
 0.000000e+00 0.000000e+00 7.270237e-01 2.729763e-01 0.000000e+00
 0.000000e+00 0.000000e+00 0.000000e+00 8.470840e-01 1.529159e-01
 0.000000e+00 0.000000e+00 0.000000e+00 0.000000e+00 0.000000e+00
<ENDHMM>
~h "J"
<BEGINHMM>
<NUMSTATES> 5
<STATE> 2
<MEAN> 25
 3.167254e+00 8.142398e+00 8.833190e+00 5.219347e+00 -1.357908e+00 -4.178602e+00 -2.839936e-02 1.270261e+00 -1.308745e+00 -2.712139e+00 -5.039998e-01 1.466360e+00 -3.638093e-01 1.234905e+00 5.502985e-01 2.770722e-01 8.129537e-01 1.813367e-03 7.606133e-01 -5.103329e-02 1.347889e-01 -1.126065e-01 -1.905211e-01 1.031220e-01 -9.417900e-01
<VARIANCE> 25
 4.445060e+01 4.510610e+01 4.245805e+01 3.044828e+01 4.839505e+01 4.247404e+01 4.870923e+01 3.926868e+01 3.880353e+01 3.149597e+01 2.700451e+01 2.490535e+01 5.910277e+00 3.441031e+00 3.266658e+00 3.055202e+00 4.102048e+00 3.322182e+00 4.194924e+00 4.058633e+00 3.943133e+00 2.979118e+00 2.678416e+00 2.608511e+00 7.313039e+00
<GCONST> 1.066761e+02
<STATE> 3
<MEAN> 25
 -6.381035e+00 9.202075e+00 8.959461e+00 3.163159e+00 2.535649e+00 -3.410097e+00 1.373774e+00 -7.824404e-01 -2.070102e+00 -1.730487e+00 5.972067e-01 3.336002e+00 -1.599969e+00 -1.270746e+00 2.756125e-01 -5.502140e-01 -1.215003e+00 -8.488426e-01 -9.627377e-01 -3.482689e-01 -4.855586e-01 -5.881638e-02 9.555233e-01 9.067275e-01 3.281434e+00
<VARIANCE> 25
 7.571946e+01 3.806377e+01 4.393878e+01 3.237270e+01 5.497507e+01 4.580867e+01 3.571993e+01 3.116372e+01 2.989227e+01 2.356005e+01 2.253610e+01 2.093532e+01 1.296485e+01 3.903313e+00 4.543604e+00 4.148753e+00 9.993896e+00 4.682755e+00 4.205641e+00 4.484315e+00 3.899503e+00 2.714290e+00 2.587353e+00 2.255600e+00 4.345592e+00
<GCONST> 1.079694e+02
<STATE> 4
<MEAN> 25
 -8.711069e-01 3.368132e-01 1.005828e+01 7.069507e-01 -9.366821e+00 -8.362075e+00 -5.866725e+00 2.847322e+00 -1.281004e+00 -2.261915e+00 4.857712e+00 4.785405e+00 2.252471e+00 -2.635763e+00 -1.364347e+00 -9.628985e-01 -1.643776e+00 1.809051e-01 -1.359039e+00 1.946758e+00 1.394346e+00 4.151866e-01 2.356022e-02 -1.147129e+00 1.488432e+00
<VARIANCE> 25
 2.871681e+01 3.665363e+01 3.281530e+01 3.928617e+01 4.082502e+01 2.620941e+01 3.840303e+01 5.750535e+01 4.516851e+01 2.764335e+01 2.653561e+01 2.211808e+01 3.669230e+00 3.267852e+00 5.079072e+00 3.147771e+00 8.266668e+00 4.162136e+00 5.723657e+00 7.397020e+00 5.186023e+00 3.121916e+00 4.980610e+00 3.369554e+00 1.710881e+00
<GCONST> 1.069294e+02
<TRANSP> 5
 0.000000e+00 1.000000e+00 0.000000e+00 0.000000e+00 0.000000e+00
 0.000000e+00 8.165940e-01 1.834060e-01 0.000000e+00 0.000000e+00
 0.000000e+00 0.000000e+00 7.448175e-01 2.551826e-01 0.000000e+00
 0.000000e+00 0.000000e+00 0.000000e+00 6.747234e-01 3.252766e-01
 0.000000e+00 0.000000e+00 0.000000e+00 0.000000e+00 0.000000e+00
<ENDHMM>
~h "K"
<BEGINHMM>
<NUMSTATES> 5
<STATE> 2
<MEAN> 25
 -1.470075e+00 3.344543e+00 -1.192584e+00 1.934809e+00 1.912006e+00 -2.478085e+00 1.495202e+00 -6.714504e-01 -6.638300e-01 1.372396e+00 -8.763414e-01 7.394632e-01 -1.090121e+00 -5.201980e-01 -8.353164e-01 2.536487e-01 9.385161e-01 -4.349892e-01 -1.279263e-02 3.208758e-01 1.957630e-01 2.091773e-01 -1.883189e-01 5.385522e-01 -4.306079e-01
<VARIANCE> 25
 3.457031e+01 3.575256e+01 3.966648e+01 3.611515e+01 4.538504e+01 4.606786e+01 4.384831e+01 4.393756e+01 4.103388e+01 3.524043e+01 3.231235e+01 3.126118e+01 2.488916e+00 5.228635e+00 4.368575e+00 3.372692e+00 4.884744e+00 4.141365e+00 4.211408e+00 4.048134e+00 3.745498e+00 3.542104e+00 3.114735e+00 2.645011e+00 1.166176e+01
<GCONST> 1.079867e+02
<STATE> 3
<MEAN> 25
 -4.751845e+00 -2.000408e+00 -6.082813e+00 9.871156e-01 5.484050e+00 -4.079520e+00 -2.572965e-01 1.250378e+00 -1.118315e-01 3.006630e+00 -1.889582e+00 2.134095e+00 -5.940093e-01 -1.590747e+00 -1.544181e+00 -8.089131e-01 8.111247e-01 -4.656101e-01 -6.708713e-01 7.828375e-01 1.129804e-01 6.165573e-01 -4.083941e-01 5.904786e-02 3.671390e+00
<VARIANCE> 25
 3.169901e+01 5.523812e+01 6.180427e+01 4.401055e+01 5.749760e+01 5.435797e+01 5.425061e+01 4.511004e+01 4.336561e+01 3.725888e+01 3.222340e+01 3.215259e+01 4.234326e+00 5.831609e+00 7.392830e+00 4.949245e+00 6.918346e+00 5.868214e+00 5.798631e+00 5.320314e+00 4.997374e+00 4.580273e+00 3.990118e+00 4.020909e+00 1.627130e+01
<GCONST> 1.141386e+02
<STATE> 4
<MEAN> 25
 -3.793032e+00 -2.939122e+00 -6.372255e+00 -1.238179e+00 4.371519e+00 -3.707078e+00 -3.611259e-01 2.767041e+00 4.923319e-01 2.848038e+00 -2.294064e+00 6.587867e-01 1.366729e+00 -9.681236e-02 7.380528e-01 -8.645826e-01 -1.150990e+00 5.421365e-01 -3.083456e-02 2.857493e-01 6.319135e-02 -3.707590e-01 2.430557e-01 -1.016210e+00 2.459693e+00
<VARIANCE> 25
 3.754458e+01 4.438892e+01 5.788774e+01 4.304239e+01 5.390108e+01 5.456445e+01 4.965065e+01 4.474953e+01 4.314838e+01 3.685901e+01 3.279766e+01 3.705650e+01 4.872617e+00 4.584211e+00 6.159529e+00 4.530819e+00 5.651253e+00 5.033004e+00 5.116953e+00 4.775772e+00 4.825782e+00 3.932105e+00 3.707736e+00 4.366022e+00 9.096215e+00
<GCONST> 1.122678e+02
<TRANSP> 5
 0.000000e+00 1.000000e+00 0.000000e+00 0.000000e+00 0.000000e+00
 0.000000e+00 6.645422e-01 3.354578e-01 0.000000e+00 0.000000e+00
 0.000000e+00 0.000000e+00 5.247945e-01 4.752056e-01 0.000000e+00
 0.000000e+00 0.000000e+00 0.000000e+00 6.584323e-01 3.415677e-01
 0.000000e+00 0.000000e+00 0.000000e+00 0.000000e+00 0.000000e+00
<ENDHMM>
~h "L"
<BEGINHMM>
<NUMSTATES> 5
<STATE> 2
<MEAN> 25
 6.687293e+00 -5.167748e+00 -4.782015e-01 -5.899455e+00 -3.103425e+00 2.464367e+00 -7.912589e+00 -5.059559e+00 5.143186e+00 4.509490e+00 1.593960e+00 -3.002043e+00 4.957063e-01 1.693702e-02 4.676121e-01 -7.210737e-01 3.082642e-01 2.219804e-01 -1.247956e+00 -1.058111e+00 4.468180e-01 1.062454e+00 2.418255e-01 -1.934173e-01 -2.075176e-01
<VARIANCE> 25
 1.757383e+01 2.807810e+01 5.043149e+01 5.780685e+01 4.770971e+01 6.865112e+01 7.082981e+01 9.502428e+01 5.991548e+01 4.796140e+01 4.904741e+01 4.111631e+01 1.078906e+00 1.815331e+00 2.908756e+00 4.030388e+00 4.284674e+00 4.960220e+00 4.387774e+00 5.492686e+00 4.472199e+00 3.735426e+00 3.977326e+00 2.997641e+00 1.455397e+00
<GCONST> 1.076491e+02
<STATE> 3
<MEAN> 25
 7.536966e+00 -4.804590e+00 4.204638e-01 -7.719572e+00 -2.452876e+00 3.316184e+00 -1.033719e+01 -7.038654e+00 5.402001e+00 6.618580e+00 2.350249e+00 -3.206190e+00 -8.362426e-02 2.261860e-02 -1.154520e-02 -2.129160e-01 2.416554e-01 -3.013339e-02 -1.386369e-01 3.777500e-01 4.584290e-02 -6.087784e-02 -2.175874e-01 -8.447050e-02 -2.386395e-02
<VARIANCE> 25
 1.341699e+01 2.570749e+01 4.845978e+01 6.030788e+01 4.558525e+01 5.866067e+01 7.747852e+01 8.166996e+01 5.803792e+01 4.846900e+01 4.638996e+01 3.894313e+01 6.713109e-01 1.620789e+00 2.941420e+00 3.124437e+00 2.734653e+00 3.920182e+00 4.140046e+00 6.281335e+00 3.878756e+00 3.523395e+00 3.677556e+00 2.683515e+00 1.232997e+00
<GCONST> 1.049024e+02
<STATE> 4
<MEAN> 25
 6.257052e+00 -4.135434e+00 -1.161300e+00 -7.846806e+00 -4.064848e-01 3.267815e+00 -7.651283e+00 -3.628240e+00 4.878520e+00 4.610959e+00 2.604841e-01 -3.118071e+00 -4.338619e-01 -7.518703e-02 -3.293387e-01 5.804071e-01 9.925874e-02 -1.616045e-01 9.867849e-01 9.588878e-01 -2.629926e-01 -9.049386e-01 -5.932250e-01 4.639248e-02 -8.069635e-02
<VARIANCE> 25
 1.822980e+01 3.642112e+01 5.794437e+01 6.708452e+01 4.874704e+01 6.405579e+01 7.877201e+01 7.481501e+01 5.704424e+01 4.963615e+01 5.060522e+01 4.127209e+01 7.177441e-01 2.137000e+00 2.559402e+00 2.837006e+00 3.109875e+00 3.624287e+00 4.111432e+00 4.805023e+00 3.611391e+00 3.399751e+00 3.762024e+00 2.553650e+00 1.889416e+00
<GCONST> 1.062538e+02
<TRANSP> 5
 0.000000e+00 1.000000e+00 0.000000e+00 0.000000e+00 0.000000e+00
 0.000000e+00 5.629247e-01 4.370753e-01 0.000000e+00 0.000000e+00
 0.000000e+00 0.000000e+00 5.360498e-01 4.639502e-01 0.000000e+00
 0.000000e+00 0.000000e+00 0.000000e+00 6.421856e-01 3.578144e-01
 0.000000e+00 0.000000e+00 0.000000e+00 0.000000e+00 0.000000e+00
<ENDHMM>
~h "M"
<BEGINHMM>
<NUMSTATES> 5
<STATE> 2
<MEAN> 25
 8.138901e+00 -1.054692e+00 9.236632e-01 -5.763799e-01 -1.209399e+00 5.267342e+00 -1.399212e+00 -6.558291e+00 -6.113404e+00 -1.036758e-01 1.660828e+00 -2.975193e+00 4.151933e-01 1.044092e+00 1.537463e+00 1.825827e+00 9.038001e-02 4.597461e-01 5.748677e-01 -2.350873e+00 -2.612500e+00 -2.155589e-01 -3.978533e-01 3.893708e-01 -9.393824e-01
<VARIANCE> 25
 2.278526e+01 3.314626e+01 4.107575e+01 5.917336e+01 3.974620e+01 5.211634e+01 5.272267e+01 6.359626e+01 6.386353e+01 4.229034e+01 5.177871e+01 3.829043e+01 1.545248e+00 2.318183e+00 3.414077e+00 4.021496e+00 3.174302e+00 3.576112e+00 4.305853e+00 5.336370e+00 5.530188e+00 3.980230e+00 5.637965e+00 3.573689e+00 3.337440e+00
<GCONST> 1.083762e+02
<STATE> 3
<MEAN> 25
 8.561391e+00 8.360044e-01 4.816642e+00 3.260308e+00 -1.512241e+00 6.208263e+00 -3.316505e-01 -1.161098e+01 -1.177649e+01 -8.159515e-01 9.743460e-02 -1.736218e+00 -2.653972e-03 1.233176e-01 3.530875e-01 1.998380e-01 8.018277e-02 2.696023e-01 1.606911e-01 -2.554078e-01 -4.625129e-01 -2.760756e-01 -3.190559e-01 1.415771e-01 -6.657105e-03
<VARIANCE> 25
 1.292372e+01 2.241552e+01 2.531030e+01 3.910675e+01 3.861026e+01 5.459132e+01 6.085355e+01 5.966086e+01 5.367501e+01 5.566298e+01 6.138655e+01 4.030622e+01 7.270563e-01 1.551600e+00 2.099115e+00 2.889921e+00 1.894562e+00 2.330175e+00 2.415302e+00 3.520323e+00 3.945090e+00 2.511829e+00 3.311819e+00 2.198673e+00 2.297260e+00
<GCONST> 1.008389e+02
<STATE> 4
<MEAN> 25
 6.524971e+00 9.206803e-01 3.278456e+00 1.584281e+00 -4.614379e-01 5.862627e+00 2.519777e-01 -7.385489e+00 -8.160785e+00 -2.172403e+00 -1.276453e+00 -1.215387e+00 -1.464271e-01 -1.997034e-01 -6.758564e-01 -7.223938e-01 3.526902e-02 -2.148986e-01 -1.177215e-01 9.089655e-01 1.050041e+00 1.150013e-01 2.263812e-01 -1.566481e-01 3.159602e-01
<VARIANCE> 25
 2.709880e+01 2.791628e+01 3.974030e+01 4.791268e+01 4.694780e+01 5.684086e+01 5.116827e+01 5.546080e+01 6.134531e+01 4.355373e+01 5.547174e+01 3.695563e+01 6.500401e-01 1.645707e+00 2.744447e+00 3.258728e+00 2.146930e+00 2.265934e+00 2.454960e+00 3.579046e+00 4.451984e+00 2.389969e+00 3.129381e+00 2.215919e+00 2.182975e+00
<GCONST> 1.025790e+02
<TRANSP> 5
 0.000000e+00 1.000000e+00 0.000000e+00 0.000000e+00 0.000000e+00
 0.000000e+00 6.134452e-01 3.865548e-01 0.000000e+00 0.000000e+00
 0.000000e+00 0.000000e+00 6.022779e-01 3.977220e-01 0.000000e+00
 0.000000e+00 0.000000e+00 0.000000e+00 7.880087e-01 2.119913e-01
 0.000000e+00 0.000000e+00 0.000000e+00 0.000000e+00 0.000000e+00
<ENDHMM>
~h "N"
<BEGINHMM>
<NUMSTATES> 5
<STATE> 2
<MEAN> 25
 7.567157e+00 -3.358435e+00 3.227621e+00 2.058444e+00 -4.102602e+00 -2.160224e+00 -4.717989e+00 -1.355328e+00 9.799814e-01 1.079077e+00 -4.420516e+00 -3.384165e+00 5.894829e-01 1.937752e+00 1.648452e+00 1.836400e+00 -4.989139e-01 -6.433776e-01 2.271244e-01 -3.067587e+00 -9.505111e-01 1.016372e+00 -7.189019e-01 5.543070e-01 -1.893151e+00
<VARIANCE> 25
 1.090794e+01 3.486637e+01 3.944221e+01 3.755217e+01 3.788403e+01 4.520738e+01 4.577230e+01 9.979861e+01 5.563055e+01 4.218361e+01 4.128572e+01 3.674156e+01 7.826625e-01 2.195435e+00 3.277860e+00 2.910125e+00 3.424487e+00 4.514614e+00 4.626137e+00 6.781199e+00 4.616619e+00 4.330694e+00 4.295652e+00 3.128253e+00 1.533954e+00
<GCONST> 1.051485e+02
<STATE> 3
<MEAN> 25
 8.447145e+00 1.486822e+00 6.549832e+00 5.306104e+00 -5.375154e+00 -2.433980e+00 -3.091550e+00 -9.046326e+00 -1.886952e+00 3.521138e+00 -5.434821e+00 -1.828021e+00 5.307674e-02 8.193597e-01 3.213418e-01 3.716387e-01 1.032992e-01 1.171582e-01 3.350843e-01 -6.301135e-01 -5.297267e-01 1.699841e-01 -1.604243e-01 3.561164e-01 -8.473273e-01
<VARIANCE> 25
 9.772751e+00 2.025617e+01 2.582222e+01 2.992060e+01 3.369688e+01 4.940427e+01 5.212843e+01 6.291046e+01 5.359315e+01 4.509678e+01 4.834305e+01 4.323167e+01 6.220403e-01 1.727807e+00 1.781663e+00 1.751105e+00 2.340619e+00 2.451941e+00 2.870066e+00 5.072739e+00 3.138068e+00 2.666593e+00 2.502851e+00 2.100710e+00 1.623584e+00
<GCONST> 9.873693e+01
<STATE> 4
<MEAN> 25
 5.351499e+00 3.726024e+00 5.306328e+00 5.958495e+00 -1.683387e+00 -1.802776e+00 -8.701056e-01 -5.951775e+00 -2.347934e+00 1.120664e+00 -5.090565e+00 2.278892e-01 -5.726627e-01 1.186588e-01 -3.552378e-01 -2.321620e-01 6.055343e-01 1.838777e-01 1.539160e-01 7.251477e-01 2.327101e-02 -4.308614e-01 3.543402e-01 4.582756e-02 -7.107779e-01
<VARIANCE> 25
 3.175097e+01 2.999707e+01 3.301535e+01 3.178721e+01 4.702205e+01 3.953798e+01 5.010554e+01 5.866496e+01 4.649863e+01 4.487488e+01 4.783261e+01 3.677821e+01 1.151624e+00 2.148588e+00 1.974121e+00 2.228017e+00 2.567697e+00 2.511843e+00 2.802977e+00 4.230989e+00 2.967812e+00 2.747950e+00 2.598097e+00 2.130325e+00 2.682413e+00
<GCONST> 1.019126e+02
<TRANSP> 5
 0.000000e+00 1.000000e+00 0.000000e+00 0.000000e+00 0.000000e+00
 0.000000e+00 6.460318e-01 3.539682e-01 0.000000e+00 0.000000e+00
 0.000000e+00 0.000000e+00 6.182150e-01 3.817850e-01 0.000000e+00
 0.000000e+00 0.000000e+00 0.000000e+00 8.010544e-01 1.989457e-01
 0.000000e+00 0.000000e+00 0.000000e+00 0.000000e+00 0.000000e+00
<ENDHMM>
~h "O"
<BEGINHMM>
<NUMSTATES> 5
<STATE> 2
<MEAN> 25
 5.723359e+00 -2.920055e-01 -6.219596e+00 -9.153401e+00 -2.492537e+00 6.157990e+00 -4.248127e+00 -1.835196e+00 5.709860e-01 1.932740e+00 4.004305e+00 -6.488181e-01 1.616581e+00 -3.648807e-01 -7.694560e-01 -2.863248e+00 -1.305743e+00 2.448418e+00 -3.278390e-01 -6.110197e-02 3.727615e-01 -9.064052e-02 1.378228e+00 -4.545749e-01 2.016212e+00
<VARIANCE> 25
 3.256683e+01 3.436233e+01 4.757027e+01 7.624923e+01 6.168116e+01 5.730067e+01 7.080063e+01 5.245164e+01 6.083205e+01 5.360016e+01 4.480665e+01 3.652147e+01 4.181388e+00 2.899494e+00 5.767029e+00 6.201071e+00 7.084152e+00 5.368412e+00 5.230024e+00 5.844635e+00 5.438114e+00 5.375039e+00 4.496906e+00 3.828161e+00 5.611001e+00
<GCONST> 1.141195e+02
<STATE> 3
<MEAN> 25
 8.338488e+00 -1.581919e+00 -7.204989e+00 -1.493383e+01 -5.069019e+00 1.183767e+01 -3.918671e+00 -2.138708e+00 1.290809e+00 7.673544e-01 7.314288e+00 -1.098611e+00 2.218716e-01 -1.904437e-01 -1.892620e-01 -8.976595e-01 -1.011213e-01 9.430637e-01 3.297791e-01 -1.521996e-02 4.042872e-03 -2.567964e-01 4.245036e-01 2.054400e-02 3.027584e-01
<VARIANCE> 25
 1.207061e+01 2.932927e+01 2.720580e+01 5.179337e+01 4.390733e+01 4.045636e+01 5.843053e+01 4.759613e+01 4.847953e+01 5.839577e+01 4.496159e+01 3.886649e+01 8.304408e-01 1.872144e+00 1.620591e+00 3.651846e+00 2.850048e+00 2.932766e+00 3.201722e+00 2.989611e+00 3.692914e+00 3.598463e+00 2.642164e+00 2.506717e+00 2.279353e+00
<GCONST> 1.017970e+02
<STATE> 4
<MEAN> 25
 7.946520e+00 -1.971984e-01 -6.503025e+00 -1.392236e+01 -3.524116e+00 1.011845e+01 -2.287993e+00 -2.208553e+00 8.698897e-01 6.414812e-01 5.059770e+00 -6.286146e-01 -1.953230e-01 1.508675e-01 3.254647e-01 1.209566e+00 3.851125e-01 -9.073700e-01 6.266607e-02 -9.747654e-02 3.132974e-02 2.043195e-01 -6.080229e-01 -6.030148e-02 -9.596207e-01
<VARIANCE> 25
 1.471476e+01 3.837183e+01 2.842551e+01 5.976019e+01 4.586510e+01 4.647804e+01 6.196833e+01 4.689183e+01 4.842850e+01 5.468089e+01 4.127592e+01 4.078503e+01 8.122719e-01 1.627859e+00 1.597230e+00 3.580606e+00 2.500214e+00 3.014384e+00 2.842117e+00 2.760221e+00 2.921072e+00 2.960784e+00 2.528893e+00 2.150984e+00 2.472744e+00
<GCONST> 1.015293e+02
<TRANSP> 5
 0.000000e+00 1.000000e+00 0.000000e+00 0.000000e+00 0.000000e+00
 0.000000e+00 6.200538e-01 3.799462e-01 0.000000e+00 0.000000e+00
 0.000000e+00 0.000000e+00 5.931395e-01 4.068605e-01 0.000000e+00
 0.000000e+00 0.000000e+00 0.000000e+00 8.575452e-01 1.424548e-01
 0.000000e+00 0.000000e+00 0.000000e+00 0.000000e+00 0.000000e+00
<ENDHMM>
~h "P"
<BEGINHMM>
<NUMSTATES> 5
<STATE> 2
<MEAN> 25
 -2.932125e-01 4.717027e+00 -1.321490e+00 1.462334e+00 2.562970e+00 2.247667e-01 2.447448e+00 -1.824856e+00 -8.304968e-01 2.839487e-01 -4.361612e-01 5.527465e-01 -8.440582e-01 1.448934e-01 -1.187248e-01 2.795881e-01 2.324518e-01 -3.662000e-01 2.491584e-01 1.822756e-01 2.090750e-01 4.534176e-03 -2.440431e-02 2.937619e-01 -1.010840e+00
<VARIANCE> 25
 4.543547e+01 2.612212e+01 2.820465e+01 3.242761e+01 2.587560e+01 3.556113e+01 3.007629e+01 3.125933e+01 3.378915e+01 2.603162e+01 2.744423e+01 2.685573e+01 1.944679e+00 2.540658e+00 1.960313e+00 2.387534e+00 2.249869e+00 2.583843e+00 2.391210e+00 2.498159e+00 2.838323e+00 2.329495e+00 2.441526e+00 1.998559e+00 7.496618e+00
<GCONST> 9.907397e+01
<STATE> 3
<MEAN> 25
 -2.316485e+00 3.163455e+00 -1.978822e+00 1.064597e+00 2.449700e+00 -9.405987e-01 2.108113e+00 -1.476430e+00 4.712269e-02 4.015332e-01 -1.951441e-01 1.337053e+00 1.113429e-01 -1.857964e+00 -8.425095e-01 -1.164041e+00 -2.688160e-01 3.258792e-01 -4.177056e-01 2.332046e-01 3.656859e-01 1.607004e-01 6.378092e-01 -9.961123e-02 4.564367e+00
<VARIANCE> 25
 3.004020e+01 2.861658e+01 2.641344e+01 3.381707e+01 2.563686e+01 3.325877e+01 3.131559e+01 2.931165e+01 3.030167e+01 2.414331e+01 2.383830e+01 2.382914e+01 5.461751e+00 4.362693e+00 4.013154e+00 5.907303e+00 3.366181e+00 6.279322e+00 3.831970e+00 4.031940e+00 4.168203e+00 3.308935e+00 3.511591e+00 3.771943e+00 1.607217e+01
<GCONST> 1.061163e+02
<STATE> 4
<MEAN> 25
 -9.414691e-01 -1.720013e+00 -4.319190e+00 -2.004913e+00 1.888436e+00 8.620242e-01 1.202290e+00 -8.894175e-01 9.446819e-01 5.968863e-01 1.205966e+00 5.175800e-01 1.721722e+00 -1.592036e+00 -4.786458e-01 -1.642474e+00 -8.545008e-01 1.016291e+00 -8.597016e-01 5.193729e-02 1.283075e-01 3.715542e-02 5.692511e-01 -8.382767e-01 4.800301e+00
<VARIANCE> 25
 5.034288e+01 3.878530e+01 2.849738e+01 6.052985e+01 3.161327e+01 5.800451e+01 3.389291e+01 2.965890e+01 2.780640e+01 2.418151e+01 2.563546e+01 3.027047e+01 5.438329e+00 5.683520e+00 4.707913e+00 7.423944e+00 4.807560e+00 7.757773e+00 4.427755e+00 4.702572e+00 4.510397e+00 3.611500e+00 3.817580e+00 4.464149e+00 1.522989e+01
<GCONST> 1.105582e+02
<TRANSP> 5
 0.000000e+00 1.000000e+00 0.000000e+00 0.000000e+00 0.000000e+00
 0.000000e+00 7.928937e-01 2.071063e-01 0.000000e+00 0.000000e+00
 0.000000e+00 0.000000e+00 4.271246e-01 5.728754e-01 0.000000e+00
 0.000000e+00 0.000000e+00 0.000000e+00 5.986775e-01 4.013225e-01
 0.000000e+00 0.000000e+00 0.000000e+00 0.000000e+00 0.000000e+00
<ENDHMM>
~h "Q"
<BEGINHMM>
<NUMSTATES> 5
<STATE> 2
<MEAN> 25
 -3.570431e+00 7.160661e-01 -2.977895e+00 1.975148e+00 4.094623e+00 -2.151162e+00 1.594023e+00 -2.455214e+00 -3.695686e-01 3.405768e+00 -1.876154e-01 9.979232e-01 -4.306148e-01 -1.426085e-01 -5.157125e-01 -1.770265e-01 3.476901e-01 1.487675e-01 4.641434e-01 2.853970e-01 8.754149e-02 2.064682e-02 -1.788099e-01 2.627320e-01 -8.483204e-01
<VARIANCE> 25
 4.832751e+01 5.246559e+01 7.185792e+01 4.153455e+01 6.216426e+01 6.254032e+01 5.526434e+01 4.808508e+01 4.851143e+01 4.439591e+01 3.680491e+01 3.472076e+01 3.719034e+00 5.871626e+00 5.504253e+00 4.627480e+00 5.511896e+00 5.125463e+00 4.551276e+00 4.385098e+00 4.292225e+00 4.020817e+00 3.166127e+00 2.742476e+00 1.184386e+01
<GCONST> 1.129023e+02
<STATE> 3
<MEAN> 25
 -3.566636e+00 1.375850e+00 -1.512718e+00 1.708897e+00 3.300968e+00 -1.999017e+00 1.546465e+00 -5.049124e-01 -8.582363e-01 2.374230e+00 -1.555556e+00 1.383284e+00 -2.469757e-01 3.468912e-01 -1.405868e-01 -8.596727e-05 1.055400e-01 1.651294e-01 2.669089e-01 3.371959e-01 -1.422404e-01 -2.689489e-01 4.407827e-02 9.199154e-02 -8.102920e-01
<VARIANCE> 25
 3.045315e+01 3.721210e+01 6.591593e+01 4.530333e+01 4.201326e+01 4.079025e+01 4.212296e+01 4.765766e+01 4.442228e+01 3.406534e+01 3.474839e+01 2.939747e+01 1.804818e+00 3.189388e+00 2.706037e+00 2.795632e+00 3.106045e+00 2.506373e+00 2.925796e+00 3.215087e+00 3.032703e+00 2.509752e+00 2.641940e+00 1.995917e+00 5.081161e+00
<GCONST> 1.036689e+02
<STATE> 4
<MEAN> 25
 -4.723082e+00 1.410464e+00 -1.743502e+00 2.904629e+00 2.537482e+00 -1.950143e+00 3.255335e+00 4.067292e-01 -4.477050e-01 -1.617711e-01 6.183122e-01 2.292978e+00 -3.777654e-02 2.494464e-02 9.618057e-03 1.825662e-02 3.726196e-02 4.759474e-02 4.933013e-02 1.031288e-01 2.559648e-02 -3.437219e-02 -1.957907e-02 -1.024678e-02 -7.419250e-02
<VARIANCE> 25
 1.215949e+01 2.915940e+01 2.076027e+01 1.874104e+01 2.180007e+01 2.254997e+01 2.395478e+01 2.376448e+01 2.085786e+01 2.405820e+01 2.127192e+01 1.673329e+01 5.601310e-01 9.791653e-01 1.060115e+00 1.184671e+00 1.275018e+00 1.458525e+00 1.655310e+00 1.808175e+00 1.693477e+00 1.820799e+00 1.704348e+00 1.473922e+00 8.823457e-01
<GCONST> 8.568246e+01
<TRANSP> 5
 0.000000e+00 1.000000e+00 0.000000e+00 0.000000e+00 0.000000e+00
 0.000000e+00 7.579579e-01 2.420421e-01 0.000000e+00 0.000000e+00
 0.000000e+00 0.000000e+00 6.190298e-01 3.809701e-01 0.000000e+00
 0.000000e+00 0.000000e+00 0.000000e+00 9.195425e-01 8.045751e-02
 0.000000e+00 0.000000e+00 0.000000e+00 0.000000e+00 0.000000e+00
<ENDHMM>
~h "R"
<BEGINHMM>
<NUMSTATES> 5
<STATE> 2
<MEAN> 25
 5.419628e+00 -5.773513e+00 -4.511934e+00 3.174659e-01 -2.902780e+00 -1.498478e+00 -4.731318e+00 9.378905e-01 6.656828e+00 2.430113e+00 -6.839937e-02 -3.282886e+00 4.307926e-01 -1.585951e-01 1.009100e-01 1.201403e+00 -3.198504e-01 -3.140566e-01 -6.922224e-01 -1.135311e-01 4.123398e-01 -1.900683e-02 6.241566e-02 1.258375e-01 -5.926269e-01
<VARIANCE> 25
 2.233788e+01 2.659055e+01 4.011220e+01 4.110859e+01 5.089204e+01 4.616905e+01 5.392921e+01 6.665139e+01 5.122266e+01 4.091528e+01 3.973097e+01 3.705328e+01 2.154349e+00 2.375200e+00 3.039707e+00 4.442516e+00 4.773427e+00 4.715219e+00 4.418491e+00 5.253983e+00 4.978680e+00 4.340949e+00 4.099448e+00 3.454535e+00 3.930345e+00
<GCONST> 1.082197e+02
<STATE> 3
<MEAN> 25
 6.418043e+00 -5.768770e+00 -3.746988e+00 2.547416e+00 -3.618596e+00 -1.972993e+00 -6.268110e+00 7.682138e-01 6.448045e+00 2.508337e+00 5.013695e-01 -2.906765e+00 1.323410e-01 5.498502e-02 4.133765e-01 4.637398e-01 -7.033668e-02 -1.282753e-01 -2.471096e-01 9.263406e-02 -5.131871e-01 -1.596955e-01 1.744221e-01 2.758472e-01 -6.413824e-01
<VARIANCE> 25
 2.092435e+01 2.734970e+01 4.390382e+01 3.709545e+01 5.366567e+01 4.903860e+01 5.426715e+01 6.513887e+01 5.325570e+01 4.311527e+01 3.933899e+01 3.620839e+01 2.023555e+00 2.498675e+00 3.116074e+00 3.397646e+00 4.846450e+00 4.627786e+00 4.331193e+00 5.397985e+00 4.768544e+00 4.009605e+00 3.757256e+00 3.495049e+00 3.634490e+00
<GCONST> 1.077971e+02
<STATE> 4
<MEAN> 25
 4.371437e+00 -4.267031e+00 -2.890877e+00 2.762357e+00 -1.706830e+00 -2.016398e+00 -4.138573e+00 1.046312e+00 3.906186e+00 1.274055e+00 1.978159e-01 -1.371765e+00 -2.069374e-01 2.918132e-01 4.894245e-01 -1.274974e-01 1.056546e-01 5.437003e-02 3.343014e-01 6.269046e-02 -8.204697e-01 -2.504160e-01 9.635046e-02 2.655877e-01 -4.641860e-01
<VARIANCE> 25
 3.660409e+01 3.742598e+01 5.151614e+01 3.499613e+01 6.003375e+01 5.284145e+01 6.011462e+01 6.041947e+01 5.043502e+01 4.120975e+01 4.090665e+01 3.641617e+01 1.734278e+00 2.305207e+00 2.627643e+00 2.300465e+00 3.805069e+00 3.369097e+00 3.337253e+00 3.837422e+00 3.833808e+00 2.973432e+00 2.993578e+00 2.529458e+00 2.861330e+00
<GCONST> 1.056672e+02
<TRANSP> 5
 0.000000e+00 1.000000e+00 0.000000e+00 0.000000e+00 0.000000e+00
 0.000000e+00 4.787886e-01 5.212115e-01 0.000000e+00 0.000000e+00
 0.000000e+00 0.000000e+00 4.308155e-01 5.691845e-01 0.000000e+00
 0.000000e+00 0.000000e+00 0.000000e+00 6.065208e-01 3.934792e-01
 0.000000e+00 0.000000e+00 0.000000e+00 0.000000e+00 0.000000e+00
<ENDHMM>
~h "S"
<BEGINHMM>
<NUMSTATES> 5
<STATE> 2
<MEAN> 25
 -7.168803e+00 6.466994e+00 5.483449e-01 2.154832e+00 5.047114e+00 -4.764839e+00 1.596951e+00 1.737474e+00 5.237709e-01 5.024183e-02 -1.732878e+00 2.194301e+00 -4.375568e+00 1.920262e+00 -6.961638e-01 6.186417e-01 1.737819e+00 -2.582077e-01 1.469753e+00 6.931500e-01 2.752778e-01 -3.183303e-01 5.266651e-01 8.963319e-01 -5.760008e-01
<VARIANCE> 25
 7.201849e+01 4.451328e+01 4.530981e+01 3.402185e+01 4.680832e+01 4.289809e+01 6.379383e+01 4.806741e+01 4.358216e+01 3.247879e+01 3.688852e+01 2.772986e+01 3.737180e+00 5.639360e+00 4.139512e+00 4.080240e+00 5.195667e+00 4.480765e+00 5.086802e+00 5.231666e+00 4.032144e+00 3.559494e+00 3.547672e+00 2.822044e+00 2.253479e+00
<GCONST> 1.092629e+02
<STATE> 3
<MEAN> 25
 -2.096059e+01 7.394610e+00 -4.212255e+00 1.911142e+00 7.214602e+00 -3.756394e+00 4.572762e+00 3.352514e+00 1.496694e+00 5.182984e-01 1.393157e+00 4.584148e+00 -9.331507e-01 -3.771731e-01 -4.983082e-01 -1.858770e-01 -9.500138e-02 9.678082e-02 9.461622e-02 7.643893e-02 1.261485e-01 1.118657e-01 2.381413e-01 2.011164e-01 -2.687717e-01
<VARIANCE> 25
 3.359790e+01 2.366097e+01 3.435919e+01 3.361263e+01 3.492639e+01 3.723147e+01 4.632404e+01 3.675528e+01 3.366820e+01 2.476606e+01 2.537006e+01 2.198379e+01 3.666735e+00 1.700811e+00 1.832341e+00 1.559869e+00 1.763703e+00 1.923712e+00 2.066917e+00 2.054591e+00 1.995453e+00 1.845267e+00 1.806168e+00 1.544403e+00 1.460365e+00
<GCONST> 9.559366e+01
<STATE> 4
<MEAN> 25
 -1.393354e+01 3.388101e+00 -3.603092e+00 1.087897e+00 4.350931e+00 -3.531156e+00 2.792193e+00 2.254505e+00 2.106202e+00 2.580017e-01 3.434120e-01 3.319268e+00 2.788411e+00 -5.426074e-01 6.777563e-01 -2.633965e-01 -8.474038e-01 1.004749e-02 -1.001693e+00 -6.117343e-01 -3.535802e-02 -1.297651e-02 -4.445761e-01 -7.548340e-01 2.805402e-01
<VARIANCE> 25
 8.001113e+01 3.072692e+01 3.808415e+01 3.030497e+01 3.385255e+01 3.857411e+01 4.925519e+01 3.687023e+01 3.441844e+01 2.522553e+01 2.704020e+01 2.406112e+01 9.208997e+00 2.988843e+00 3.595222e+00 2.931092e+00 3.102718e+00 3.494021e+00 4.473548e+00 3.903565e+00 3.443099e+00 2.483615e+00 2.603397e+00 2.675963e+00 4.148202e+00
<GCONST> 1.051521e+02
<TRANSP> 5
 0.000000e+00 1.000000e+00 0.000000e+00 0.000000e+00 0.000000e+00
 0.000000e+00 7.084743e-01 2.915256e-01 0.000000e+00 0.000000e+00
 0.000000e+00 0.000000e+00 8.383909e-01 1.616091e-01 0.000000e+00
 0.000000e+00 0.000000e+00 0.000000e+00 8.238388e-01 1.761612e-01
 0.000000e+00 0.000000e+00 0.000000e+00 0.000000e+00 0.000000e+00
<ENDHMM>
~h "T"
<BEGINHMM>
<NUMSTATES> 5
<STATE> 2
<MEAN> 25
 -1.392528e-01 4.580054e+00 -7.782610e-01 2.188674e+00 2.162092e+00 -3.382084e+00 -1.934451e-01 -1.535666e+00 1.567830e+00 1.318533e+00 -1.687988e+00 -3.459221e-01 -9.379103e-01 1.486741e-01 -2.270930e-01 1.151153e-01 3.131486e-01 -1.618442e-01 5.925099e-01 9.016273e-02 -2.999087e-02 -1.671259e-01 2.690066e-02 3.936166e-01 -1.481557e+00
<VARIANCE> 25
 3.294928e+01 2.897185e+01 3.259754e+01 3.086232e+01 3.278408e+01 3.406175e+01 4.420390e+01 3.835522e+01 3.908144e+01 3.077666e+01 3.086534e+01 2.834784e+01 2.397043e+00 3.973716e+00 2.486058e+00 3.027813e+00 3.309102e+00 2.864981e+00 3.200908e+00 3.315744e+00 3.007671e+00 2.585543e+00 2.647868e+00 2.272542e+00 1.030685e+01
<GCONST> 1.031048e+02
<STATE> 3
<MEAN> 25
 -4.038785e+00 2.455079e+00 -2.015259e+00 1.113740e+00 2.451126e+00 -3.611891e+00 1.398240e+00 -5.608352e-01 1.422388e+00 6.121225e-01 -1.378362e+00 1.192235e+00 -1.075085e+00 -1.553350e+00 -6.528394e-01 -1.005133e+00 9.276829e-02 -1.491474e-01 -2.925566e-03 5.017955e-01 2.656248e-01 -6.466891e-02 1.901304e-01 2.788661e-01 3.204664e+00
<VARIANCE> 25
 3.255541e+01 3.404354e+01 2.945847e+01 2.972023e+01 2.921318e+01 3.323019e+01 3.741974e+01 3.334942e+01 3.507535e+01 2.682476e+01 2.775266e+01 2.587215e+01 4.058485e+00 4.179564e+00 3.539072e+00 3.871658e+00 3.417231e+00 3.916595e+00 4.334429e+00 4.056180e+00 4.590919e+00 3.057987e+00 3.394101e+00 3.333707e+00 1.876020e+01
<GCONST> 1.060721e+02
<STATE> 4
<MEAN> 25
 -4.821588e+00 -1.547162e+00 -3.547028e+00 -1.655250e+00 2.095374e+00 -3.510342e+00 6.948308e-01 7.417219e-01 2.295724e+00 5.464269e-01 -1.142557e+00 9.238593e-01 1.108894e+00 -9.213412e-01 8.404193e-02 -9.876366e-01 -6.776565e-01 3.187988e-01 -1.147847e+00 3.802152e-03 2.400708e-01 5.335846e-02 1.563817e-01 -7.436339e-01 4.403900e+00
<VARIANCE> 25
 3.661538e+01 3.257443e+01 2.883673e+01 3.248547e+01 3.067434e+01 3.874074e+01 4.230806e+01 3.190711e+01 3.810592e+01 2.629407e+01 2.814732e+01 3.005556e+01 5.699405e+00 4.241515e+00 4.924736e+00 4.789722e+00 4.427146e+00 5.503702e+00 5.923207e+00 5.289102e+00 6.173761e+00 3.536439e+00 4.063840e+00 4.344012e+00 1.587579e+01
<GCONST> 1.095146e+02
<TRANSP> 5
 0.000000e+00 1.000000e+00 0.000000e+00 0.000000e+00 0.000000e+00
 0.000000e+00 7.214172e-01 2.785829e-01 0.000000e+00 0.000000e+00
 0.000000e+00 0.000000e+00 4.933909e-01 5.066091e-01 0.000000e+00
 0.000000e+00 0.000000e+00 0.000000e+00 6.226257e-01 3.773744e-01
 0.000000e+00 0.000000e+00 0.000000e+00 0.000000e+00 0.000000e+00
<ENDHMM>
~h "U"
<BEGINHMM>
<NUMSTATES> 5
<STATE> 2
<MEAN> 25
 6.433786e+00 4.240980e+00 -1.639407e+00 -3.915470e+00 -3.845939e+00 3.483905e+00 -7.768551e+00 -5.410337e+00 -3.380190e+00 3.572501e-02 3.484764e+00 3.972333e-01 1.857856e+00 8.912150e-01 -3.374041e-01 -2.155669e+00 -1.761356e+00 2.230441e+00 -1.278953e+00 -9.605171e-01 -1.077831e+00 -2.162877e-01 1.501978e+00 -1.086522e-02 1.172388e+00
<VARIANCE> 25
 2.625207e+01 3.404562e+01 3.692944e+01 7.283917e+01 5.197559e+01 5.298085e+01 7.639561e+01 7.006536e+01 5.067822e+01 4.717071e+01 4.278922e+01 3.396336e+01 4.296406e+00 3.118013e+00 4.372013e+00 5.476720e+00 5.817022e+00 4.926176e+00 6.633910e+00 7.275905e+00 5.372039e+00 5.225843e+00 4.278050e+00 3.837193e+00 4.201444e+00
<GCONST> 1.127778e+02
<STATE> 3
<MEAN> 25
 9.064588e+00 5.899760e+00 -2.444298e+00 -9.036142e+00 -7.313925e+00 9.143056e+00 -8.631417e+00 -6.479239e+00 -5.696791e+00 -1.597304e+00 6.401419e+00 1.024640e+00 2.578233e-01 1.664305e-01 -6.036203e-02 -6.024924e-01 -1.907141e-01 6.593592e-01 6.439351e-02 -7.346299e-02 -2.170285e-01 -5.517754e-02 2.884991e-01 6.103920e-02 -5.348118e-02
<VARIANCE> 25
 1.183339e+01 3.298792e+01 2.722637e+01 6.270753e+01 4.369279e+01 4.502890e+01 6.270825e+01 7.472271e+01 5.502528e+01 5.666823e+01 4.436896e+01 3.933194e+01 8.986670e-01 2.694161e+00 1.881111e+00 4.955967e+00 3.821516e+00 3.660279e+00 4.774631e+00 5.290709e+00 4.288559e+00 4.479227e+00 3.783016e+00 2.901778e+00 2.703004e+00
<GCONST> 1.062328e+02
<STATE> 4
<MEAN> 25
 8.329228e+00 6.412520e+00 -1.758888e+00 -7.575594e+00 -5.123788e+00 6.312679e+00 -6.828135e+00 -5.615578e+00 -4.596835e+00 -4.471225e-01 4.197685e+00 4.812051e-01 -4.418181e-01 -3.088220e-01 3.147404e-01 1.133373e+00 7.389388e-01 -1.010427e+00 5.126151e-01 9.913425e-02 6.291341e-01 3.668024e-01 -6.830541e-01 -1.923487e-01 -8.862546e-01
<VARIANCE> 25
 1.602663e+01 3.966068e+01 3.144868e+01 6.890714e+01 4.803622e+01 5.190984e+01 6.776601e+01 6.538937e+01 5.164802e+01 5.417659e+01 4.512651e+01 3.925985e+01 1.157609e+00 2.388462e+00 2.104205e+00 3.754990e+00 3.482387e+00 3.486701e+00 3.842741e+00 3.995003e+00 3.598265e+00 3.640617e+00 3.531690e+00 3.043361e+00 3.146569e+00
<GCONST> 1.061225e+02
<TRANSP> 5
 0.000000e+00 1.000000e+00 0.000000e+00 0.000000e+00 0.000000e+00
 0.000000e+00 5.956634e-01 4.043367e-01 0.000000e+00 0.000000e+00
 0.000000e+00 0.000000e+00 6.124983e-01 3.875017e-01 0.000000e+00
 0.000000e+00 0.000000e+00 0.000000e+00 8.040386e-01 1.959614e-01
 0.000000e+00 0.000000e+00 0.000000e+00 0.000000e+00 0.000000e+00
<ENDHMM>
~h "V"
<BEGINHMM>
<NUMSTATES> 5
<STATE> 2
<MEAN> 25
 -3.392542e+00 2.424518e+00 -1.351203e-01 4.009768e+00 3.479960e+00 4.682433e-01 1.950745e+00 4.693718e-01 8.917389e-02 5.246273e-01 1.926670e-01 1.820513e+00 -3.384758e+00 -5.374987e-02 -1.125197e-01 1.241249e+00 1.036799e+00 -5.270540e-01 3.765152e-01 4.451500e-01 9.360685e-01 5.201047e-02 -1.660111e-01 5.127411e-01 -1.134918e+00
<VARIANCE> 25
 4.720967e+01 2.103245e+01 3.516308e+01 3.739611e+01 3.192851e+01 4.170370e+01 3.291247e+01 3.676744e+01 3.034053e+01 2.360805e+01 2.432586e+01 2.034775e+01 3.154727e+00 3.666452e+00 3.498894e+00 4.131800e+00 4.870315e+00 4.506820e+00 3.670907e+00 4.374089e+00 3.562982e+00 3.248507e+00 3.166931e+00 2.290270e+00 1.837840e+00
<GCONST> 1.031233e+02
<STATE> 3
<MEAN> 25
 -1.183244e+01 -1.936049e+00 -2.785818e+00 3.836180e+00 2.994605e+00 -1.243168e+00 1.445651e+00 1.081551e+00 1.236518e+00 1.193333e+00 5.794854e-01 3.173568e+00 -4.690134e-01 -4.829123e-01 -2.498277e-01 -1.020923e-01 -1.432129e-01 -1.696694e-01 -1.016721e-01 -2.475852e-02 1.378203e-02 3.272973e-02 -5.315056e-03 1.732824e-02 -3.028014e-02
<VARIANCE> 25
 3.211227e+01 2.347039e+01 2.425993e+01 2.298316e+01 2.298301e+01 2.463947e+01 2.700967e+01 2.723091e+01 2.486015e+01 2.153576e+01 1.925834e+01 1.787845e+01 2.519138e+00 1.459876e+00 1.580554e+00 1.614991e+00 1.614888e+00 1.962639e+00 1.771908e+00 1.779688e+00 1.781937e+00 1.699865e+00 1.624229e+00 1.459722e+00 1.440425e+00
<GCONST> 9.083756e+01
<STATE> 4
<MEAN> 25
 -7.780025e+00 -3.298000e+00 -2.684813e+00 2.500603e+00 1.750727e+00 -2.151173e+00 4.622457e-01 1.213787e+00 1.298785e+00 9.472917e-01 3.747406e-01 1.546139e+00 4.242877e+00 1.143409e-01 6.906865e-01 -1.555767e+00 -1.461404e+00 1.448818e-01 -4.905358e-01 8.990934e-02 -7.538115e-01 -5.429669e-01 3.757008e-01 -9.932882e-01 1.978135e+00
<VARIANCE> 25
 7.740134e+01 2.802345e+01 3.888120e+01 4.498386e+01 3.113240e+01 4.296758e+01 3.005745e+01 3.440749e+01 2.665190e+01 2.215059e+01 1.994946e+01 2.157261e+01 7.302464e+00 4.511909e+00 6.160573e+00 6.694495e+00 4.451425e+00 6.444983e+00 3.916224e+00 4.935193e+00 5.057254e+00 3.152809e+00 3.398688e+00 3.318682e+00 3.722731e+00
<GCONST> 1.077202e+02
<TRANSP> 5
 0.000000e+00 1.000000e+00 0.000000e+00 0.000000e+00 0.000000e+00
 0.000000e+00 7.102857e-01 2.897143e-01 0.000000e+00 0.000000e+00
 0.000000e+00 0.000000e+00 8.665521e-01 1.334480e-01 0.000000e+00
 0.000000e+00 0.000000e+00 0.000000e+00 6.615813e-01 3.384186e-01
 0.000000e+00 0.000000e+00 0.000000e+00 0.000000e+00 0.000000e+00
<ENDHMM>
~h "W"
<BEGINHMM>
<NUMSTATES> 5
<STATE> 2
<MEAN> 25
 8.231576e+00 1.572572e+00 -3.549112e+00 -9.139796e+00 -3.273759e+00 7.084996e+00 -3.404701e+00 -1.401770e+00 -1.873546e+00 6.676650e-01 3.619535e+00 -1.161836e+00 1.248118e+00 9.301112e-01 -6.276036e-02 -1.881325e+00 -1.150519e+00 1.330223e+00 -1.785844e-01 -2.656029e-01 -8.878182e-01 -5.034597e-01 8.917114e-01 6.495882e-01 2.600792e-01
<VARIANCE> 25
 2.839477e+01 6.912576e+01 3.480458e+01 6.984847e+01 4.870534e+01 5.746608e+01 6.139270e+01 4.611377e+01 5.381209e+01 4.771591e+01 4.373356e+01 4.094989e+01 2.146551e+00 2.736802e+00 2.485334e+00 3.500011e+00 3.910382e+00 3.987152e+00 3.677461e+00 3.877286e+00 3.473398e+00 3.503985e+00 3.334754e+00 3.296818e+00 4.215398e+00
<GCONST> 1.082248e+02
<STATE> 3
<MEAN> 25
 1.149159e+01 3.653498e+00 -3.070916e+00 -1.581268e+01 -8.267991e+00 1.114160e+01 -4.708133e+00 -7.300047e-01 -2.800216e+00 -1.939918e+00 5.681427e+00 1.046551e+00 -5.136503e-02 -5.270844e-01 -2.656988e-01 -5.691764e-01 -6.097500e-03 4.354242e-01 -4.367776e-03 -5.546076e-02 3.355724e-01 2.418524e-01 3.445093e-01 -1.349573e-03 5.816601e-01
<VARIANCE> 25
 1.111673e+01 3.963152e+01 2.417204e+01 4.844624e+01 3.934297e+01 4.099583e+01 4.400233e+01 4.383781e+01 4.707457e+01 4.335023e+01 4.054859e+01 3.259332e+01 6.372927e-01 3.607393e+00 1.641891e+00 2.559418e+00 3.052538e+00 2.930171e+00 2.559666e+00 2.375896e+00 2.970422e+00 3.395050e+00 2.918010e+00 3.104057e+00 2.445480e+00
<GCONST> 1.005321e+02
<STATE> 4
<MEAN> 25
 8.976908e+00 -3.046451e+00 -6.339125e+00 -1.583705e+01 -3.158206e+00 1.242534e+01 -2.807671e+00 -1.721192e+00 1.322094e+00 9.798763e-01 4.874591e+00 -3.246211e+00 -5.622579e-01 -1.021916e+00 -2.528156e-01 1.012328e+00 1.039044e+00 -6.020915e-01 2.095166e-02 1.434717e-01 6.961716e-01 3.900947e-01 -7.583372e-01 -1.049544e+00 5.038912e-01
<VARIANCE> 25
 1.258746e+01 5.309581e+01 2.552331e+01 4.488143e+01 4.747780e+01 3.976813e+01 4.473051e+01 3.727057e+01 4.636539e+01 4.656511e+01 4.549056e+01 5.126707e+01 4.861095e-01 2.086690e+00 1.198811e+00 2.175344e+00 2.433818e+00 2.854550e+00 1.829346e+00 2.295640e+00 2.327815e+00 2.210608e+00 2.672380e+00 2.990266e+00 1.395695e+00
<GCONST> 9.828552e+01
<TRANSP> 5
 0.000000e+00 1.000000e+00 0.000000e+00 0.000000e+00 0.000000e+00
 0.000000e+00 7.159790e-01 2.840210e-01 0.000000e+00 0.000000e+00
 0.000000e+00 0.000000e+00 7.310768e-01 2.689232e-01 0.000000e+00
 0.000000e+00 0.000000e+00 0.000000e+00 8.246350e-01 1.753650e-01
 0.000000e+00 0.000000e+00 0.000000e+00 0.000000e+00 0.000000e+00
<ENDHMM>
~h "X"
<BEGINHMM>
<NUMSTATES> 5
<STATE> 2
<MEAN> 25
 -1.884922e+01 6.885123e-01 -3.937815e+00 5.541623e+00 3.328325e+00 -6.888390e+00 4.112775e+00 3.861542e+00 5.280073e+00 4.429954e-01 3.311394e+00 4.567318e+00 -1.327143e+00 1.258138e+00 4.687369e-01 2.194319e-01 6.316473e-01 2.777873e-01 2.342124e-02 -8.266582e-02 3.061545e-01 -5.737976e-02 3.655820e-01 -7.397288e-03 -7.649211e-01
<VARIANCE> 25
 6.405306e+01 1.347734e+01 4.412144e+01 3.129851e+01 2.178117e+01 2.193353e+01 3.830713e+01 2.259211e+01 2.260321e+01 2.645480e+01 2.007218e+01 2.795175e+01 5.284736e+00 2.315670e+00 1.809098e+00 1.426917e+00 1.439667e+00 1.088041e+00 4.817581e+00 1.840025e+00 2.389457e+00 2.887224e+00 2.555659e+00 1.640191e+00 3.377380e+00
<GCONST> 9.625910e+01
<STATE> 3
<MEAN> 25
 -2.093587e+01 4.836764e+00 -5.903401e+00 4.552684e+00 5.202343e+00 -6.283149e+00 3.527902e+00 4.418824e+00 3.371369e+00 4.790619e-01 2.368646e+00 4.516190e+00 4.881121e-01 4.114274e-01 1.804606e-01 -4.508176e-01 1.834338e-01 -1.505749e-02 1.056404e-01 2.570049e-02 -3.832141e-01 -1.759424e-02 -1.420792e-01 9.019659e-02 -9.183740e-01
<VARIANCE> 25
 3.327459e+01 1.701475e+01 6.102824e+01 2.034206e+01 1.475423e+01 2.251087e+01 3.030478e+01 3.319944e+01 2.923552e+01 2.386886e+01 1.703221e+01 2.489277e+01 1.155394e+00 1.404171e+00 1.012343e+00 1.613646e+00 1.680435e+00 1.728832e+00 1.197015e+00 1.931449e+00 3.403955e+00 1.728973e+00 1.231966e+00 1.107129e+00 1.043102e+00
<GCONST> 8.973113e+01
<STATE> 4
<MEAN> 25
 -8.764807e+00 8.952770e-01 -2.115832e+00 3.859113e+00 3.696646e+00 -3.235059e+00 3.893521e+00 4.840882e-01 6.242919e-01 2.289723e-01 3.681558e+00 1.449297e+00 1.448429e-01 -3.128011e-02 2.874026e-01 1.165399e-02 -3.119345e-02 3.415669e-01 1.755050e-02 1.506703e-01 7.040144e-04 -5.500539e-02 -5.061176e-03 -6.418705e-02 -1.906594e-01
<VARIANCE> 25
 3.023351e+01 3.098177e+01 2.100670e+01 1.180283e+01 1.968108e+01 1.386630e+01 1.992543e+01 3.211145e+01 1.482914e+01 2.564153e+01 1.670964e+01 1.927829e+01 6.747558e-01 9.613425e-01 8.081796e-01 8.468159e-01 1.134251e+00 1.577919e+00 1.618475e+00 1.195509e+00 1.486848e+00 1.026800e+00 1.257216e+00 1.546841e+00 1.096327e+00
<GCONST> 8.369881e+01
<TRANSP> 5
 0.000000e+00 1.000000e+00 0.000000e+00 0.000000e+00 0.000000e+00
 0.000000e+00 7.767547e-01 2.232453e-01 0.000000e+00 0.000000e+00
 0.000000e+00 0.000000e+00 8.407727e-01 1.592273e-01 0.000000e+00
 0.000000e+00 0.000000e+00 0.000000e+00 9.044389e-01 9.556116e-02
 0.000000e+00 0.000000e+00 0.000000e+00 0.000000e+00 0.000000e+00
<ENDHMM>
~h "Y"
<BEGINHMM>
<NUMSTATES> 5
<STATE> 2
<MEAN> 25
 4.646405e-01 -1.717857e+00 8.325173e+00 -2.226869e+00 -7.454341e+00 -4.550867e+00 -2.241785e+00 4.830033e+00 -2.771768e+00 -8.324957e-01 2.183128e+00 5.106058e-01 -1.688400e-01 8.604189e-01 2.424911e+00 -2.967482e-02 -1.627065e+00 -6.022007e-01 -8.396745e-01 -4.445770e-01 -1.334961e+00 -1.488034e-02 1.438701e+00 6.488368e-01 4.212230e-01
<VARIANCE> 25
 2.565770e+01 6.357690e+01 7.328701e+01 3.882137e+01 6.214199e+01 4.837550e+01 5.749192e+01 6.697160e+01 5.606669e+01 4.249618e+01 4.235615e+01 2.925461e+01 1.713732e+00 2.651014e+00 4.016808e+00 2.409620e+00 3.654567e+00 3.708335e+00 4.198697e+00 4.705673e+00 3.836694e+00 3.970622e+00 3.140731e+00 2.702006e+00 3.733873e+00
<GCONST> 1.080129e+02
<STATE> 3
<MEAN> 25
 6.347732e-01 1.065659e+00 1.703445e+01 -2.541403e+00 -1.243704e+01 -4.892081e+00 -7.172398e+00 1.229155e+00 -7.582905e+00 -8.610839e-01 6.519579e+00 1.789268e+00 6.987408e-02 -5.131167e-01 -3.558012e-01 -1.770022e-01 -4.411339e-01 -3.037880e-01 4.541077e-02 3.647205e-01 4.157257e-01 1.209649e-01 2.349423e-01 1.502707e-01 6.687967e-01
<VARIANCE> 25
 1.036389e+01 3.431683e+01 5.125902e+01 3.589470e+01 3.106195e+01 4.119231e+01 4.197433e+01 4.559476e+01 4.674580e+01 6.071609e+01 3.453233e+01 2.945245e+01 6.645385e-01 2.906683e+00 4.533943e+00 1.548129e+00 2.474453e+00 2.228598e+00 3.154480e+00 4.462672e+00 3.953165e+00 2.449897e+00 2.186705e+00 1.650253e+00 2.489287e+00
<GCONST> 1.003499e+02
<STATE> 4
<MEAN> 25
 2.414322e-01 -3.119004e+00 7.155566e+00 -2.612691e+00 -9.432838e+00 -5.298411e+00 -1.667773e+00 5.269149e+00 -1.248923e+00 -1.405656e+00 3.609385e+00 1.418534e+00 2.799179e-01 -8.769569e-01 -1.605151e+00 -1.387061e-01 8.751237e-01 3.039935e-01 6.064774e-01 9.292917e-01 1.046037e+00 -2.880091e-01 -1.107778e+00 -5.754215e-01 4.168313e-01
<VARIANCE> 25
 1.806550e+01 4.146903e+01 6.734930e+01 3.591462e+01 5.814857e+01 3.517498e+01 4.892159e+01 6.962295e+01 4.444690e+01 3.617038e+01 3.781397e+01 2.616731e+01 4.473796e-01 1.576829e+00 3.446078e+00 1.127085e+00 2.780463e+00 1.865201e+00 2.461505e+00 3.276712e+00 2.805887e+00 2.566309e+00 3.075087e+00 1.751497e+00 9.695323e-01
<GCONST> 9.876189e+01
<TRANSP> 5
 0.000000e+00 1.000000e+00 0.000000e+00 0.000000e+00 0.000000e+00
 0.000000e+00 7.265277e-01 2.734723e-01 0.000000e+00 0.000000e+00
 0.000000e+00 0.000000e+00 7.331436e-01 2.668564e-01 0.000000e+00
 0.000000e+00 0.000000e+00 0.000000e+00 8.241372e-01 1.758628e-01
 0.000000e+00 0.000000e+00 0.000000e+00 0.000000e+00 0.000000e+00
<ENDHMM>
~h "Z"
<BEGINHMM>
<NUMSTATES> 5
<STATE> 2
<MEAN> 25
 -3.657573e+00 9.690166e+00 2.678484e+00 5.226412e+00 2.416653e+00 -7.813718e+00 -2.051298e+00 -6.358875e-01 7.048420e-01 -5.799245e-01 -1.922493e+00 3.382264e+00 -2.099943e+00 2.081701e+00 -4.950281e-01 8.688275e-01 1.364936e+00 -6.717469e-02 9.537435e-01 6.311477e-02 1.894360e-01 -1.867642e-01 1.061813e-01 4.716348e-01 -7.588271e-01
<VARIANCE> 25
 4.435160e+01 4.476247e+01 3.844396e+01 3.616877e+01 4.680973e+01 4.178997e+01 5.952423e+01 3.757000e+01 4.159859e+01 3.115523e+01 3.036053e+01 2.631521e+01 2.815502e+00 3.819417e+00 2.646523e+00 2.845074e+00 3.415703e+00 3.267971e+00 3.550676e+00 4.192890e+00 2.987750e+00 2.567970e+00 2.745177e+00 2.312410e+00 1.840146e+00
<GCONST> 1.039223e+02
<STATE> 3
<MEAN> 25
 -1.179779e+01 1.423808e+01 1.841857e+00 7.308789e+00 6.479621e+00 -6.686594e+00 9.865603e-01 5.135255e-01 6.619645e-01 -4.811027e-01 -6.717463e-01 4.305324e+00 -8.948522e-01 -6.533484e-02 -2.962903e-03 1.058136e-01 2.221369e-01 2.893809e-01 1.659472e-01 8.212639e-02 -6.978551e-02 1.593001e-02 2.365754e-01 1.150949e-01 2.038942e-02
<VARIANCE> 25
 5.692135e+01 3.970633e+01 3.294738e+01 4.308991e+01 3.739890e+01 3.912848e+01 5.087259e+01 3.448429e+01 2.985835e+01 2.319072e+01 2.684624e+01 2.174603e+01 2.670852e+00 2.129582e+00 1.605829e+00 1.482335e+00 2.165996e+00 2.006582e+00 2.228644e+00 1.897945e+00 1.887581e+00 1.575961e+00 1.562362e+00 1.470338e+00 1.804752e+00
<GCONST> 9.662572e+01
<STATE> 4
<MEAN> 25
 -9.142014e+00 5.986519e+00 -5.727866e-01 4.189600e+00 3.967436e+00 -2.928413e+00 1.542989e+00 1.301405e+00 5.526007e-01 -8.518884e-01 4.626567e-01 3.289877e+00 5.564216e-01 -5.116543e-01 2.043357e-01 -2.340099e-01 -5.458386e-01 -1.955117e-01 -3.642246e-01 -1.695788e-01 5.688259e-02 3.226712e-02 2.728791e-02 1.729974e-02 5.283967e-01
<VARIANCE> 25
 5.377790e+01 6.101501e+01 4.106578e+01 3.156520e+01 3.512497e+01 3.833627e+01 4.114191e+01 3.141965e+01 2.944974e+01 2.237315e+01 2.426026e+01 2.117394e+01 3.360204e+00 2.503520e+00 1.674681e+00 1.704441e+00 2.698923e+00 2.142172e+00 2.453280e+00 2.304217e+00 2.180236e+00 1.783186e+00 1.671771e+00 1.585332e+00 1.925054e+00
<GCONST> 9.796493e+01
<TRANSP> 5
 0.000000e+00 1.000000e+00 0.000000e+00 0.000000e+00 0.000000e+00
 0.000000e+00 7.507927e-01 2.492073e-01 0.000000e+00 0.000000e+00
 0.000000e+00 0.000000e+00 7.476808e-01 2.523192e-01 0.000000e+00
 0.000000e+00 0.000000e+00 0.000000e+00 8.881527e-01 1.118473e-01
 0.000000e+00 0.000000e+00 0.000000e+00 0.000000e+00 0.000000e+00
<ENDHMM>
~h "e"
<BEGINHMM>
<NUMSTATES> 5
<STATE> 2
<MEAN> 25
 3.568427e+00 -8.509984e-01 -1.084523e+00 -2.311174e+00 -9.298893e-01 -1.080021e+00 -4.853673e+00 -1.569715e+00 8.962848e-01 2.559342e+00 1.334197e+00 -1.202400e+00 1.829319e+00 -1.026951e+00 -1.722646e-01 -1.404024e+00 -1.134146e+00 5.042058e-01 -1.803120e+00 4.362872e-01 1.153369e+00 8.667236e-01 7.385277e-01 -1.277668e+00 2.395868e+00
<VARIANCE> 25
 3.594668e+01 2.906713e+01 3.823767e+01 5.216903e+01 4.405001e+01 6.743556e+01 5.709169e+01 5.290022e+01 5.810964e+01 3.720193e+01 4.221798e+01 3.139232e+01 6.040806e+00 3.989674e+00 5.743870e+00 5.744667e+00 5.800920e+00 5.917457e+00 6.654049e+00 7.777476e+00 7.890843e+00 4.815134e+00 5.217372e+00 4.214778e+00 6.896581e+00
<GCONST> 1.141947e+02
<STATE> 3
<MEAN> 25
 6.099376e+00 -3.357620e+00 -1.610517e+00 -4.737288e+00 -2.942964e+00 -2.600848e-02 -8.070418e+00 -2.377360e-01 3.214150e+00 4.085852e+00 2.608960e+00 -3.533236e+00 9.232099e-01 -6.225318e-01 4.852428e-02 -3.800016e-01 -6.722535e-01 4.485547e-01 -7.762243e-01 3.605412e-01 7.897508e-01 3.925006e-01 2.093647e-01 -7.733005e-01 6.542407e-01
<VARIANCE> 25
 1.656846e+01 2.697807e+01 3.950369e+01 5.184520e+01 4.049255e+01 6.899513e+01 5.613200e+01 5.766328e+01 6.034098e+01 4.222675e+01 4.495704e+01 3.498639e+01 2.722913e+00 3.143525e+00 3.354268e+00 5.274433e+00 4.613798e+00 5.334348e+00 5.001184e+00 7.217032e+00 6.865123e+00 4.239501e+00 4.680500e+00 3.424316e+00 5.180953e+00
<GCONST> 1.104950e+02
<STATE> 4
<MEAN> 25
 5.998703e+00 -2.350778e+00 -7.710466e-01 -3.816559e+00 -3.248100e+00 -6.722435e-01 -8.696738e+00 -1.669209e-01 3.787589e+00 4.541299e+00 2.095095e+00 -3.845673e+00 1.016882e-01 4.161927e-01 3.270217e-01 7.000799e-01 2.314004e-03 -6.878595e-03 4.747186e-01 -2.863292e-01 -2.135274e-01 -2.824646e-01 -3.147697e-01 1.681785e-01 -1.006702e+00
<VARIANCE> 25
 1.645582e+01 3.092424e+01 3.781522e+01 5.232007e+01 4.327739e+01 6.154849e+01 6.163412e+01 5.725567e+01 6.131287e+01 4.534714e+01 4.336312e+01 3.605137e+01 1.236256e+00 2.330002e+00 1.964955e+00 3.532794e+00 2.940922e+00 3.621257e+00 3.408031e+00 4.208661e+00 4.313118e+00 3.127043e+00 3.110639e+00 2.460166e+00 3.828089e+00
<GCONST> 1.051138e+02
<TRANSP> 5
 0.000000e+00 1.000000e+00 0.000000e+00 0.000000e+00 0.000000e+00
 0.000000e+00 3.190747e-01 6.809254e-01 0.000000e+00 0.000000e+00
 0.000000e+00 0.000000e+00 2.194946e-01 7.805055e-01 0.000000e+00
 0.000000e+00 0.000000e+00 0.000000e+00 5.700806e-01 4.299194e-01
 0.000000e+00 0.000000e+00 0.000000e+00 0.000000e+00 0.000000e+00
<ENDHMM>
~h "AI"
<BEGINHMM>
<NUMSTATES> 5
<STATE> 2
<MEAN> 25
 4.049116e+00 -1.180202e+01 -1.738741e+00 -5.260949e+00 -4.282218e+00 -1.603736e+00 -7.917311e-01 9.937157e+00 4.708316e+00 -2.781868e+00 -3.318292e+00 -3.931568e+00 -1.913600e-01 -1.281304e-01 1.383808e+00 -9.387691e-03 -1.603587e+00 -1.119405e+00 6.598071e-01 1.291944e+00 -7.670535e-01 -2.855669e-01 6.246132e-01 6.629086e-01 2.336162e-01
<VARIANCE> 25
 1.021987e+01 2.212544e+01 4.350464e+01 2.397686e+01 4.683067e+01 5.441256e+01 4.896772e+01 4.506357e+01 4.763938e+01 3.874655e+01 4.340313e+01 2.935555e+01 7.800375e-01 2.165864e+00 1.951583e+00 1.581048e+00 2.684194e+00 3.095562e+00 2.466238e+00 3.655797e+00 2.568555e+00 2.875755e+00 3.353138e+00 2.339056e+00 1.087335e+00
<GCONST> 9.864155e+01
<STATE> 3
<MEAN> 25
 2.724124e+00 -7.862831e+00 7.429092e+00 -5.147097e+00 -1.315955e+01 -7.361392e+00 -6.268520e-01 1.037456e+01 -1.409181e+00 5.373715e-01 4.154740e+00 -6.004620e-01 -2.477866e-01 1.068055e+00 1.627374e+00 4.293579e-02 -1.052233e+00 -3.484387e-01 -4.755761e-01 -1.258671e+00 -1.276679e+00 7.889282e-01 1.231513e+00 4.094893e-01 -5.600271e-01
<VARIANCE> 25
 8.756113e+00 1.839874e+01 3.320209e+01 2.318986e+01 2.616810e+01 3.154311e+01 4.122297e+01 4.372290e+01 4.159911e+01 3.699950e+01 4.102757e+01 2.420103e+01 3.462261e-01 1.153012e+00 1.694284e+00 1.019135e+00 1.932251e+00 1.501095e+00 2.229992e+00 2.806304e+00 2.327767e+00 2.054006e+00 2.239377e+00 1.367804e+00 5.946081e-01
<GCONST> 9.081860e+01
<STATE> 4
<MEAN> 25
 1.632612e+00 -1.886049e-01 1.173936e+01 -1.788247e+00 -1.186519e+01 -6.186288e+00 -2.000501e+00 1.807889e+00 -5.450873e+00 1.551410e+00 4.554665e+00 1.053629e-01 6.561096e-02 7.314414e-01 -3.124136e-01 6.263110e-01 8.966247e-01 2.350998e-01 5.856693e-02 -6.670009e-01 1.665032e-02 -1.315194e-01 -4.280511e-01 -5.264669e-02 -1.449858e+00
<VARIANCE> 25
 1.564165e+01 3.794814e+01 4.845929e+01 3.403168e+01 4.220348e+01 4.445141e+01 4.615728e+01 5.908215e+01 4.473537e+01 4.261118e+01 3.837236e+01 2.718209e+01 1.020418e+00 1.741874e+00 2.636866e+00 1.871279e+00 2.754495e+00 2.281194e+00 2.946945e+00 3.355603e+00 3.143216e+00 2.306404e+00 2.136807e+00 1.686316e+00 2.117479e+00
<GCONST> 1.000055e+02
<TRANSP> 5
 0.000000e+00 1.000000e+00 0.000000e+00 0.000000e+00 0.000000e+00
 0.000000e+00 7.823517e-01 2.176484e-01 0.000000e+00 0.000000e+00
 0.000000e+00 0.000000e+00 7.326882e-01 2.673118e-01 0.000000e+00
 0.000000e+00 0.000000e+00 0.000000e+00 8.729733e-01 1.270267e-01
 0.000000e+00 0.000000e+00 0.000000e+00 0.000000e+00 0.000000e+00
<ENDHMM>
~h "AU"
<BEGINHMM>
<NUMSTATES> 5
<STATE> 2
<MEAN> 25
 5.006610e+00 -7.353394e+00 -8.465433e+00 -1.071171e+01 9.098793e-01 8.440282e+00 -3.445691e+00 -3.609808e-01 5.845744e+00 2.669332e+00 -2.059256e-01 -7.139306e+00 6.508938e-01 -2.919833e-01 -5.206096e-01 -1.388189e+00 6.711165e-02 1.786808e+00 -1.672511e-01 -4.292935e-01 1.739883e-03 1.219720e-01 8.524876e-01 -4.856781e-01 6.527454e-01
<VARIANCE> 25
 1.401473e+01 2.701824e+01 2.489399e+01 3.794270e+01 3.597984e+01 4.854257e+01 4.689858e+01 4.446735e+01 4.041262e+01 4.211595e+01 4.586235e+01 3.191825e+01 1.585903e+00 2.623682e+00 1.686064e+00 2.720667e+00 2.750675e+00 3.825474e+00 2.853007e+00 3.274262e+00 2.921227e+00 3.035502e+00 3.357438e+00 3.343114e+00 3.794924e+00
<GCONST> 1.020419e+02
<STATE> 3
<MEAN> 25
 7.298705e+00 -3.721872e+00 -8.466035e+00 -1.615297e+01 -1.872227e+00 1.360042e+01 -3.586085e+00 -3.014182e+00 3.258533e+00 2.008652e+00 5.243534e+00 -4.012071e+00 3.401762e-01 1.044748e+00 2.206940e-01 -6.671973e-01 -6.077113e-01 1.751785e-01 -1.496988e-01 -4.927107e-03 -7.911431e-01 -2.968070e-01 5.673603e-01 1.037230e+00 -5.990326e-01
<VARIANCE> 25
 9.601058e+00 2.823431e+01 2.007292e+01 3.361726e+01 3.116348e+01 3.245316e+01 4.361533e+01 3.547607e+01 4.217039e+01 4.477245e+01 4.399218e+01 4.136549e+01 3.661425e-01 1.227502e+00 7.668316e-01 1.384878e+00 1.578524e+00 1.647310e+00 1.778364e+00 1.699929e+00 2.015046e+00 2.071048e+00 2.159852e+00 2.354247e+00 6.679286e-01
<GCONST> 9.135052e+01
<STATE> 4
<MEAN> 25
 8.580992e+00 5.157127e+00 -4.920395e+00 -1.441544e+01 -4.651513e+00 8.857487e+00 -4.066152e+00 -1.347835e+00 -2.002942e+00 -1.744142e-01 3.800985e+00 1.463651e+00 -1.466252e-01 4.528386e-01 4.767200e-01 1.389004e+00 2.118502e-01 -9.518297e-01 3.382015e-02 -1.087869e-01 -2.097138e-01 -1.831901e-02 -4.797605e-01 -2.124451e-02 -1.298987e+00
<VARIANCE> 25
 2.166529e+01 3.864524e+01 2.607333e+01 6.862543e+01 4.585006e+01 4.967495e+01 6.230208e+01 4.949688e+01 4.520376e+01 5.287141e+01 3.921290e+01 3.629059e+01 9.675404e-01 2.089674e+00 1.469494e+00 3.657913e+00 2.829979e+00 2.903581e+00 2.917130e+00 2.837732e+00 2.684489e+00 2.950609e+00 2.596610e+00 2.406235e+00 1.935339e+00
<GCONST> 1.021387e+02
<TRANSP> 5
 0.000000e+00 1.000000e+00 0.000000e+00 0.000000e+00 0.000000e+00
 0.000000e+00 7.201712e-01 2.798288e-01 0.000000e+00 0.000000e+00
 0.000000e+00 0.000000e+00 8.375229e-01 1.624771e-01 0.000000e+00
 0.000000e+00 0.000000e+00 0.000000e+00 8.694685e-01 1.305315e-01
 0.000000e+00 0.000000e+00 0.000000e+00 0.000000e+00 0.000000e+00
<ENDHMM>
~h "NG"
<BEGINHMM>
<NUMSTATES> 5
<STATE> 2
<MEAN> 25
 7.808928e+00 -1.465796e+00 5.911414e-01 -2.658088e+00 -4.037134e+00 3.668139e+00 -8.741066e-01 -3.316039e+00 -2.554724e+00 1.986634e+00 -7.447401e-01 -4.677970e+00 4.329463e-01 8.535458e-01 1.398093e+00 7.429328e-01 -1.282137e+00 1.336231e-01 7.348676e-01 -1.581161e+00 -9.019396e-01 6.607605e-01 -6.750269e-01 1.006670e+00 -1.071393e+00
<VARIANCE> 25
 1.077618e+01 2.879361e+01 4.500711e+01 4.276029e+01 5.106825e+01 4.659541e+01 5.303995e+01 5.536654e+01 5.507017e+01 4.284500e+01 4.419345e+01 4.438951e+01 6.775751e-01 1.712318e+00 3.281413e+00 3.226066e+00 3.679551e+00 3.488768e+00 4.085686e+00 4.618610e+00 4.436818e+00 3.420512e+00 3.597807e+00 3.608605e+00 1.121713e+00
<GCONST> 1.037506e+02
<STATE> 3
<MEAN> 25
 8.435916e+00 3.894636e-01 4.051495e+00 -1.370160e+00 -7.074226e+00 3.927347e+00 5.287263e-01 -6.568137e+00 -4.042022e+00 2.644833e+00 -2.324495e+00 -1.627955e+00 7.130183e-02 4.910995e-01 6.170352e-01 4.480859e-01 -3.169444e-01 -5.559561e-02 2.670995e-01 -5.025578e-01 -2.850406e-01 1.150655e-01 -3.343052e-01 4.935579e-01 -6.365350e-01
<VARIANCE> 25
 9.902617e+00 2.197499e+01 3.013597e+01 4.300490e+01 4.058616e+01 4.275636e+01 5.309309e+01 5.172341e+01 4.740271e+01 4.248049e+01 4.007546e+01 3.855864e+01 5.125762e-01 1.288535e+00 2.153950e+00 2.128823e+00 2.595726e+00 2.331663e+00 2.633439e+00 3.108981e+00 2.771663e+00 2.435670e+00 2.277821e+00 2.394922e+00 1.027300e+00
<GCONST> 9.746851e+01
<STATE> 4
<MEAN> 25
 7.197783e+00 2.314691e+00 4.226263e+00 3.407296e-01 -5.029146e+00 3.090475e+00 1.419774e+00 -5.657954e+00 -4.327457e+00 1.995437e+00 -3.415740e+00 -1.181602e+00 -4.496953e-01 2.951875e-01 -2.983158e-01 2.446017e-01 7.922464e-01 -3.955345e-01 8.677540e-02 4.580591e-01 9.098588e-02 -2.061102e-01 2.383581e-02 -1.285201e-01 -6.107667e-01
<VARIANCE> 25
 1.748751e+01 2.705059e+01 3.319962e+01 4.767816e+01 6.050850e+01 4.294978e+01 5.162946e+01 5.121806e+01 4.473458e+01 4.501946e+01 3.977568e+01 3.680689e+01 9.263811e-01 1.653947e+00 2.016658e+00 2.244880e+00 3.123172e+00 2.453021e+00 2.553799e+00 3.279620e+00 2.789683e+00 2.495888e+00 2.148425e+00 2.211590e+00 2.196934e+00
<GCONST> 1.004973e+02
<TRANSP> 5
 0.000000e+00 1.000000e+00 0.000000e+00 0.000000e+00 0.000000e+00
 0.000000e+00 5.697933e-01 4.302067e-01 0.000000e+00 0.000000e+00
 0.000000e+00 0.000000e+00 5.784688e-01 4.215312e-01 0.000000e+00
 0.000000e+00 0.000000e+00 0.000000e+00 7.689201e-01 2.310799e-01
 0.000000e+00 0.000000e+00 0.000000e+00 0.000000e+00 0.000000e+00
<ENDHMM>
~h "NY"
<BEGINHMM>
<NUMSTATES> 5
<STATE> 2
<MEAN> 25
 4.677866e+00 1.540324e+00 9.086048e+00 -2.448818e+00 -7.074248e+00 -2.784280e+00 -1.610312e+00 1.588716e+00 -6.050407e+00 -2.449509e+00 2.467232e+00 1.164008e+00 -1.763415e-01 -6.155888e-01 1.299753e-01 -3.120008e-01 -4.163887e-01 7.897697e-02 2.808404e-01 7.338231e-01 5.836851e-02 -4.599865e-01 6.104662e-02 4.509265e-02 5.182851e-01
<VARIANCE> 25
 1.874307e+01 4.240932e+01 3.516908e+01 5.368153e+01 3.867802e+01 3.752670e+01 4.310348e+01 7.322665e+01 4.557597e+01 4.203595e+01 3.767420e+01 3.425587e+01 1.911995e+00 5.584387e+00 3.921386e+00 4.663107e+00 3.962953e+00 3.408943e+00 3.852391e+00 9.017864e+00 4.700354e+00 3.391746e+00 3.575062e+00 2.576515e+00 3.219787e+00
<GCONST> 1.078108e+02
<STATE> 3
<MEAN> 25
 3.547875e+00 -7.506026e+00 5.183526e+00 -3.658666e+00 -6.789213e+00 -1.786624e+00 -1.623423e-01 9.653430e+00 -1.551237e+00 -6.662908e+00 -8.703288e-01 -3.500843e-01 2.236205e-01 -1.069196e+00 -1.726453e+00 6.311683e-01 1.434675e+00 2.330419e-01 -1.480417e-01 5.021828e-01 1.204192e+00 -6.476619e-01 -1.190287e+00 -3.754010e-01 8.654340e-02
<VARIANCE> 25
 1.144235e+01 3.836997e+01 2.939974e+01 3.171432e+01 4.630288e+01 3.228073e+01 3.872779e+01 5.070633e+01 4.293844e+01 3.481537e+01 3.563704e+01 2.893503e+01 4.976928e-01 2.197142e+00 1.628305e+00 1.526924e+00 2.336902e+00 1.745924e+00 1.995381e+00 3.070066e+00 2.195766e+00 2.001135e+00 2.118172e+00 1.714318e+00 1.371267e+00
<GCONST> 9.531419e+01
<STATE> 4
<MEAN> 25
 -3.305429e-01 -3.192609e+00 -1.910190e+00 2.156358e+00 2.787823e+00 -7.310815e-01 1.880310e+00 4.278394e+00 6.071236e-01 -4.563238e+00 -2.784377e+00 5.837889e-01 -1.020439e-01 1.517290e-01 -3.059140e-01 1.810399e-01 4.152869e-01 1.193418e-01 -1.614203e-02 -2.470550e-01 1.293375e-01 1.820009e-01 -9.992151e-02 -6.506743e-02 -6.415682e-01
<VARIANCE> 25
 2.613107e+01 5.111646e+01 2.565380e+01 2.901200e+01 4.624469e+01 2.790739e+01 3.558946e+01 4.750671e+01 3.408593e+01 3.946785e+01 3.311979e+01 2.630991e+01 5.186305e-01 1.168761e+00 1.380747e+00 1.333814e+00 1.885144e+00 1.469318e+00 1.704027e+00 1.766966e+00 1.790392e+00 1.718006e+00 1.728135e+00 1.502988e+00 1.196660e+00
<GCONST> 9.281551e+01
<TRANSP> 5
 0.000000e+00 1.000000e+00 0.000000e+00 0.000000e+00 0.000000e+00
 0.000000e+00 8.685938e-01 1.314062e-01 0.000000e+00 0.000000e+00
 0.000000e+00 0.000000e+00 6.520875e-01 3.479125e-01 0.000000e+00
 0.000000e+00 0.000000e+00 0.000000e+00 8.868299e-01 1.131701e-01
 0.000000e+00 0.000000e+00 0.000000e+00 0.000000e+00 0.000000e+00
<ENDHMM>
~h "OI"
<BEGINHMM>
<NUMSTATES> 5
<STATE> 2
<MEAN> 25
 5.188186e+00 2.674327e+00 -7.149078e+00 -1.328482e+01 -6.548683e+00 8.490929e+00 6.704116e-01 -2.666662e+00 -1.849514e-01 -3.569305e+00 2.622299e+00 1.570532e+00 2.085503e+00 -5.963367e-01 -8.015013e-01 -3.238381e+00 -1.406440e+00 1.992588e+00 -9.696885e-01 -3.708655e-01 1.186796e-01 7.620465e-01 1.255923e+00 -1.299974e-01 2.383752e+00
<VARIANCE> 25
 5.659125e+01 2.368682e+01 3.102094e+01 7.117067e+01 6.020939e+01 4.671437e+01 4.235342e+01 3.895713e+01 3.383461e+01 3.267716e+01 3.666180e+01 3.657500e+01 7.331916e+00 2.926651e+00 2.640232e+00 1.101733e+01 5.670875e+00 5.726602e+00 5.503060e+00 3.652094e+00 2.768403e+00 3.835256e+00 4.158937e+00 3.817839e+00 3.586355e+00
<GCONST> 1.097292e+02
<STATE> 3
<MEAN> 25
 7.969239e+00 -3.122143e+00 -8.296605e+00 -1.639165e+01 -5.370161e+00 1.259057e+01 -3.232143e+00 -4.125167e+00 6.971623e-01 3.137330e+00 6.638684e+00 -1.440611e+00 -2.723272e-01 -1.672183e+00 1.961296e-01 1.486277e+00 9.935094e-01 -1.247901e+00 -1.394238e+00 1.607967e-01 8.471711e-01 2.329473e+00 1.115497e-01 -1.967440e+00 8.319021e-01
<VARIANCE> 25
 1.243469e+01 2.595811e+01 2.300725e+01 4.976194e+01 3.287918e+01 3.924070e+01 5.642575e+01 3.886653e+01 3.858750e+01 4.602170e+01 6.002474e+01 5.053262e+01 6.750754e-01 1.028718e+00 1.325639e+00 4.068849e+00 1.965215e+00 5.718233e+00 3.129399e+00 3.479373e+00 3.184957e+00 3.256346e+00 3.460468e+00 3.739630e+00 8.519026e-01
<GCONST> 9.998872e+01
<STATE> 4
<MEAN> 25
 2.565998e+00 -4.499345e+00 4.316733e+00 -3.742630e+00 -9.160252e+00 -4.794057e+00 -5.621141e+00 1.437495e+00 -1.280590e+00 4.392034e+00 3.778028e+00 -3.272570e+00 -5.484347e-01 2.311275e-01 1.753398e+00 1.193104e+00 -8.028231e-01 -1.722617e+00 7.788699e-02 7.429278e-01 -8.202999e-01 -5.594974e-01 -1.082916e-01 5.793466e-01 -3.881094e-01
<VARIANCE> 25
 2.133026e+01 4.007433e+01 1.011596e+02 4.433964e+01 6.774348e+01 7.533065e+01 5.467024e+01 7.971258e+01 6.556666e+01 5.411601e+01 4.920279e+01 4.309423e+01 6.334401e-01 1.320909e+00 3.966870e+00 2.866901e+00 3.510036e+00 7.357659e+00 3.465478e+00 6.108691e+00 4.969494e+00 3.628000e+00 4.106979e+00 3.371800e+00 6.909001e-01
<GCONST> 1.075645e+02
<TRANSP> 5
 0.000000e+00 1.000000e+00 0.000000e+00 0.000000e+00 0.000000e+00
 0.000000e+00 7.221141e-01 2.778860e-01 0.000000e+00 0.000000e+00
 0.000000e+00 0.000000e+00 6.940120e-01 3.059879e-01 0.000000e+00
 0.000000e+00 0.000000e+00 0.000000e+00 8.817065e-01 1.182935e-01
 0.000000e+00 0.000000e+00 0.000000e+00 0.000000e+00 0.000000e+00
<ENDHMM>
~h "SY"
<BEGINHMM>
<NUMSTATES> 5
<STATE> 2
<MEAN> 25
 -8.513434e+00 4.872519e+00 4.140018e+00 1.780872e+00 3.234653e+00 -3.078847e+00 2.270174e+00 1.687993e+00 -9.247517e-01 -1.369159e+00 -6.714423e-01 2.938150e+00 -3.530679e+00 7.101383e-01 -8.406818e-02 -2.642696e-01 1.024167e+00 4.680849e-01 8.426657e-01 2.998710e-01 3.914941e-01 4.572144e-02 6.666676e-01 4.049338e-01 4.648826e-02
<VARIANCE> 25
 7.853642e+01 3.878903e+01 5.191750e+01 3.142978e+01 4.363829e+01 4.195449e+01 4.436997e+01 4.901038e+01 3.615170e+01 3.116702e+01 3.042384e+01 2.301053e+01 5.441761e+00 4.862197e+00 4.120576e+00 3.296136e+00 4.337017e+00 4.050432e+00 4.338804e+00 4.349550e+00 3.624418e+00 3.406117e+00 3.230736e+00 2.583004e+00 2.581566e+00
<GCONST> 1.074128e+02
<STATE> 3
<MEAN> 25
 -2.086294e+01 3.749469e+00 2.071464e+00 -2.034725e+00 4.867918e+00 1.930905e-01 3.923089e+00 2.665270e+00 1.150732e+00 9.240451e-01 2.708080e+00 4.303393e+00 -6.950659e-01 -4.325068e-01 -1.251999e-01 -3.658758e-01 -2.518256e-01 2.362105e-01 1.022570e-01 -2.410096e-02 2.502769e-01 2.571419e-01 2.433821e-01 1.610595e-01 2.233034e-01
<VARIANCE> 25
 5.446823e+01 2.310137e+01 3.619643e+01 2.926524e+01 3.124272e+01 4.022900e+01 3.344694e+01 3.337408e+01 3.010053e+01 2.641108e+01 2.344207e+01 1.841443e+01 2.464999e+00 1.075594e+00 1.297714e+00 1.364346e+00 1.632166e+00 1.641094e+00 1.620710e+00 1.639555e+00 1.655510e+00 1.631183e+00 1.517449e+00 1.315345e+00 7.684593e-01
<GCONST> 9.187999e+01
<STATE> 4
<MEAN> 25
 -1.400887e+01 1.375704e-01 3.514666e+00 -1.848176e+00 -8.474882e-01 -1.578666e+00 2.015249e+00 1.700543e+00 1.950476e+00 4.743902e-01 2.832655e+00 3.780045e+00 2.665502e+00 -5.315573e-01 4.450600e-01 1.203108e-01 -1.220539e+00 -8.398380e-01 -8.027683e-01 1.918988e-01 -1.367794e-01 -3.840124e-01 -2.836958e-01 -4.049900e-01 9.070272e-01
<VARIANCE> 25
 1.060949e+02 2.687006e+01 4.823534e+01 3.029049e+01 5.121815e+01 4.279380e+01 3.871171e+01 3.100183e+01 3.182251e+01 2.645115e+01 2.564711e+01 1.955913e+01 1.000710e+01 2.606739e+00 3.170500e+00 2.344218e+00 3.499722e+00 3.085438e+00 3.449845e+00 3.471781e+00 3.368947e+00 2.350585e+00 2.460960e+00 2.032030e+00 2.177751e+00
<GCONST> 1.035120e+02
<TRANSP> 5
 0.000000e+00 1.000000e+00 0.000000e+00 0.000000e+00 0.000000e+00
 0.000000e+00 7.761223e-01 2.238777e-01 0.000000e+00 0.000000e+00
 0.000000e+00 0.000000e+00 8.667845e-01 1.332155e-01 0.000000e+00
 0.000000e+00 0.000000e+00 0.000000e+00 8.689216e-01 1.310783e-01
 0.000000e+00 0.000000e+00 0.000000e+00 0.000000e+00 0.000000e+00
<ENDHMM>
~h "sil"
<BEGINHMM>
<NUMSTATES> 5
<STATE> 2
<MEAN> 25
 -4.133486e+00 4.615738e-01 -5.753781e-01 3.256653e+00 3.623059e+00 4.920017e-01 3.803744e+00 6.203169e-01 1.636745e-01 -7.740218e-01 3.908685e-01 2.455175e+00 -1.123032e-01 -4.153201e-02 -9.889173e-02 -1.387204e-02 -2.055285e-02 -8.103316e-02 -9.085936e-03 5.896745e-03 -2.268487e-02 -5.795190e-02 2.115663e-02 4.711395e-02 -1.928263e-01
<VARIANCE> 25
 3.358110e+01 3.865487e+01 4.114392e+01 4.559752e+01 4.304866e+01 4.254044e+01 4.213160e+01 4.273547e+01 3.667291e+01 3.210777e+01 3.183913e+01 2.806736e+01 1.295600e+00 1.917234e+00 1.947409e+00 2.403792e+00 2.209815e+00 2.454196e+00 2.336449e+00 2.896403e+00 2.415624e+00 2.360027e+00 2.036052e+00 1.959283e+00 2.362342e+00
<GCONST> 9.956763e+01
<STATE> 3
<MEAN> 25
 -6.169173e+00 1.139402e+00 -1.330891e+00 4.647762e+00 4.593867e+00 -9.545510e-01 5.565482e+00 1.671057e+00 4.475895e-01 -6.623644e-01 8.596812e-01 4.081631e+00 -2.220867e-02 3.329839e-02 -6.841105e-03 -9.462493e-03 -1.327545e-03 5.983999e-03 4.508772e-03 -1.350323e-02 2.206468e-02 2.599007e-02 1.170179e-02 -5.599839e-03 -5.921131e-02
<VARIANCE> 25
 1.162881e+01 3.020511e+01 2.079508e+01 2.769308e+01 2.260417e+01 2.884559e+01 2.614057e+01 3.732962e+01 2.781050e+01 2.659381e+01 2.296368e+01 2.242342e+01 4.878310e-01 1.031729e+00 9.628310e-01 1.575314e+00 1.476008e+00 1.801705e+00 1.667448e+00 2.422671e+00 1.900104e+00 2.000822e+00 1.688807e+00 1.713691e+00 6.471519e-01
<GCONST> 8.844503e+01
<STATE> 4
<MEAN> 25
 -4.822434e+00 2.677160e+00 -1.908408e+00 3.265019e+00 3.897211e+00 -1.576959e-01 4.251348e+00 7.079087e-01 7.656174e-01 -1.541681e-01 1.662111e-01 2.683165e+00 -1.425686e-02 2.196457e-02 9.208004e-03 1.694450e-03 9.148612e-03 1.721791e-02 1.095713e-02 -5.182992e-03 1.647150e-03 1.625489e-02 5.825669e-03 -6.694326e-03 -2.061950e-02
<VARIANCE> 25
 6.990414e+00 1.804696e+01 1.488990e+01 1.353850e+01 1.736524e+01 2.242732e+01 2.133355e+01 2.486917e+01 2.222728e+01 1.902099e+01 1.909593e+01 1.605248e+01 2.228918e-01 4.887047e-01 6.106099e-01 8.047038e-01 1.038943e+00 1.219168e+00 1.342063e+00 1.533448e+00 1.505780e+00 1.522750e+00 1.436890e+00 1.284281e+00 2.206838e-01
<GCONST> 7.806346e+01
<TRANSP> 5
 0.000000e+00 1.000000e+00 0.000000e+00 0.000000e+00 0.000000e+00
 0.000000e+00 9.211541e-01 7.884588e-02 0.000000e+00 0.000000e+00
 0.000000e+00 0.000000e+00 9.504034e-01 4.959658e-02 0.000000e+00
 0.000000e+00 0.000000e+00 0.000000e+00 9.815873e-01 1.841274e-02
 0.000000e+00 0.000000e+00 0.000000e+00 0.000000e+00 0.000000e+00
<ENDHMM>
~h "sp"
<BEGINHMM>
<NUMSTATES> 3
<STATE> 2
<MEAN> 25
 -6.169173e+00 1.139402e+00 -1.330891e+00 4.647762e+00 4.593867e+00 -9.545510e-01 5.565482e+00 1.671057e+00 4.475895e-01 -6.623644e-01 8.596812e-01 4.081631e+00 -2.220867e-02 3.329839e-02 -6.841105e-03 -9.462493e-03 -1.327545e-03 5.983999e-03 4.508772e-03 -1.350323e-02 2.206468e-02 2.599007e-02 1.170179e-02 -5.599839e-03 -5.921131e-02
<VARIANCE> 25
 1.162881e+01 3.020511e+01 2.079508e+01 2.769308e+01 2.260417e+01 2.884559e+01 2.614057e+01 3.732962e+01 2.781050e+01 2.659381e+01 2.296368e+01 2.242342e+01 4.878310e-01 1.031729e+00 9.628310e-01 1.575314e+00 1.476008e+00 1.801705e+00 1.667448e+00 2.422671e+00 1.900104e+00 2.000822e+00 1.688807e+00 1.713691e+00 6.471519e-01
<GCONST> 8.844503e+01
<TRANSP> 3
0.0 1.0 0.0
0.0 0.9 0.1
0.0 0.0 0.0
<ENDHMM>
