~o
<STREAMINFO> 1 25
<VECSIZE> 25<NULLD><MFCC_D_N_Z_0><DIAGC>
~h "A"
<BEGINHMM>
<NUMSTATES> 5
<STATE> 2
<MEAN> 25
 3.385651e+00 -8.156892e+00 -4.833412e+00 -4.391304e+00 9.925900e-01 2.150307e+00 -1.183497e+00 4.018255e+00 4.039958e+00 -8.366968e-01 -3.123723e+00 -4.315682e+00 1.548242e-01 -5.949175e-01 -3.951279e-01 -6.553884e-02 4.100491e-01 3.295513e-01 2.046184e-01 2.475931e-01 2.273131e-01 -2.731032e-01 -4.530807e-01 -3.889818e-01 3.585653e-01
<VARIANCE> 25
 2.552498e+01 4.706581e+01 4.440248e+01 4.410524e+01 5.291477e+01 5.998673e+01 4.671175e+01 6.121577e+01 4.612279e+01 4.066390e+01 4.391708e+01 4.067345e+01 1.839400e+00 3.495114e+00 2.715723e+00 2.946601e+00 3.299691e+00 3.676062e+00 3.184370e+00 4.232527e+00 3.254651e+00 2.957666e+00 3.253741e+00 3.039605e+00 5.348089e+00
<GCONST> 1.069337e+02
<STATE> 3
<MEAN> 25
 3.553669e+00 -8.530952e+00 -5.192394e+00 -3.985946e+00 1.819093e+00 2.496669e+00 -7.960724e-01 3.938136e+00 4.026159e+00 -1.226049e+00 -3.778195e+00 -4.610442e+00 7.766708e-02 9.806119e-02 2.840613e-02 2.262180e-01 1.840206e-01 1.665086e-03 1.001653e-01 -9.995300e-02 -7.072610e-02 -5.477012e-02 -1.669694e-01 -1.906638e-02 -3.757201e-01
<VARIANCE> 25
 2.348129e+01 4.631494e+01 4.118583e+01 4.231717e+01 4.857225e+01 5.488848e+01 4.500813e+01 5.747482e+01 4.435967e+01 3.995886e+01 4.147600e+01 3.984233e+01 1.348194e+00 3.097261e+00 2.317339e+00 2.500737e+00 2.856158e+00 3.275881e+00 2.799001e+00 3.752009e+00 2.771751e+00 2.714480e+00 2.830376e+00 2.596999e+00 4.959565e+00
<GCONST> 1.044267e+02
<STATE> 4
<MEAN> 25
 2.650839e+00 -6.743331e+00 -4.700967e+00 -2.384180e+00 2.621349e+00 1.979305e+00 -2.280915e-01 3.125813e+00 3.182501e+00 -1.288681e+00 -3.753730e+00 -3.479400e+00 -7.674657e-03 6.134555e-01 3.527182e-01 3.406091e-01 -9.212280e-02 -2.429903e-01 -7.804541e-04 -2.564300e-01 -2.215622e-01 1.541987e-01 8.959363e-02 2.372221e-01 -8.593159e-01
<VARIANCE> 25
 2.935955e+01 5.326649e+01 4.010544e+01 4.417000e+01 4.633121e+01 5.043732e+01 4.363028e+01 5.200534e+01 4.281318e+01 3.751734e+01 3.954543e+01 4.163321e+01 1.264819e+00 2.526694e+00 2.035375e+00 2.225951e+00 2.457789e+00 2.717941e+00 2.602886e+00 3.323874e+00 2.563957e+00 2.464170e+00 2.482849e+00 2.220452e+00 3.699811e+00
<GCONST> 1.026415e+02
<TRANSP> 5
 0.000000e+00 1.000000e+00 0.000000e+00 0.000000e+00 0.000000e+00
 0.000000e+00 5.953556e-01 4.046444e-01 0.000000e+00 0.000000e+00
 0.000000e+00 0.000000e+00 5.983577e-01 4.016423e-01 0.000000e+00
 0.000000e+00 0.000000e+00 0.000000e+00 7.660627e-01 2.339373e-01
 0.000000e+00 0.000000e+00 0.000000e+00 0.000000e+00 0.000000e+00
<ENDHMM>
~h "B"
<BEGINHMM>
<NUMSTATES> 5
<STATE> 2
<MEAN> 25
 7.416881e+00 4.295107e+00 2.750966e+00 8.299111e-01 8.548781e-02 3.677948e+00 -9.343076e-01 -4.002206e+00 -3.583174e+00 4.847734e-01 6.021127e-01 -1.556760e+00 4.655781e-01 6.563502e-01 1.227617e-01 1.196090e-01 3.296127e-01 2.439713e-01 1.989186e-01 -2.252235e-01 -1.386403e-01 7.546182e-02 9.552267e-02 -2.352983e-02 -4.098963e-01
<VARIANCE> 25
 4.624913e+01 5.895070e+01 4.550673e+01 5.497482e+01 4.626089e+01 5.152000e+01 5.248496e+01 5.386287e+01 5.995253e+01 3.821165e+01 4.489737e+01 3.502446e+01 2.531404e+00 4.669002e+00 3.543030e+00 4.525145e+00 3.664618e+00 3.503286e+00 4.362235e+00 4.235385e+00 5.046477e+00 3.377537e+00 3.721754e+00 2.836114e+00 8.452617e+00
<GCONST> 1.105429e+02
<STATE> 3
<MEAN> 25
 8.192345e+00 5.120226e+00 2.722011e+00 4.780061e-01 4.040497e-01 4.125349e+00 -8.697187e-01 -4.224307e+00 -3.472978e+00 8.157223e-01 9.354701e-01 -1.716354e+00 4.769934e-02 -8.304425e-02 -2.019638e-01 -3.121599e-01 -1.131165e-02 2.870568e-02 -1.644654e-01 1.458609e-01 3.369724e-01 1.627037e-01 1.203816e-01 -9.940043e-02 5.977929e-01
<VARIANCE> 25
 4.086086e+01 6.177818e+01 4.318304e+01 5.821044e+01 4.461499e+01 5.017461e+01 5.041369e+01 4.984330e+01 5.967850e+01 3.943166e+01 4.558507e+01 3.504345e+01 2.669713e+00 5.999730e+00 3.859429e+00 5.279694e+00 4.007436e+00 3.797806e+00 4.847767e+00 4.617092e+00 5.870836e+00 3.764172e+00 4.145798e+00 3.401863e+00 9.983280e+00
<GCONST> 1.119544e+02
<STATE> 4
<MEAN> 25
 7.826572e+00 4.445542e+00 2.088503e+00 -4.829578e-01 2.399519e-02 4.085863e+00 -1.419701e+00 -3.371346e+00 -2.441514e+00 1.108291e+00 1.008524e+00 -2.030501e+00 -3.705843e-01 -6.655930e-01 -3.356516e-01 -3.912639e-01 -2.622322e-01 -2.280964e-01 -3.569642e-01 4.019781e-01 5.429075e-01 4.495214e-02 6.673735e-02 -3.601351e-02 1.216236e+00
<VARIANCE> 25
 3.950314e+01 7.492829e+01 4.805732e+01 6.605391e+01 4.847968e+01 5.363720e+01 5.234884e+01 5.044865e+01 6.415514e+01 4.134913e+01 4.689304e+01 3.727863e+01 2.243525e+00 5.230069e+00 3.649538e+00 4.804740e+00 4.223386e+00 3.891328e+00 4.389031e+00 4.263437e+00 5.456635e+00 3.707191e+00 4.200440e+00 3.587025e+00 8.229476e+00
<GCONST> 1.119772e+02
<TRANSP> 5
 0.000000e+00 1.000000e+00 0.000000e+00 0.000000e+00 0.000000e+00
 0.000000e+00 5.768073e-01 4.231928e-01 0.000000e+00 0.000000e+00
 0.000000e+00 0.000000e+00 5.851979e-01 4.148021e-01 0.000000e+00
 0.000000e+00 0.000000e+00 0.000000e+00 6.918465e-01 3.081535e-01
 0.000000e+00 0.000000e+00 0.000000e+00 0.000000e+00 0.000000e+00
<ENDHMM>
~h "C"
<BEGINHMM>
<NUMSTATES> 5
<STATE> 2
<MEAN> 25
 -3.064985e+00 4.489628e+00 2.074183e+00 2.208260e+00 9.508547e-01 -4.267988e+00 8.617494e-01 4.507670e-02 -1.821175e-01 -3.882776e-01 -5.934528e-01 2.184642e+00 -1.680416e+00 -7.547481e-03 -4.715957e-01 -3.677426e-01 5.702413e-01 -1.323781e-01 3.940878e-01 6.934035e-02 2.329932e-01 3.641600e-02 1.741641e-01 2.682705e-01 5.671595e-02
<VARIANCE> 25
 7.573734e+01 4.691521e+01 4.303143e+01 3.580521e+01 4.664878e+01 4.206205e+01 4.844075e+01 4.878331e+01 3.925308e+01 3.050942e+01 3.044747e+01 2.609183e+01 7.263630e+00 5.368975e+00 4.078561e+00 4.023183e+00 5.025873e+00 3.913197e+00 4.278379e+00 4.173068e+00 3.571919e+00 3.066308e+00 2.935078e+00 2.856308e+00 1.612167e+01
<GCONST> 1.102003e+02
<STATE> 3
<MEAN> 25
 -8.431796e+00 3.428179e+00 4.380867e-01 1.511117e-01 1.603482e+00 -4.326433e+00 1.585119e+00 4.175382e-01 7.011410e-01 -1.504289e-01 2.152481e-01 2.971486e+00 -7.443525e-01 -5.912094e-01 -2.432543e-01 -6.233386e-01 -2.647273e-01 -1.050119e-01 -1.296785e-01 2.945558e-01 3.070768e-01 -1.816690e-02 1.418407e-01 8.015595e-02 1.869880e+00
<VARIANCE> 25
 9.641273e+01 4.103466e+01 4.013033e+01 3.826162e+01 4.431821e+01 4.087032e+01 4.604955e+01 4.145604e+01 3.407607e+01 2.789132e+01 2.781469e+01 2.326685e+01 1.504828e+01 4.793740e+00 4.775877e+00 4.032940e+00 5.683518e+00 4.177999e+00 4.813322e+00 4.575676e+00 3.794791e+00 3.067388e+00 3.103704e+00 2.860442e+00 1.418307e+01
<GCONST> 1.107385e+02
<STATE> 4
<MEAN> 25
 -7.836098e+00 1.171356e+00 5.885969e-01 -1.277163e+00 -2.561868e-01 -4.497895e+00 4.853833e-01 1.602498e+00 1.597550e+00 -3.400535e-01 4.814631e-01 2.571513e+00 1.567809e+00 -9.809140e-01 2.065305e-01 -3.930456e-01 -8.061789e-01 8.533920e-02 -7.180350e-01 3.320997e-01 2.042070e-01 -1.079074e-01 -6.979766e-02 -5.207796e-01 1.957882e+00
<VARIANCE> 25
 1.053065e+02 4.600824e+01 4.283348e+01 3.512841e+01 4.875832e+01 3.947750e+01 5.491101e+01 4.682990e+01 3.696543e+01 2.712385e+01 2.933261e+01 2.462961e+01 1.543417e+01 5.141084e+00 5.300246e+00 3.900180e+00 5.473863e+00 4.643917e+00 5.282617e+00 5.416491e+00 4.320217e+00 3.266797e+00 3.386114e+00 3.088559e+00 8.304525e+00
<GCONST> 1.117602e+02
<TRANSP> 5
 0.000000e+00 1.000000e+00 0.000000e+00 0.000000e+00 0.000000e+00
 0.000000e+00 7.036216e-01 2.963784e-01 0.000000e+00 0.000000e+00
 0.000000e+00 0.000000e+00 7.172185e-01 2.827815e-01 0.000000e+00
 0.000000e+00 0.000000e+00 0.000000e+00 7.992908e-01 2.007092e-01
 0.000000e+00 0.000000e+00 0.000000e+00 0.000000e+00 0.000000e+00
<ENDHMM>
~h "D"
<BEGINHMM>
<NUMSTATES> 5
<STATE> 2
<MEAN> 25
 5.279455e+00 1.696824e+00 5.574870e+00 4.037200e+00 -2.512665e+00 -2.556330e+00 -2.908957e+00 3.295907e-01 7.079214e-01 -8.653480e-01 -2.408054e+00 -5.345258e-01 2.130755e-01 1.780891e-01 5.261617e-01 3.103583e-01 -7.734202e-03 -3.685478e-01 -2.674623e-01 3.217650e-01 1.110459e-01 -1.130212e-01 -1.565675e-02 1.383472e-01 6.250095e-02
<VARIANCE> 25
 4.307066e+01 6.434972e+01 5.672843e+01 5.166596e+01 6.579851e+01 4.585555e+01 6.098996e+01 8.463828e+01 5.643076e+01 3.989940e+01 5.130005e+01 3.402491e+01 3.343067e+00 5.415829e+00 3.818241e+00 5.019921e+00 6.000955e+00 3.540038e+00 4.801217e+00 6.707729e+00 4.588783e+00 3.433499e+00 4.629436e+00 3.109759e+00 1.057831e+01
<GCONST> 1.137631e+02
<STATE> 3
<MEAN> 25
 5.471955e+00 1.475350e+00 6.553632e+00 3.996347e+00 -2.986072e+00 -3.321680e+00 -3.659281e+00 1.335244e+00 9.627072e-01 -1.074847e+00 -2.035707e+00 -2.049403e-01 -1.681139e-01 -3.848619e-01 8.840965e-02 -3.526825e-01 -3.606728e-01 -1.502350e-01 -2.528795e-01 4.796785e-01 7.821915e-02 -5.324701e-02 3.126581e-01 7.134616e-02 1.002894e+00
<VARIANCE> 25
 3.917387e+01 6.225357e+01 5.248951e+01 5.256212e+01 6.722840e+01 4.449943e+01 6.160368e+01 8.233890e+01 5.826908e+01 3.845704e+01 5.233896e+01 3.380048e+01 3.449120e+00 6.007378e+00 4.378648e+00 5.472890e+00 7.087426e+00 3.824922e+00 5.433626e+00 7.643676e+00 5.254607e+00 3.630715e+00 5.304588e+00 3.398481e+00 1.176743e+01
<GCONST> 1.149365e+02
<STATE> 4
<MEAN> 25
 4.721070e+00 1.021390e-01 6.273487e+00 2.479786e+00 -4.363831e+00 -3.288201e+00 -4.017767e+00 2.582189e+00 9.859296e-01 -1.025524e+00 -1.126410e+00 -3.060460e-01 -3.596143e-01 -5.293344e-01 -2.659093e-01 -5.956670e-01 -3.467223e-01 1.858069e-01 -9.517794e-03 2.223013e-01 -5.913505e-02 2.485482e-02 3.398199e-01 -9.998679e-02 1.142505e+00
<VARIANCE> 25
 3.468256e+01 6.577244e+01 6.265157e+01 5.639492e+01 6.939015e+01 4.451254e+01 6.087177e+01 8.687478e+01 6.615202e+01 3.680027e+01 5.564380e+01 3.321894e+01 2.711797e+00 4.461308e+00 4.032526e+00 4.265512e+00 6.693160e+00 3.667033e+00 5.151569e+00 6.701841e+00 4.988667e+00 3.355279e+00 5.081332e+00 3.203265e+00 8.637474e+00
<GCONST> 1.136214e+02
<TRANSP> 5
 0.000000e+00 1.000000e+00 0.000000e+00 0.000000e+00 0.000000e+00
 0.000000e+00 6.156453e-01 3.843547e-01 0.000000e+00 0.000000e+00
 0.000000e+00 0.000000e+00 6.255141e-01 3.744859e-01 0.000000e+00
 0.000000e+00 0.000000e+00 0.000000e+00 7.136146e-01 2.863855e-01
 0.000000e+00 0.000000e+00 0.000000e+00 0.000000e+00 0.000000e+00
<ENDHMM>
~h "E"
<BEGINHMM>
<NUMSTATES> 5
<STATE> 2
<MEAN> 25
 1.912930e+00 -6.149473e+00 5.451768e+00 -1.783293e+00 -1.016743e+01 -6.068971e+00 4.945083e-01 6.068979e+00 -9.707483e-01 2.718112e-01 3.267301e+00 -5.775493e-01 -2.063023e-02 -4.034789e-01 4.550902e-01 -3.602492e-01 -9.295089e-01 -1.601671e-01 5.086551e-01 5.676983e-01 -2.124078e-01 3.091843e-02 3.522302e-01 -6.532416e-02 6.651275e-01
<VARIANCE> 25
 2.333564e+01 5.019196e+01 5.543667e+01 3.622042e+01 7.205211e+01 4.510274e+01 5.723397e+01 6.442140e+01 4.885268e+01 4.168826e+01 5.101431e+01 2.950010e+01 1.772309e+00 3.047776e+00 2.404825e+00 2.260062e+00 4.586466e+00 2.665170e+00 3.547464e+00 4.531059e+00 3.132827e+00 2.763937e+00 2.780095e+00 1.910373e+00 6.207549e+00
<GCONST> 1.061664e+02
<STATE> 3
<MEAN> 25
 1.771769e+00 -6.178614e+00 6.154285e+00 -2.166948e+00 -1.116010e+01 -6.121853e+00 1.664789e+00 6.344953e+00 -1.402099e+00 4.901844e-01 3.584133e+00 -8.170180e-01 -1.010567e-02 1.113557e-01 1.061300e-01 -1.745449e-02 -8.787353e-02 -3.904089e-03 2.646010e-01 -2.653528e-02 -8.809114e-02 4.169000e-02 -8.173772e-03 -5.604101e-02 -9.871154e-02
<VARIANCE> 25
 2.016658e+01 4.599245e+01 5.181051e+01 3.516314e+01 6.654092e+01 4.406750e+01 5.448959e+01 6.179295e+01 4.707291e+01 4.213768e+01 4.940405e+01 2.834839e+01 1.188501e+00 2.388438e+00 1.900726e+00 1.995514e+00 3.442713e+00 2.109595e+00 2.806337e+00 3.337473e+00 2.537072e+00 2.228493e+00 2.284239e+00 1.584519e+00 5.790151e+00
<GCONST> 1.026007e+02
<STATE> 4
<MEAN> 25
 6.309448e-01 -3.673881e+00 5.176677e+00 -7.384685e-01 -8.396770e+00 -5.302057e+00 2.607597e+00 4.308657e+00 -1.274083e+00 6.240226e-01 2.804647e+00 -2.798808e-01 -3.798352e-03 3.355339e-01 -2.056720e-01 2.418218e-01 4.920544e-01 7.605489e-02 -3.935789e-02 -2.703605e-01 4.872474e-02 4.168957e-03 -2.347514e-01 3.272050e-02 -6.287704e-01
<VARIANCE> 25
 2.550383e+01 5.118089e+01 5.619511e+01 3.706240e+01 8.174049e+01 4.477411e+01 4.891451e+01 5.651680e+01 4.129849e+01 3.726631e+01 4.425495e+01 2.754541e+01 1.079699e+00 1.892789e+00 1.564680e+00 1.696477e+00 2.671522e+00 1.967698e+00 2.478148e+00 2.663995e+00 2.168358e+00 1.994254e+00 1.966371e+00 1.483236e+00 3.765153e+00
<GCONST> 1.004353e+02
<TRANSP> 5
 0.000000e+00 1.000000e+00 0.000000e+00 0.000000e+00 0.000000e+00
 0.000000e+00 6.817203e-01 3.182797e-01 0.000000e+00 0.000000e+00
 0.000000e+00 0.000000e+00 6.847963e-01 3.152037e-01 0.000000e+00
 0.000000e+00 0.000000e+00 0.000000e+00 8.810937e-01 1.189064e-01
 0.000000e+00 0.000000e+00 0.000000e+00 0.000000e+00 0.000000e+00
<ENDHMM>
~h "F"
<BEGINHMM>
<NUMSTATES> 5
<STATE> 2
<MEAN> 25
 -5.965266e+00 -1.498033e-01 -1.912990e+00 3.021280e+00 2.793131e+00 -4.004382e-01 1.272324e+00 -6.831908e-02 7.188430e-01 9.444792e-01 4.792788e-01 1.865172e+00 -1.860499e+00 -1.752766e-01 -4.034522e-01 5.022371e-01 4.362011e-01 -2.390382e-01 2.280106e-01 1.729596e-01 3.775510e-01 1.659401e-02 8.373734e-02 3.327449e-01 -5.234285e-01
<VARIANCE> 25
 7.414667e+01 3.229618e+01 3.859269e+01 3.914201e+01 3.875212e+01 4.520393e+01 3.368293e+01 3.437008e+01 3.102330e+01 2.648850e+01 2.646781e+01 2.509237e+01 5.929615e+00 3.119458e+00 3.068470e+00 4.068952e+00 4.235298e+00 3.757754e+00 3.222107e+00 3.292085e+00 3.158060e+00 2.666277e+00 2.587045e+00 2.289378e+00 2.867014e+00
<GCONST> 1.043144e+02
<STATE> 3
<MEAN> 25
 -9.636334e+00 -1.333554e+00 -2.943922e+00 3.314774e+00 2.833260e+00 -8.851390e-01 1.334015e+00 2.154678e-01 1.281510e+00 1.015360e+00 8.421868e-01 2.428080e+00 -4.608194e-01 -3.412856e-01 -2.621842e-01 -1.099906e-01 -9.871371e-02 -7.272841e-02 -2.196939e-02 4.102593e-02 8.593626e-02 -3.105006e-03 1.047136e-01 2.688976e-02 -8.920284e-02
<VARIANCE> 25
 5.964697e+01 2.972740e+01 3.349706e+01 3.432302e+01 3.354113e+01 3.717617e+01 3.005833e+01 3.070710e+01 2.769084e+01 2.484356e+01 2.356154e+01 2.326447e+01 7.746662e+00 2.441176e+00 2.626175e+00 3.343484e+00 3.014124e+00 3.228714e+00 2.602423e+00 2.662177e+00 2.618419e+00 2.332221e+00 2.187273e+00 2.206219e+00 2.978694e+00
<GCONST> 1.010691e+02
<STATE> 4
<MEAN> 25
 -8.392433e+00 -1.963400e+00 -3.745764e+00 2.650668e+00 2.584312e+00 -6.027352e-01 1.515660e+00 5.117490e-01 1.185078e+00 9.016649e-01 1.041651e+00 2.272601e+00 1.016210e+00 -1.717204e-02 7.758217e-02 -3.821556e-01 -3.291463e-01 1.183130e-01 -9.938302e-02 -5.210948e-02 -1.380720e-01 -7.480867e-02 6.053119e-02 -2.585433e-01 2.682860e-01
<VARIANCE> 25
 6.624034e+01 3.283590e+01 3.455040e+01 3.576429e+01 3.472004e+01 3.694321e+01 2.905556e+01 2.934683e+01 2.735385e+01 2.455770e+01 2.275009e+01 2.342177e+01 6.910502e+00 2.401179e+00 2.681077e+00 3.217938e+00 2.941176e+00 3.078863e+00 2.494846e+00 2.588687e+00 2.654104e+00 2.345888e+00 2.165627e+00 2.229836e+00 3.169762e+00
<GCONST> 1.010341e+02
<TRANSP> 5
 0.000000e+00 1.000000e+00 0.000000e+00 0.000000e+00 0.000000e+00
 0.000000e+00 6.930357e-01 3.069643e-01 0.000000e+00 0.000000e+00
 0.000000e+00 0.000000e+00 6.898998e-01 3.101002e-01 0.000000e+00
 0.000000e+00 0.000000e+00 0.000000e+00 8.463214e-01 1.536786e-01
 0.000000e+00 0.000000e+00 0.000000e+00 0.000000e+00 0.000000e+00
<ENDHMM>
~h "G"
<BEGINHMM>
<NUMSTATES> 5
<STATE> 2
<MEAN> 25
 5.176648e+00 2.844914e+00 4.489224e+00 2.336410e+00 -2.077113e+00 -2.167521e+00 -2.177656e+00 -8.096052e-01 -2.657399e+00 2.650439e+00 -2.633039e-01 -1.814280e+00 -1.333849e-01 1.826686e-01 1.538086e-01 3.691853e-01 1.345015e-01 -5.528561e-01 -7.309105e-02 1.655089e-01 -1.852107e-01 9.518674e-02 5.466032e-02 1.982567e-01 -3.355563e-02
<VARIANCE> 25
 3.680838e+01 5.601601e+01 6.338570e+01 5.446368e+01 7.177383e+01 5.983038e+01 6.197432e+01 6.386822e+01 5.914653e+01 4.180149e+01 4.422921e+01 3.669017e+01 3.131443e+00 5.001102e+00 5.038149e+00 4.583556e+00 7.010711e+00 4.468288e+00 5.018040e+00 5.174018e+00 5.407101e+00 3.597302e+00 4.054835e+00 3.359164e+00 9.028766e+00
<GCONST> 1.139502e+02
<STATE> 3
<MEAN> 25
 4.647006e+00 2.616213e+00 4.390813e+00 2.472250e+00 -2.093330e+00 -3.206556e+00 -2.514885e+00 -3.454433e-02 -2.705420e+00 2.659560e+00 3.613177e-02 -1.433375e+00 -2.187427e-01 -2.658614e-01 -1.721748e-01 -2.852930e-01 -1.999849e-01 -2.060561e-01 -1.383720e-01 4.340700e-01 1.743818e-01 -6.167363e-02 1.657863e-01 4.749162e-02 6.860247e-01
<VARIANCE> 25
 3.668482e+01 5.555326e+01 6.367995e+01 5.191618e+01 7.769097e+01 5.953582e+01 6.103485e+01 6.456269e+01 5.713763e+01 4.082428e+01 4.531105e+01 3.598991e+01 3.233693e+00 4.945284e+00 5.384662e+00 4.916954e+00 8.400292e+00 4.670552e+00 5.131915e+00 5.599637e+00 5.675467e+00 3.608029e+00 4.551169e+00 3.647415e+00 8.889624e+00
<GCONST> 1.146297e+02
<STATE> 4
<MEAN> 25
 4.111718e+00 1.823120e+00 3.768861e+00 9.819683e-01 -2.969113e+00 -2.895200e+00 -2.626537e+00 1.074566e+00 -1.867800e+00 2.321173e+00 3.884242e-01 -1.620014e+00 -1.979798e-01 -4.674375e-01 -3.682519e-01 -6.412129e-01 -2.024204e-01 2.565193e-01 -1.838451e-02 3.953224e-01 3.495840e-01 -1.714669e-01 5.639232e-02 -9.632508e-02 8.303236e-01
<VARIANCE> 25
 3.516909e+01 6.434886e+01 6.889986e+01 5.520564e+01 7.450582e+01 5.793489e+01 5.878252e+01 6.887731e+01 6.375300e+01 4.040301e+01 4.735220e+01 3.588558e+01 2.605035e+00 3.701825e+00 4.567196e+00 3.985694e+00 7.300156e+00 4.064846e+00 4.299896e+00 4.795136e+00 4.945662e+00 3.171402e+00 4.389914e+00 3.380606e+00 6.015809e+00
<GCONST> 1.127122e+02
<TRANSP> 5
 0.000000e+00 1.000000e+00 0.000000e+00 0.000000e+00 0.000000e+00
 0.000000e+00 5.940753e-01 4.059247e-01 0.000000e+00 0.000000e+00
 0.000000e+00 0.000000e+00 5.979785e-01 4.020216e-01 0.000000e+00
 0.000000e+00 0.000000e+00 0.000000e+00 6.750426e-01 3.249573e-01
 0.000000e+00 0.000000e+00 0.000000e+00 0.000000e+00 0.000000e+00
<ENDHMM>
~h "H"
<BEGINHMM>
<NUMSTATES> 5
<STATE> 2
<MEAN> 25
 -3.589365e-01 -3.301276e+00 -2.893860e+00 1.786377e-02 5.268758e+00 2.929419e+00 2.138376e+00 1.538394e+00 7.914899e-01 -8.146383e-01 -1.851064e+00 5.599809e-01 -3.131989e-01 -8.418004e-03 -1.018325e-01 2.465207e-01 4.754763e-01 8.901735e-02 2.750978e-01 -7.758099e-03 7.172317e-02 -5.444941e-02 1.612399e-02 2.042063e-01 -6.017250e-01
<VARIANCE> 25
 3.701045e+01 5.316691e+01 5.416240e+01 4.672753e+01 6.894905e+01 5.453953e+01 5.230182e+01 4.918095e+01 4.444965e+01 3.870633e+01 4.037466e+01 3.570627e+01 1.776462e+00 2.867164e+00 2.706689e+00 2.943013e+00 3.837970e+00 3.010652e+00 3.272868e+00 3.262033e+00 2.988178e+00 2.648034e+00 2.700432e+00 2.425083e+00 2.802848e+00
<GCONST> 1.056732e+02
<STATE> 3
<MEAN> 25
 -9.258750e-01 -3.288414e+00 -3.091581e+00 2.504298e-01 5.731689e+00 2.944403e+00 2.412542e+00 1.367463e+00 8.880764e-01 -8.263532e-01 -1.703150e+00 8.186190e-01 -1.217736e-01 7.187624e-02 -2.508166e-02 4.070933e-02 3.159093e-02 -3.160452e-02 5.657081e-02 -9.535834e-02 -1.043484e-02 -1.176754e-02 5.366791e-02 5.115971e-02 -4.988333e-01
<VARIANCE> 25
 3.856699e+01 5.372669e+01 5.261087e+01 4.467735e+01 6.648418e+01 5.227809e+01 5.073920e+01 4.658175e+01 4.273950e+01 3.742321e+01 3.842095e+01 3.400563e+01 1.747750e+00 2.597489e+00 2.495637e+00 2.674163e+00 3.442880e+00 2.800490e+00 3.043668e+00 3.016195e+00 2.794330e+00 2.506537e+00 2.487604e+00 2.307794e+00 2.893305e+00
<GCONST> 1.044703e+02
<STATE> 4
<MEAN> 25
 -2.128844e+00 -2.604995e+00 -3.616375e+00 6.129675e-01 5.277432e+00 2.124850e+00 2.604073e+00 9.606647e-01 8.485010e-01 -8.781056e-01 -1.101153e+00 1.088254e+00 7.743035e-02 1.608223e-01 7.115701e-02 -5.689522e-02 -2.602109e-01 -8.617577e-02 -7.135136e-02 -8.068182e-02 -6.119604e-02 1.441288e-02 4.636915e-02 -6.177643e-02 -1.839910e-01
<VARIANCE> 25
 3.647412e+01 5.591162e+01 4.642535e+01 3.902647e+01 5.325910e+01 4.490576e+01 4.205703e+01 3.879028e+01 3.755511e+01 3.151709e+01 3.286118e+01 2.965975e+01 1.560977e+00 2.090296e+00 2.022111e+00 2.071909e+00 2.576514e+00 2.288338e+00 2.518034e+00 2.504962e+00 2.372109e+00 2.175924e+00 2.106216e+00 1.962455e+00 2.645934e+00
<GCONST> 1.004693e+02
<TRANSP> 5
 0.000000e+00 1.000000e+00 0.000000e+00 0.000000e+00 0.000000e+00
 0.000000e+00 5.703949e-01 4.296050e-01 0.000000e+00 0.000000e+00
 0.000000e+00 0.000000e+00 5.718238e-01 4.281762e-01 0.000000e+00
 0.000000e+00 0.000000e+00 0.000000e+00 7.782014e-01 2.217986e-01
 0.000000e+00 0.000000e+00 0.000000e+00 0.000000e+00 0.000000e+00
<ENDHMM>
~h "I"
<BEGINHMM>
<NUMSTATES> 5
<STATE> 2
<MEAN> 25
 5.192290e-02 2.498363e+00 1.332626e+01 1.692157e+00 -9.133268e+00 -3.825273e+00 -3.589784e+00 -3.175290e+00 -6.799014e+00 -6.288542e-01 3.634300e+00 -8.297423e-02 8.296446e-02 1.712987e-01 1.416302e+00 -1.849886e-01 -1.214045e+00 1.064904e-01 -5.388837e-01 -3.458996e-01 -8.508443e-01 -2.590519e-02 5.442770e-01 -1.466364e-01 6.633435e-01
<VARIANCE> 25
 3.478362e+01 3.771199e+01 6.965860e+01 3.985852e+01 6.648520e+01 4.867892e+01 5.526778e+01 5.516157e+01 5.461680e+01 4.275778e+01 4.102225e+01 3.122175e+01 3.556371e+00 2.644199e+00 5.744374e+00 3.099340e+00 6.182679e+00 3.838270e+00 5.129748e+00 4.543650e+00 5.089086e+00 3.400275e+00 3.460394e+00 2.612943e+00 5.416664e+00
<GCONST> 1.102492e+02
<STATE> 3
<MEAN> 25
 1.926870e-01 3.196467e+00 1.521886e+01 1.291710e+00 -1.080315e+01 -3.256692e+00 -4.217490e+00 -3.778569e+00 -7.790974e+00 -4.370572e-01 4.236199e+00 -4.351590e-01 9.549290e-02 1.699336e-01 1.021057e-01 -3.560825e-02 -1.507676e-01 6.649669e-02 1.876185e-03 -3.916506e-02 -1.845103e-02 6.511224e-02 1.683341e-02 -4.305542e-02 -1.937965e-01
<VARIANCE> 25
 2.474850e+01 3.425008e+01 5.893164e+01 3.854020e+01 5.781874e+01 4.905483e+01 5.165886e+01 5.236839e+01 4.996124e+01 4.495441e+01 4.105914e+01 3.172156e+01 2.145046e+00 2.302892e+00 4.707030e+00 2.644414e+00 5.375502e+00 3.243154e+00 4.232032e+00 3.986146e+00 4.245318e+00 2.843271e+00 3.065825e+00 2.198781e+00 5.062199e+00
<GCONST> 1.069831e+02
<STATE> 4
<MEAN> 25
 5.848148e-02 4.074468e+00 1.281670e+01 1.584685e+00 -8.509625e+00 -2.614138e+00 -2.806472e+00 -3.630821e+00 -6.384527e+00 -2.721267e-01 2.887107e+00 -2.149653e-01 4.759528e-02 -2.052376e-02 -8.397527e-01 1.341169e-01 6.502917e-01 -5.206949e-02 3.572274e-01 2.092313e-01 4.432781e-01 2.816334e-02 -3.235782e-01 9.608294e-02 -6.775415e-01
<VARIANCE> 25
 2.795894e+01 3.547373e+01 7.251021e+01 3.853115e+01 7.026250e+01 5.036887e+01 5.695065e+01 5.365430e+01 5.056320e+01 3.892076e+01 4.183265e+01 3.047025e+01 1.761482e+00 2.135169e+00 3.139015e+00 2.247577e+00 3.875853e+00 2.834418e+00 3.302631e+00 3.485124e+00 3.276682e+00 2.478899e+00 2.659752e+00 1.976713e+00 3.724524e+00
<GCONST> 1.049007e+02
<TRANSP> 5
 0.000000e+00 1.000000e+00 0.000000e+00 0.000000e+00 0.000000e+00
 0.000000e+00 7.061536e-01 2.938464e-01 0.000000e+00 0.000000e+00
 0.000000e+00 0.000000e+00 7.053280e-01 2.946720e-01 0.000000e+00
 0.000000e+00 0.000000e+00 0.000000e+00 8.545049e-01 1.454951e-01
 0.000000e+00 0.000000e+00 0.000000e+00 0.000000e+00 0.000000e+00
<ENDHMM>
~h "J"
<BEGINHMM>
<NUMSTATES> 5
<STATE> 2
<MEAN> 25
 1.652326e+00 7.137738e+00 8.144903e+00 4.028543e+00 -1.204184e+00 -3.704702e+00 -1.326570e-01 8.370543e-01 -1.393846e+00 -1.875272e+00 6.997503e-02 1.660545e+00 -5.971459e-01 6.250895e-01 4.885999e-01 8.241146e-02 3.638403e-01 -2.816667e-01 3.410310e-01 5.073098e-02 3.065083e-02 -7.623060e-02 1.177057e-01 3.010383e-01 2.663636e-02
<VARIANCE> 25
 6.151007e+01 5.744467e+01 4.948257e+01 3.630217e+01 5.849017e+01 4.560192e+01 5.441444e+01 4.880540e+01 4.150650e+01 3.237987e+01 3.203726e+01 2.814781e+01 7.766488e+00 5.244751e+00 4.062376e+00 3.590249e+00 6.503227e+00 3.973226e+00 5.169081e+00 4.978766e+00 4.271795e+00 3.048988e+00 3.264993e+00 2.958898e+00 9.745957e+00
<GCONST> 1.113900e+02
<STATE> 3
<MEAN> 25
 -8.627075e-01 7.241816e+00 8.929787e+00 3.303352e+00 -1.186923e+00 -4.475973e+00 -8.725204e-02 9.060029e-01 -1.269876e+00 -1.785809e+00 1.039191e+00 2.611717e+00 -4.658519e-01 -6.675537e-01 1.536933e-02 -3.944787e-01 -5.500677e-01 -2.995442e-01 -3.731252e-01 2.641177e-01 1.214375e-01 5.238770e-02 3.803951e-01 2.024233e-01 1.417044e+00
<VARIANCE> 25
 7.507123e+01 5.767065e+01 4.485798e+01 3.620929e+01 6.863287e+01 4.548119e+01 4.960932e+01 4.549153e+01 3.724936e+01 2.844720e+01 3.183032e+01 2.689054e+01 1.078226e+01 6.145815e+00 4.359995e+00 3.585075e+00 9.341630e+00 4.332621e+00 5.472063e+00 6.052579e+00 4.563144e+00 2.897834e+00 3.468549e+00 3.179405e+00 8.578027e+00
<GCONST> 1.124739e+02
<STATE> 4
<MEAN> 25
 -1.124159e+00 3.529634e+00 8.189291e+00 1.703743e+00 -3.905720e+00 -5.076627e+00 -2.039476e+00 2.335642e+00 -6.451758e-01 -1.505230e+00 2.153142e+00 2.599091e+00 4.231693e-01 -1.319952e+00 -6.250286e-01 -5.397146e-01 -6.831977e-01 7.582528e-02 -6.379660e-01 5.374286e-01 3.520024e-01 1.294157e-01 9.075718e-02 -3.718148e-01 1.397082e+00
<VARIANCE> 25
 5.994444e+01 7.402909e+01 4.862836e+01 4.166959e+01 7.389110e+01 4.256598e+01 5.384165e+01 6.110491e+01 4.493871e+01 2.844076e+01 3.491702e+01 2.818737e+01 8.716281e+00 4.784199e+00 4.733692e+00 3.196614e+00 8.927810e+00 4.563345e+00 5.267864e+00 6.441489e+00 4.759079e+00 2.892960e+00 4.118189e+00 3.581902e+00 5.203304e+00
<GCONST> 1.127979e+02
<TRANSP> 5
 0.000000e+00 1.000000e+00 0.000000e+00 0.000000e+00 0.000000e+00
 0.000000e+00 7.216514e-01 2.783487e-01 0.000000e+00 0.000000e+00
 0.000000e+00 0.000000e+00 7.236994e-01 2.763006e-01 0.000000e+00
 0.000000e+00 0.000000e+00 0.000000e+00 7.767779e-01 2.232221e-01
 0.000000e+00 0.000000e+00 0.000000e+00 0.000000e+00 0.000000e+00
<ENDHMM>
~h "K"
<BEGINHMM>
<NUMSTATES> 5
<STATE> 2
<MEAN> 25
 -6.452999e-01 8.055108e-01 -2.192987e+00 5.657925e-01 1.760882e+00 -2.027141e+00 6.331085e-01 9.861253e-03 -2.210464e-01 1.482454e+00 -1.176269e+00 1.226624e-01 -5.351825e-01 -3.837934e-01 -6.281903e-01 9.692272e-02 5.399448e-01 -3.960685e-01 -4.735705e-02 2.666382e-01 1.477982e-01 1.719176e-01 -1.691570e-01 2.548388e-01 -2.402170e-02
<VARIANCE> 25
 4.319839e+01 5.496904e+01 5.578652e+01 4.476055e+01 5.499290e+01 5.328289e+01 4.884610e+01 5.122263e+01 4.489174e+01 3.822882e+01 3.642947e+01 3.814938e+01 2.968965e+00 5.242901e+00 4.817865e+00 3.720762e+00 4.993606e+00 4.401888e+00 4.360645e+00 4.197281e+00 3.804916e+00 3.660413e+00 3.202788e+00 3.122907e+00 1.561013e+01
<GCONST> 1.113479e+02
<STATE> 3
<MEAN> 25
 -1.642045e+00 -7.136686e-01 -3.813565e+00 1.989410e-01 2.636491e+00 -2.765485e+00 2.844945e-01 8.270482e-01 1.884820e-01 1.851990e+00 -1.544623e+00 3.869940e-01 -1.740458e-01 -6.088629e-01 -5.414706e-01 -3.258203e-01 1.503552e-01 -1.622856e-01 -1.650741e-01 3.504478e-01 1.303592e-01 7.248524e-02 -1.334215e-01 -8.050021e-02 1.317032e+00
<VARIANCE> 25
 4.127570e+01 5.736613e+01 5.866371e+01 4.442276e+01 5.503584e+01 5.448569e+01 4.967649e+01 4.949000e+01 4.295120e+01 3.813204e+01 3.500311e+01 3.852008e+01 3.889294e+00 5.235674e+00 5.840835e+00 4.182872e+00 5.749617e+00 4.900683e+00 4.744147e+00 4.498390e+00 4.100737e+00 3.921855e+00 3.451090e+00 3.889683e+00 1.706083e+01
<GCONST> 1.128235e+02
<STATE> 4
<MEAN> 25
 -1.817992e+00 -1.726993e+00 -4.400943e+00 -5.828362e-01 2.541054e+00 -2.528010e+00 3.363569e-01 1.511522e+00 5.081424e-01 1.586672e+00 -1.635529e+00 9.626798e-03 2.740026e-01 -3.776594e-01 -7.605844e-02 -4.418553e-01 -2.140333e-01 1.857643e-01 -1.137565e-01 2.048253e-01 2.925381e-02 -1.168590e-01 1.533428e-02 -3.163754e-01 1.561813e+00
<VARIANCE> 25
 4.048741e+01 5.789195e+01 5.650393e+01 4.486003e+01 5.126928e+01 5.247952e+01 4.819995e+01 4.714329e+01 4.168119e+01 3.666512e+01 3.422872e+01 4.013061e+01 3.714306e+00 4.349099e+00 5.466058e+00 3.878017e+00 5.112867e+00 4.518164e+00 4.298584e+00 4.077223e+00 3.841183e+00 3.582721e+00 3.256240e+00 3.753825e+00 1.201588e+01
<GCONST> 1.111786e+02
<TRANSP> 5
 0.000000e+00 1.000000e+00 0.000000e+00 0.000000e+00 0.000000e+00
 0.000000e+00 5.888943e-01 4.111058e-01 0.000000e+00 0.000000e+00
 0.000000e+00 0.000000e+00 5.959408e-01 4.040593e-01 0.000000e+00
 0.000000e+00 0.000000e+00 0.000000e+00 6.972195e-01 3.027805e-01
 0.000000e+00 0.000000e+00 0.000000e+00 0.000000e+00 0.000000e+00
<ENDHMM>
~h "L"
<BEGINHMM>
<NUMSTATES> 5
<STATE> 2
<MEAN> 25
 5.798010e+00 -4.387522e+00 -1.044026e+00 -5.650400e+00 -2.056325e+00 3.168116e+00 -6.608394e+00 -3.787622e+00 3.686356e+00 3.376646e+00 9.334898e-01 -2.658071e+00 2.225615e-01 -6.667887e-02 1.348856e-01 -3.465491e-01 1.775924e-01 1.224056e-01 -5.745130e-01 -3.231236e-01 2.689889e-01 4.256760e-01 1.250150e-02 -1.258727e-01 -1.929188e-02
<VARIANCE> 25
 2.626642e+01 4.073495e+01 5.922794e+01 6.785506e+01 5.801279e+01 7.332082e+01 8.039467e+01 8.572520e+01 6.336170e+01 5.645848e+01 5.345191e+01 4.460720e+01 1.469250e+00 2.258087e+00 3.049505e+00 4.206251e+00 4.175488e+00 4.665965e+00 4.951342e+00 5.673627e+00 4.224932e+00 4.232562e+00 3.932351e+00 2.838047e+00 2.301625e+00
<GCONST> 1.105593e+02
<STATE> 3
<MEAN> 25
 5.979421e+00 -4.409564e+00 -8.532200e-01 -6.276621e+00 -1.608691e+00 3.403609e+00 -7.321824e+00 -4.003095e+00 3.968781e+00 3.878049e+00 7.900731e-01 -2.825895e+00 -5.616773e-02 -3.016207e-02 1.681616e-02 -8.010484e-02 1.251962e-01 8.798524e-03 -4.467207e-03 1.706276e-01 1.187710e-02 -6.329536e-02 -1.494364e-01 -4.376502e-02 -4.358275e-02
<VARIANCE> 25
 2.440162e+01 3.968233e+01 5.956578e+01 7.014021e+01 5.656083e+01 7.056937e+01 8.407977e+01 8.515764e+01 6.321140e+01 5.798035e+01 5.412722e+01 4.410094e+01 1.255092e+00 2.265171e+00 3.071458e+00 3.905912e+00 3.824135e+00 4.407825e+00 5.213180e+00 5.868634e+00 4.115950e+00 4.383614e+00 4.022402e+00 2.799266e+00 2.219863e+00
<GCONST> 1.101991e+02
<STATE> 4
<MEAN> 25
 5.308801e+00 -4.295135e+00 -1.396415e+00 -6.360814e+00 -7.080177e-01 3.776985e+00 -6.093045e+00 -2.833728e+00 3.662863e+00 2.915882e+00 6.047849e-02 -2.745341e+00 -2.665856e-01 2.430378e-02 -6.856207e-02 2.938829e-01 3.574097e-02 -1.331844e-01 5.293561e-01 4.318348e-01 -2.239791e-01 -4.342996e-01 -2.224783e-01 5.893571e-02 -1.455929e-01
<VARIANCE> 25
 2.676933e+01 4.511004e+01 6.294735e+01 7.210503e+01 5.926255e+01 7.039300e+01 8.324538e+01 7.755239e+01 6.146289e+01 5.617601e+01 5.388609e+01 4.335062e+01 1.063971e+00 2.169127e+00 2.653287e+00 3.251910e+00 3.476752e+00 3.703494e+00 4.396130e+00 4.682528e+00 3.664361e+00 3.700419e+00 3.657333e+00 2.500579e+00 2.187387e+00
<GCONST> 1.086500e+02
<TRANSP> 5
 0.000000e+00 1.000000e+00 0.000000e+00 0.000000e+00 0.000000e+00
 0.000000e+00 5.935816e-01 4.064184e-01 0.000000e+00 0.000000e+00
 0.000000e+00 0.000000e+00 5.973001e-01 4.026999e-01 0.000000e+00
 0.000000e+00 0.000000e+00 0.000000e+00 7.299754e-01 2.700246e-01
 0.000000e+00 0.000000e+00 0.000000e+00 0.000000e+00 0.000000e+00
<ENDHMM>
~h "M"
<BEGINHMM>
<NUMSTATES> 5
<STATE> 2
<MEAN> 25
 6.358311e+00 -1.164917e+00 1.243121e+00 4.516309e-02 -5.082780e-01 4.693015e+00 -1.092578e+00 -5.529315e+00 -5.363897e+00 -1.046242e+00 -1.708626e-03 -2.178274e+00 2.283696e-01 3.973427e-01 5.407039e-01 6.094099e-01 1.230471e-01 2.840590e-01 1.532371e-01 -8.670510e-01 -9.633257e-01 -1.411198e-01 -3.515089e-02 1.175672e-01 -3.981484e-01
<VARIANCE> 25
 3.167428e+01 4.108255e+01 5.148378e+01 5.626816e+01 4.724049e+01 5.971795e+01 5.459449e+01 7.089867e+01 7.568208e+01 4.458117e+01 5.313766e+01 4.308898e+01 1.371646e+00 2.320228e+00 3.605505e+00 4.266255e+00 2.711558e+00 2.980408e+00 3.239739e+00 5.393707e+00 5.974880e+00 3.034392e+00 4.102113e+00 2.899216e+00 3.071949e+00
<GCONST> 1.084925e+02
<STATE> 3
<MEAN> 25
 6.682617e+00 -5.092976e-01 2.236820e+00 9.157355e-01 -3.410518e-01 5.250542e+00 -8.758857e-01 -6.898345e+00 -7.011701e+00 -1.401857e+00 -1.202993e-01 -1.946559e+00 2.611452e-02 1.407824e-01 1.688441e-01 1.450533e-01 5.207583e-02 1.079851e-01 5.020429e-02 -1.682056e-01 -2.195953e-01 -9.065438e-02 -5.464565e-02 3.203303e-02 -5.385637e-02
<VARIANCE> 25
 2.837762e+01 3.589480e+01 4.721811e+01 5.216872e+01 4.524396e+01 5.914526e+01 5.548580e+01 6.943387e+01 7.512454e+01 4.654907e+01 5.568191e+01 4.288056e+01 1.148981e+00 2.233566e+00 3.624259e+00 4.313716e+00 2.423755e+00 2.812741e+00 2.960559e+00 5.287294e+00 6.315973e+00 2.848368e+00 3.776433e+00 2.797482e+00 3.077796e+00
<GCONST> 1.075023e+02
<STATE> 4
<MEAN> 25
 5.505094e+00 -3.539102e-01 1.584501e+00 8.451484e-01 3.215708e-01 4.867762e+00 -5.494546e-01 -5.533739e+00 -5.865486e+00 -1.748358e+00 -6.261671e-01 -1.658190e+00 -1.405207e-01 -5.013084e-02 -2.241372e-01 -2.204381e-01 4.765649e-03 -1.150806e-01 -1.064989e-02 4.395469e-01 4.984068e-01 3.300029e-02 -2.148281e-02 -4.926183e-02 7.862902e-02
<VARIANCE> 25
 3.389423e+01 4.085529e+01 5.076463e+01 5.220480e+01 4.911105e+01 5.965617e+01 5.306989e+01 6.708824e+01 7.561548e+01 4.246436e+01 5.260150e+01 4.058733e+01 9.676464e-01 1.932405e+00 2.937444e+00 3.368109e+00 2.327637e+00 2.504916e+00 2.634659e+00 3.985052e+00 4.762273e+00 2.509857e+00 3.219208e+00 2.364775e+00 2.595371e+00
<GCONST> 1.054601e+02
<TRANSP> 5
 0.000000e+00 1.000000e+00 0.000000e+00 0.000000e+00 0.000000e+00
 0.000000e+00 6.103644e-01 3.896357e-01 0.000000e+00 0.000000e+00
 0.000000e+00 0.000000e+00 6.221969e-01 3.778031e-01 0.000000e+00
 0.000000e+00 0.000000e+00 0.000000e+00 7.794954e-01 2.205047e-01
 0.000000e+00 0.000000e+00 0.000000e+00 0.000000e+00 0.000000e+00
<ENDHMM>
~h "N"
<BEGINHMM>
<NUMSTATES> 5
<STATE> 2
<MEAN> 25
 6.356727e+00 -1.733349e+00 3.544416e+00 2.403469e+00 -3.267771e+00 -1.600145e+00 -3.273173e+00 -2.528779e+00 -3.197934e-02 9.936396e-01 -4.702744e+00 -2.107165e+00 2.649953e-01 9.140442e-01 8.015251e-01 8.403450e-01 -1.144555e-01 -3.414956e-01 4.622708e-02 -1.177989e+00 -3.272049e-01 3.960933e-01 -4.453014e-01 3.224122e-01 -9.900941e-01
<VARIANCE> 25
 2.132597e+01 4.868526e+01 5.293695e+01 4.640045e+01 4.835828e+01 5.033050e+01 5.374241e+01 9.766757e+01 5.521217e+01 4.801234e+01 5.328455e+01 4.161961e+01 1.264321e+00 3.155415e+00 3.729083e+00 3.577526e+00 3.219739e+00 3.813504e+00 4.063087e+00 8.372272e+00 3.991844e+00 4.062205e+00 3.807015e+00 2.823987e+00 3.307718e+00
<GCONST> 1.090150e+02
<STATE> 3
<MEAN> 25
 6.510091e+00 2.393329e-01 4.921814e+00 3.810938e+00 -3.267663e+00 -1.900125e+00 -2.830388e+00 -4.752154e+00 -7.860953e-01 1.518832e+00 -5.335526e+00 -1.264409e+00 -6.404389e-02 5.685522e-01 2.700889e-01 3.038018e-01 1.143360e-01 2.153820e-02 1.777955e-01 -4.384711e-01 -2.357113e-01 2.030175e-02 -6.448696e-02 2.388956e-01 -7.146970e-01
<VARIANCE> 25
 2.202124e+01 4.126893e+01 4.462188e+01 4.321656e+01 4.766869e+01 4.896770e+01 5.507901e+01 8.593855e+01 5.345750e+01 4.899063e+01 5.417680e+01 4.211838e+01 1.309652e+00 3.175889e+00 3.446408e+00 3.433339e+00 3.141933e+00 3.471148e+00 3.753151e+00 8.152843e+00 3.772951e+00 3.830406e+00 3.507669e+00 2.674631e+00 3.418710e+00
<GCONST> 1.079899e+02
<STATE> 4
<MEAN> 25
 5.251614e+00 1.458797e+00 4.629449e+00 4.253002e+00 -1.924560e+00 -1.379215e+00 -1.880847e+00 -4.339247e+00 -1.190979e+00 6.983303e-01 -5.183185e+00 -5.332910e-01 -4.036410e-01 1.864750e-01 -2.517581e-01 -1.406077e-01 3.552524e-01 1.957413e-01 2.096583e-01 3.344480e-01 -1.024771e-01 -2.637526e-01 3.107874e-01 9.237837e-02 -5.572680e-01
<VARIANCE> 25
 3.008991e+01 4.512820e+01 4.604731e+01 4.447759e+01 5.318120e+01 4.686998e+01 5.427515e+01 7.596928e+01 5.049314e+01 4.771571e+01 5.320104e+01 4.026324e+01 1.413139e+00 2.775634e+00 2.707218e+00 2.831799e+00 2.960047e+00 2.999140e+00 3.243152e+00 5.488160e+00 3.244065e+00 3.188189e+00 3.051499e+00 2.346943e+00 3.224767e+00
<GCONST> 1.063294e+02
<TRANSP> 5
 0.000000e+00 1.000000e+00 0.000000e+00 0.000000e+00 0.000000e+00
 0.000000e+00 6.232007e-01 3.767993e-01 0.000000e+00 0.000000e+00
 0.000000e+00 0.000000e+00 6.227652e-01 3.772347e-01 0.000000e+00
 0.000000e+00 0.000000e+00 0.000000e+00 7.531170e-01 2.468830e-01
 0.000000e+00 0.000000e+00 0.000000e+00 0.000000e+00 0.000000e+00
<ENDHMM>
~h "O"
<BEGINHMM>
<NUMSTATES> 5
<STATE> 2
<MEAN> 25
 5.749046e+00 -2.464101e-01 -5.606246e+00 -9.536820e+00 -2.689884e+00 6.904566e+00 -3.360129e+00 -1.933642e+00 2.657120e-01 1.656385e+00 3.877373e+00 -2.664719e-01 7.488972e-01 -1.405440e-01 -6.449506e-01 -1.740066e+00 -4.787540e-01 1.344681e+00 -9.690242e-02 5.168588e-02 6.554365e-02 -2.868143e-02 6.458607e-01 -8.834656e-02 1.104748e+00
<VARIANCE> 25
 3.699248e+01 3.741322e+01 5.531567e+01 9.295516e+01 6.362457e+01 6.985128e+01 6.867860e+01 5.286878e+01 5.616745e+01 5.652698e+01 4.965900e+01 3.938140e+01 3.299040e+00 2.529516e+00 4.577276e+00 7.222788e+00 5.603860e+00 5.660733e+00 4.473172e+00 4.338877e+00 4.588539e+00 4.434160e+00 4.048781e+00 3.242268e+00 6.523158e+00
<GCONST> 1.134687e+02
<STATE> 3
<MEAN> 25
 7.168639e+00 -3.635668e-01 -6.323503e+00 -1.268142e+01 -3.539677e+00 9.485891e+00 -2.984448e+00 -1.924608e+00 3.486946e-01 1.194561e+00 4.972614e+00 -3.603266e-01 3.040859e-01 -4.780144e-02 -2.062367e-02 -3.948907e-01 -1.260258e-01 3.738280e-01 8.673906e-02 -4.675484e-02 5.509344e-02 -5.694124e-02 1.088503e-01 -6.471177e-02 1.849129e-01
<VARIANCE> 25
 2.591520e+01 3.633156e+01 4.335582e+01 8.175755e+01 5.630673e+01 5.867442e+01 6.560513e+01 5.098320e+01 5.265769e+01 5.994462e+01 4.873900e+01 4.008828e+01 2.007090e+00 2.216080e+00 3.193665e+00 6.858606e+00 4.322736e+00 5.143260e+00 3.767436e+00 3.594178e+00 3.896088e+00 3.909267e+00 3.648068e+00 2.805968e+00 5.244956e+00
<GCONST> 1.098133e+02
<STATE> 4
<MEAN> 25
 7.346606e+00 6.033016e-02 -5.508984e+00 -1.206897e+01 -3.006931e+00 9.164934e+00 -2.174979e+00 -2.032284e+00 5.079561e-01 7.144417e-01 3.832155e+00 -2.847673e-01 -1.491976e-01 4.952180e-02 3.388775e-01 9.359933e-01 2.542585e-01 -6.064668e-01 5.328918e-02 -1.065589e-01 3.426854e-02 6.976062e-02 -3.932328e-01 -6.065552e-02 -6.412649e-01
<VARIANCE> 25
 2.462176e+01 4.077723e+01 4.326949e+01 8.878414e+01 5.520509e+01 5.957507e+01 6.545391e+01 5.001033e+01 5.048635e+01 5.625264e+01 4.669939e+01 3.955226e+01 1.363636e+00 1.958846e+00 2.385906e+00 4.984706e+00 3.176247e+00 3.877189e+00 3.274781e+00 3.163661e+00 3.275486e+00 3.304143e+00 3.003744e+00 2.411570e+00 3.488200e+00
<GCONST> 1.066955e+02
<TRANSP> 5
 0.000000e+00 1.000000e+00 0.000000e+00 0.000000e+00 0.000000e+00
 0.000000e+00 6.977576e-01 3.022424e-01 0.000000e+00 0.000000e+00
 0.000000e+00 0.000000e+00 7.030897e-01 2.969103e-01 0.000000e+00
 0.000000e+00 0.000000e+00 0.000000e+00 8.556823e-01 1.443177e-01
 0.000000e+00 0.000000e+00 0.000000e+00 0.000000e+00 0.000000e+00
<ENDHMM>
~h "P"
<BEGINHMM>
<NUMSTATES> 5
<STATE> 2
<MEAN> 25
 1.726268e+00 2.407057e+00 -1.467369e+00 -9.935120e-02 1.727426e+00 9.180892e-01 1.328810e+00 -1.957773e+00 -2.285414e-01 3.657273e-01 -3.017287e-01 -4.737226e-01 -3.415178e-01 -1.216660e-02 -2.988415e-01 -2.512919e-02 1.863270e-01 -1.254120e-01 1.783156e-01 8.364300e-02 2.107980e-01 1.341934e-02 7.982752e-02 1.363247e-01 -3.528851e-01
<VARIANCE> 25
 4.735705e+01 4.898170e+01 4.269518e+01 4.984665e+01 3.619094e+01 5.018062e+01 3.863552e+01 3.881742e+01 4.124281e+01 3.012868e+01 3.322393e+01 3.597465e+01 3.161857e+00 4.293094e+00 2.850492e+00 4.151014e+00 3.188061e+00 3.974913e+00 3.195031e+00 3.294894e+00 3.300441e+00 2.772502e+00 3.018168e+00 2.672535e+00 1.716996e+01
<GCONST> 1.075047e+02
<STATE> 3
<MEAN> 25
 1.062061e+00 1.365805e+00 -2.565151e+00 -8.467495e-01 1.721202e+00 9.524664e-01 1.417574e+00 -1.635884e+00 4.149355e-01 4.209280e-01 2.810540e-02 -4.630894e-01 -5.985423e-03 -7.460610e-01 -4.604213e-01 -4.977861e-01 -1.461508e-01 1.605433e-01 -1.440827e-01 1.764288e-01 2.466371e-01 3.981604e-02 1.820757e-01 -1.471328e-01 1.442247e+00
<VARIANCE> 25
 4.388474e+01 5.068106e+01 4.064299e+01 5.360269e+01 3.422774e+01 5.378117e+01 3.720212e+01 3.536026e+01 3.597444e+01 2.840956e+01 3.133973e+01 3.599984e+01 4.325062e+00 5.061055e+00 3.367482e+00 5.524130e+00 3.591835e+00 5.477973e+00 3.673345e+00 3.635167e+00 3.480369e+00 2.972987e+00 3.269563e+00 3.504343e+00 2.138202e+01
<GCONST> 1.094167e+02
<STATE> 4
<MEAN> 25
 -1.187659e-01 -2.051950e-01 -3.470984e+00 -1.026090e+00 1.880611e+00 9.251883e-01 1.606615e+00 -8.511390e-01 9.158117e-01 4.190434e-01 2.997474e-01 -2.659189e-01 2.596907e-01 -7.172667e-01 -1.686401e-01 -4.165787e-01 -3.163213e-01 1.423243e-01 -2.953041e-01 1.634899e-01 9.421422e-02 -1.913953e-02 1.337111e-01 -1.976540e-01 1.879141e+00
<VARIANCE> 25
 4.370370e+01 5.378781e+01 3.706921e+01 5.628205e+01 3.539806e+01 5.641542e+01 3.793378e+01 3.418386e+01 3.236993e+01 2.676328e+01 2.940265e+01 3.693008e+01 3.751762e+00 4.045223e+00 3.112014e+00 4.962891e+00 3.651978e+00 4.883279e+00 3.386572e+00 3.421077e+00 3.215164e+00 2.765156e+00 3.017771e+00 3.179870e+00 1.571856e+01
<GCONST> 1.078630e+02
<TRANSP> 5
 0.000000e+00 1.000000e+00 0.000000e+00 0.000000e+00 0.000000e+00
 0.000000e+00 6.123767e-01 3.876233e-01 0.000000e+00 0.000000e+00
 0.000000e+00 0.000000e+00 6.172338e-01 3.827662e-01 0.000000e+00
 0.000000e+00 0.000000e+00 0.000000e+00 7.466190e-01 2.533810e-01
 0.000000e+00 0.000000e+00 0.000000e+00 0.000000e+00 0.000000e+00
<ENDHMM>
~h "Q"
<BEGINHMM>
<NUMSTATES> 5
<STATE> 2
<MEAN> 25
 -2.188838e+00 1.305044e+00 -8.186760e-01 2.346446e-01 9.765697e-01 -2.114355e+00 1.563693e+00 -2.083617e+00 -8.697666e-02 8.134181e-01 6.210344e-01 7.598035e-01 -2.445511e-01 3.609660e-02 -4.464744e-01 -6.172284e-02 2.968850e-01 1.585900e-01 3.676619e-01 2.014098e-01 1.542779e-01 -3.204408e-02 -1.220612e-01 1.906559e-01 -1.107005e+00
<VARIANCE> 25
 5.735197e+01 5.232912e+01 7.303512e+01 6.081297e+01 7.031874e+01 4.288110e+01 4.499404e+01 4.368453e+01 5.710634e+01 3.635110e+01 3.457632e+01 2.981942e+01 2.315547e+00 3.177912e+00 3.396990e+00 2.728011e+00 3.946490e+00 3.110654e+00 2.957502e+00 3.135782e+00 2.933172e+00 2.943887e+00 2.388596e+00 1.952141e+00 6.275913e+00
<GCONST> 1.070133e+02
<STATE> 3
<MEAN> 25
 -2.788134e+00 1.167773e+00 -1.206495e+00 5.185742e-01 1.545534e+00 -1.750449e+00 2.113896e+00 -1.415538e+00 -4.461568e-01 5.684933e-01 -3.350753e-02 1.326197e+00 -1.765171e-01 1.019015e-01 -2.318403e-01 -1.356955e-02 2.063969e-01 2.083271e-01 2.343260e-01 2.058572e-01 -7.569002e-03 -1.244475e-01 -1.165571e-01 1.305920e-01 -8.745751e-01
<VARIANCE> 25
 4.976600e+01 4.469938e+01 5.615989e+01 5.721316e+01 5.255481e+01 3.439129e+01 3.860725e+01 4.098709e+01 4.782109e+01 3.355920e+01 2.913342e+01 2.472313e+01 1.788479e+00 2.507550e+00 2.680662e+00 2.408863e+00 3.097065e+00 2.443951e+00 2.621843e+00 2.810955e+00 2.507298e+00 2.544970e+00 2.275249e+00 1.718120e+00 4.590669e+00
<GCONST> 1.026840e+02
<STATE> 4
<MEAN> 25
 -4.551228e+00 2.015872e+00 -2.284866e+00 2.158156e+00 2.388695e+00 -1.470437e+00 3.699890e+00 4.664513e-01 1.442033e-01 7.673141e-02 6.711261e-01 2.115662e+00 -6.264087e-02 2.988178e-02 -2.645291e-02 2.677012e-02 6.211107e-02 3.057894e-02 4.354160e-02 7.956836e-02 2.425744e-02 7.163259e-03 1.467792e-03 -7.181026e-03 -1.225013e-01
<VARIANCE> 25
 2.468729e+01 2.926521e+01 2.658501e+01 3.990774e+01 2.639043e+01 2.541676e+01 2.674203e+01 2.473528e+01 2.663073e+01 2.438538e+01 2.256731e+01 1.655912e+01 8.145325e-01 1.129675e+00 1.428109e+00 1.527220e+00 1.448716e+00 1.626422e+00 1.789466e+00 1.886816e+00 1.942924e+00 1.867596e+00 1.682378e+00 1.486269e+00 1.689154e+00
<GCONST> 9.039891e+01
<TRANSP> 5
 0.000000e+00 1.000000e+00 0.000000e+00 0.000000e+00 0.000000e+00
 0.000000e+00 5.915471e-01 4.084529e-01 0.000000e+00 0.000000e+00
 0.000000e+00 0.000000e+00 5.938436e-01 4.061564e-01 0.000000e+00
 0.000000e+00 0.000000e+00 0.000000e+00 9.462869e-01 5.371312e-02
 0.000000e+00 0.000000e+00 0.000000e+00 0.000000e+00 0.000000e+00
<ENDHMM>
~h "R"
<BEGINHMM>
<NUMSTATES> 5
<STATE> 2
<MEAN> 25
 4.740271e+00 -5.016665e+00 -3.555308e+00 3.343564e-01 -1.986946e+00 -6.613013e-01 -3.444120e+00 9.579707e-01 4.522920e+00 1.475190e+00 -9.905053e-02 -2.580528e+00 2.216806e-01 -1.051271e-01 7.537980e-02 4.647324e-01 -1.327842e-01 -1.326932e-01 -2.615626e-01 4.133991e-02 1.217671e-01 -2.850184e-02 1.038139e-02 2.297829e-02 -2.597387e-01
<VARIANCE> 25
 3.174794e+01 4.414698e+01 5.333271e+01 4.852436e+01 5.771069e+01 5.588819e+01 5.998355e+01 6.699924e+01 5.783747e+01 4.289491e+01 4.396567e+01 4.097082e+01 2.351552e+00 2.840516e+00 3.207124e+00 4.131505e+00 4.485252e+00 4.180372e+00 4.318185e+00 4.683600e+00 4.697526e+00 3.698569e+00 3.594792e+00 3.236402e+00 5.079859e+00
<GCONST> 1.100965e+02
<STATE> 3
<MEAN> 25
 5.051840e+00 -5.089555e+00 -3.223157e+00 1.027594e+00 -2.185134e+00 -7.257661e-01 -3.784611e+00 1.039843e+00 4.336345e+00 1.342754e+00 -3.389036e-02 -2.464609e+00 7.122109e-02 2.842082e-02 2.607718e-01 2.025004e-01 -9.693001e-02 -3.623034e-02 -5.957842e-02 4.337167e-02 -2.728934e-01 -1.135447e-01 5.481246e-02 9.426770e-02 -3.272812e-01
<VARIANCE> 25
 3.230678e+01 4.614289e+01 5.673161e+01 4.713712e+01 5.931947e+01 5.782715e+01 6.067031e+01 6.754906e+01 5.937034e+01 4.337732e+01 4.394979e+01 4.138199e+01 2.261607e+00 2.903062e+00 3.256290e+00 3.781268e+00 4.602638e+00 4.148215e+00 4.326540e+00 4.694233e+00 4.693998e+00 3.646172e+00 3.598074e+00 3.214002e+00 4.771666e+00
<GCONST> 1.101671e+02
<STATE> 4
<MEAN> 25
 4.599015e+00 -4.845887e+00 -2.826389e+00 1.145079e+00 -1.743650e+00 -5.010315e-01 -3.216708e+00 1.187071e+00 3.407020e+00 8.449392e-01 -1.608057e-01 -2.128307e+00 -1.287502e-01 1.985421e-01 3.649948e-01 -5.078083e-02 -1.121365e-02 7.018379e-03 1.788004e-01 -9.687139e-03 -5.345932e-01 -1.503804e-01 6.540129e-02 1.545137e-01 -3.453039e-01
<VARIANCE> 25
 3.596561e+01 5.260264e+01 6.207760e+01 4.649027e+01 6.357375e+01 6.082225e+01 6.199836e+01 6.616309e+01 5.898631e+01 4.249389e+01 4.527514e+01 4.127900e+01 1.980070e+00 2.631076e+00 2.936579e+00 3.042191e+00 4.135946e+00 3.629069e+00 3.809333e+00 4.078713e+00 4.169945e+00 3.208291e+00 3.262736e+00 2.748527e+00 3.960021e+00
<GCONST> 1.088549e+02
<TRANSP> 5
 0.000000e+00 1.000000e+00 0.000000e+00 0.000000e+00 0.000000e+00
 0.000000e+00 5.490122e-01 4.509878e-01 0.000000e+00 0.000000e+00
 0.000000e+00 0.000000e+00 5.476567e-01 4.523433e-01 0.000000e+00
 0.000000e+00 0.000000e+00 0.000000e+00 6.601683e-01 3.398317e-01
 0.000000e+00 0.000000e+00 0.000000e+00 0.000000e+00 0.000000e+00
<ENDHMM>
~h "S"
<BEGINHMM>
<NUMSTATES> 5
<STATE> 2
<MEAN> 25
 -1.027954e+01 5.743886e+00 -1.430191e+00 1.939985e+00 5.123788e+00 -3.904056e+00 2.607975e+00 1.894451e+00 1.276573e+00 1.092945e-01 -5.391176e-01 2.815136e+00 -3.049944e+00 1.050436e+00 -5.920832e-01 3.232553e-01 1.045514e+00 -1.623611e-01 8.800105e-01 4.292990e-01 2.957086e-01 -1.237635e-01 4.145791e-01 6.072938e-01 -3.761672e-01
<VARIANCE> 25
 1.122704e+02 4.675043e+01 4.975634e+01 3.655442e+01 4.764036e+01 4.340196e+01 6.209378e+01 4.545249e+01 4.067646e+01 3.060436e+01 3.727028e+01 3.007224e+01 6.996636e+00 5.614079e+00 3.594262e+00 3.386707e+00 4.818888e+00 3.784295e+00 4.759206e+00 4.279406e+00 3.332209e+00 2.990930e+00 3.126642e+00 2.683186e+00 2.611320e+00
<GCONST> 1.092199e+02
<STATE> 3
<MEAN> 25
 -1.730156e+01 6.443371e+00 -3.357502e+00 1.808937e+00 6.299302e+00 -3.698874e+00 3.891849e+00 2.770698e+00 1.966319e+00 2.558368e-01 8.052769e-01 3.895688e+00 -8.219888e-01 -1.221061e-01 -3.220206e-01 -1.343458e-01 -3.061087e-02 3.347824e-02 2.511725e-02 3.918390e-02 1.352760e-01 4.876230e-02 1.962647e-01 7.445360e-02 -1.805896e-01
<VARIANCE> 25
 7.731204e+01 3.597375e+01 4.311230e+01 3.564434e+01 4.010355e+01 3.977978e+01 5.528626e+01 3.932497e+01 3.517415e+01 2.695276e+01 2.978591e+01 2.667891e+01 1.198739e+01 3.569082e+00 3.177717e+00 2.548125e+00 3.431249e+00 2.957089e+00 4.127772e+00 3.426627e+00 2.791165e+00 2.404735e+00 2.689187e+00 2.525759e+00 2.564094e+00
<GCONST> 1.053819e+02
<STATE> 4
<MEAN> 25
 -1.501531e+01 4.539142e+00 -3.540390e+00 1.238050e+00 5.112746e+00 -3.238421e+00 2.983109e+00 2.143511e+00 2.353879e+00 4.945382e-01 8.587108e-01 3.295797e+00 1.708674e+00 -4.997031e-01 3.841782e-01 -2.805415e-01 -6.400760e-01 8.980198e-02 -6.643858e-01 -3.820809e-01 -8.321908e-02 9.606655e-03 -1.468969e-01 -4.391507e-01 1.938004e-01
<VARIANCE> 25
 1.066355e+02 3.791171e+01 4.498704e+01 3.510860e+01 4.214108e+01 3.970085e+01 5.584552e+01 3.923103e+01 3.552818e+01 2.533861e+01 2.876067e+01 2.753027e+01 9.834755e+00 2.848939e+00 3.373471e+00 2.621930e+00 3.145965e+00 3.183664e+00 4.244286e+00 3.642034e+00 3.056658e+00 2.339981e+00 2.561774e+00 2.602891e+00 3.334298e+00
<GCONST> 1.058319e+02
<TRANSP> 5
 0.000000e+00 1.000000e+00 0.000000e+00 0.000000e+00 0.000000e+00
 0.000000e+00 7.360707e-01 2.639293e-01 0.000000e+00 0.000000e+00
 0.000000e+00 0.000000e+00 7.438077e-01 2.561924e-01 0.000000e+00
 0.000000e+00 0.000000e+00 0.000000e+00 8.690498e-01 1.309501e-01
 0.000000e+00 0.000000e+00 0.000000e+00 0.000000e+00 0.000000e+00
<ENDHMM>
~h "T"
<BEGINHMM>
<NUMSTATES> 5
<STATE> 2
<MEAN> 25
 6.476589e-01 2.163911e+00 -1.091800e+00 6.383860e-01 1.333753e+00 -2.529304e+00 -5.660983e-01 -1.031802e+00 1.845549e+00 1.039369e+00 -1.828190e+00 -8.780098e-01 -4.912179e-01 -6.366240e-02 -3.012233e-01 -9.269190e-02 3.174666e-01 -1.943622e-01 2.409211e-01 5.666813e-02 1.734632e-01 -9.629443e-02 -3.137784e-02 1.436360e-01 -4.946600e-01
<VARIANCE> 25
 4.190828e+01 4.982396e+01 4.812635e+01 4.428735e+01 4.047968e+01 4.379873e+01 4.954126e+01 4.633980e+01 4.559930e+01 3.351284e+01 3.814981e+01 3.462399e+01 3.385961e+00 5.201561e+00 3.246211e+00 4.047275e+00 3.823125e+00 3.775925e+00 4.208695e+00 3.948069e+00 3.695647e+00 3.048208e+00 3.172838e+00 2.920774e+00 1.977455e+01
<GCONST> 1.095493e+02
<STATE> 3
<MEAN> 25
 -6.147413e-01 1.035489e+00 -2.110578e+00 -2.532769e-01 1.564445e+00 -2.648440e+00 -1.261284e-01 -6.447197e-01 2.335564e+00 7.563667e-01 -1.764548e+00 -6.033617e-01 -2.547917e-01 -6.654984e-01 -3.613266e-01 -5.359492e-01 -5.898480e-02 4.068514e-02 -8.100832e-02 1.712164e-01 1.888905e-01 -9.561495e-02 6.783547e-02 -3.847828e-02 1.307694e+00
<VARIANCE> 25
 4.329763e+01 4.945197e+01 4.357296e+01 4.253024e+01 3.677155e+01 4.372801e+01 4.698131e+01 4.138629e+01 4.349411e+01 3.156861e+01 3.558030e+01 3.444867e+01 4.637760e+00 4.791468e+00 3.680445e+00 4.312935e+00 3.965658e+00 4.329535e+00 4.963601e+00 4.231945e+00 4.333452e+00 3.184969e+00 3.450487e+00 3.590710e+00 2.304719e+01
<GCONST> 1.104650e+02
<STATE> 4
<MEAN> 25
 -1.112544e+00 -5.538827e-01 -2.940305e+00 -1.354087e+00 1.392679e+00 -2.189100e+00 -8.802781e-02 -7.316587e-02 2.629985e+00 5.350376e-01 -1.540825e+00 -6.559513e-01 2.164487e-01 -5.849194e-01 8.572572e-03 -4.927681e-01 -3.392053e-01 2.281291e-01 -3.763694e-01 2.712449e-02 -5.991939e-02 -8.212321e-02 2.157259e-01 -1.843144e-01 2.101370e+00
<VARIANCE> 25
 4.275804e+01 4.940437e+01 4.138550e+01 4.283215e+01 3.700143e+01 4.546824e+01 4.911343e+01 4.010971e+01 4.440633e+01 3.025117e+01 3.509018e+01 3.527142e+01 4.637220e+00 3.946461e+00 4.001466e+00 4.025165e+00 4.087305e+00 4.562438e+00 5.153879e+00 4.326965e+00 4.437055e+00 3.162293e+00 3.418777e+00 3.592428e+00 1.829870e+01
<GCONST> 1.101931e+02
<TRANSP> 5
 0.000000e+00 1.000000e+00 0.000000e+00 0.000000e+00 0.000000e+00
 0.000000e+00 6.180861e-01 3.819139e-01 0.000000e+00 0.000000e+00
 0.000000e+00 0.000000e+00 6.216043e-01 3.783957e-01 0.000000e+00
 0.000000e+00 0.000000e+00 0.000000e+00 7.140864e-01 2.859136e-01
 0.000000e+00 0.000000e+00 0.000000e+00 0.000000e+00 0.000000e+00
<ENDHMM>
~h "U"
<BEGINHMM>
<NUMSTATES> 5
<STATE> 2
<MEAN> 25
 6.318473e+00 4.612164e+00 -1.061143e+00 -4.373569e+00 -3.950575e+00 4.267014e+00 -6.646534e+00 -4.865938e+00 -3.772034e+00 -9.935062e-02 3.070434e+00 3.080996e-01 8.742601e-01 4.343058e-01 -2.192948e-01 -9.613398e-01 -6.936999e-01 9.278573e-01 -6.283553e-01 -3.789147e-01 -5.575945e-01 -8.961243e-02 5.943560e-01 2.418072e-02 5.335001e-01
<VARIANCE> 25
 3.713220e+01 4.020999e+01 4.546947e+01 8.249317e+01 5.778798e+01 6.274478e+01 7.801372e+01 7.226167e+01 5.688938e+01 4.932504e+01 4.997211e+01 3.772176e+01 3.831589e+00 3.097809e+00 3.670864e+00 6.301570e+00 5.452340e+00 5.704974e+00 6.211609e+00 5.845252e+00 4.974612e+00 4.365986e+00 4.504140e+00 3.427635e+00 5.231405e+00
<GCONST> 1.139139e+02
<STATE> 3
<MEAN> 25
 7.669051e+00 5.408857e+00 -1.323685e+00 -6.035087e+00 -5.051498e+00 5.974376e+00 -7.256216e+00 -5.309529e+00 -4.605293e+00 -3.764565e-01 3.921820e+00 3.766531e-01 2.403735e-01 1.036899e-01 3.752085e-02 -1.697539e-01 -1.003866e-01 2.207429e-01 -3.554536e-02 -9.011289e-02 -4.002168e-02 3.036434e-02 7.307803e-02 -2.802186e-02 -7.989911e-02
<VARIANCE> 25
 2.629577e+01 4.040266e+01 4.010560e+01 8.251308e+01 5.531911e+01 5.967544e+01 7.525673e+01 7.452040e+01 5.832095e+01 5.344570e+01 5.094621e+01 3.964249e+01 2.405090e+00 2.936249e+00 3.029066e+00 6.391983e+00 5.042309e+00 5.462975e+00 5.620787e+00 5.305040e+00 4.792308e+00 4.319659e+00 4.575512e+00 3.278576e+00 4.793863e+00
<GCONST> 1.123437e+02
<STATE> 4
<MEAN> 25
 7.443232e+00 5.462615e+00 -8.763756e-01 -5.472540e+00 -4.424011e+00 5.394554e+00 -6.337372e+00 -5.012030e+00 -4.096680e+00 -2.258379e-01 3.090425e+00 2.437991e-01 -3.666074e-01 -2.534441e-01 2.061597e-01 5.987645e-01 4.356067e-01 -4.937781e-01 3.708294e-01 9.867800e-02 4.062775e-01 1.497221e-01 -3.689138e-01 -5.863081e-02 -4.750419e-01
<VARIANCE> 25
 2.766511e+01 4.380859e+01 4.228621e+01 8.365778e+01 5.718238e+01 6.131958e+01 7.479852e+01 6.892323e+01 5.759034e+01 5.185440e+01 5.156301e+01 3.973004e+01 1.835853e+00 2.722724e+00 2.667690e+00 4.774766e+00 4.090818e+00 4.290978e+00 4.457275e+00 4.436970e+00 4.039776e+00 3.818625e+00 3.998240e+00 3.096095e+00 3.792612e+00
<GCONST> 1.101436e+02
<TRANSP> 5
 0.000000e+00 1.000000e+00 0.000000e+00 0.000000e+00 0.000000e+00
 0.000000e+00 6.572076e-01 3.427924e-01 0.000000e+00 0.000000e+00
 0.000000e+00 0.000000e+00 6.669876e-01 3.330124e-01 0.000000e+00
 0.000000e+00 0.000000e+00 0.000000e+00 7.893552e-01 2.106448e-01
 0.000000e+00 0.000000e+00 0.000000e+00 0.000000e+00 0.000000e+00
<ENDHMM>
~h "V"
<BEGINHMM>
<NUMSTATES> 5
<STATE> 2
<MEAN> 25
 -5.817369e+00 2.775022e-02 -1.415883e+00 3.664016e+00 2.863918e+00 8.588491e-02 1.861050e+00 5.918445e-01 7.772781e-01 6.853808e-01 4.554994e-01 1.964076e+00 -2.225434e+00 -2.008728e-01 -2.986835e-01 6.662784e-01 6.237943e-01 -3.495537e-01 2.522832e-01 2.131870e-01 5.027687e-01 4.334167e-02 -2.839927e-02 3.357343e-01 -6.256133e-01
<VARIANCE> 25
 7.595366e+01 2.810722e+01 4.177520e+01 4.015884e+01 3.747711e+01 4.282449e+01 3.175493e+01 3.641442e+01 3.034272e+01 2.512267e+01 2.649688e+01 2.375025e+01 5.888975e+00 3.223944e+00 3.261011e+00 4.292799e+00 4.755921e+00 3.740033e+00 3.296429e+00 3.601392e+00 3.419023e+00 2.771312e+00 2.729227e+00 2.251473e+00 2.467629e+00
<GCONST> 1.044559e+02
<STATE> 3
<MEAN> 25
 -1.033937e+01 -1.475627e+00 -2.427212e+00 3.978717e+00 2.809991e+00 -8.107736e-01 1.690494e+00 8.709673e-01 1.556626e+00 9.191897e-01 6.118355e-01 2.425572e+00 -4.195825e-01 -4.235693e-01 -2.007519e-01 -1.870509e-01 -2.694722e-01 -2.423832e-01 -1.605021e-01 4.433651e-02 4.211463e-02 -2.682167e-02 5.911409e-02 -5.177869e-02 6.182434e-02
<VARIANCE> 25
 5.976644e+01 2.621787e+01 3.592593e+01 3.566754e+01 3.222462e+01 3.535458e+01 2.911718e+01 3.093582e+01 2.695943e+01 2.384280e+01 2.250226e+01 2.301868e+01 9.606506e+00 2.406052e+00 2.948478e+00 3.794476e+00 3.412512e+00 3.276730e+00 2.685566e+00 2.797054e+00 2.951807e+00 2.317137e+00 2.289948e+00 2.252354e+00 2.779158e+00
<GCONST> 1.015881e+02
<STATE> 4
<MEAN> 25
 -8.135678e+00 -2.629026e+00 -2.426639e+00 2.381967e+00 1.086208e+00 -1.410972e+00 9.817205e-01 8.846797e-01 1.098870e+00 6.578280e-01 9.362479e-01 1.815168e+00 1.769734e+00 -1.518489e-01 3.584868e-01 -7.556278e-01 -8.865882e-01 -7.168145e-03 -3.378690e-01 3.975276e-02 -3.896818e-01 -2.427493e-01 2.044294e-01 -4.472722e-01 8.428109e-01
<VARIANCE> 25
 9.097977e+01 2.926855e+01 4.714279e+01 5.029445e+01 4.020929e+01 4.547261e+01 3.121182e+01 3.278792e+01 3.105048e+01 2.560432e+01 2.442678e+01 2.731659e+01 9.804121e+00 2.823836e+00 3.879392e+00 4.782001e+00 4.069016e+00 4.104675e+00 2.919318e+00 3.497252e+00 3.780852e+00 2.652400e+00 2.723010e+00 2.636295e+00 3.261767e+00
<GCONST> 1.060679e+02
<TRANSP> 5
 0.000000e+00 1.000000e+00 0.000000e+00 0.000000e+00 0.000000e+00
 0.000000e+00 6.917166e-01 3.082834e-01 0.000000e+00 0.000000e+00
 0.000000e+00 0.000000e+00 6.960480e-01 3.039520e-01 0.000000e+00
 0.000000e+00 0.000000e+00 0.000000e+00 8.019936e-01 1.980064e-01
 0.000000e+00 0.000000e+00 0.000000e+00 0.000000e+00 0.000000e+00
<ENDHMM>
~h "W"
<BEGINHMM>
<NUMSTATES> 5
<STATE> 2
<MEAN> 25
 7.797839e+00 5.802852e-01 -3.460263e+00 -1.025189e+01 -3.697102e+00 7.735819e+00 -3.700583e+00 -7.433975e-01 -1.508091e+00 5.938854e-01 3.223698e+00 -1.294413e+00 6.516381e-01 3.266962e-01 -1.750583e-01 -1.178898e+00 -4.554280e-01 8.383846e-01 -1.222671e-01 -9.239339e-02 -3.127753e-01 -6.476673e-02 4.734256e-01 1.842197e-01 2.770397e-01
<VARIANCE> 25
 3.254503e+01 6.704324e+01 4.135598e+01 8.184031e+01 5.624805e+01 6.772356e+01 5.695686e+01 4.904692e+01 5.448407e+01 4.845332e+01 4.920721e+01 4.458654e+01 2.000211e+00 3.391257e+00 2.386782e+00 3.919845e+00 3.922672e+00 3.924378e+00 3.193665e+00 3.420622e+00 3.521754e+00 3.426088e+00 3.400574e+00 3.383555e+00 3.365053e+00
<GCONST> 1.089363e+02
<STATE> 3
<MEAN> 25
 9.022024e+00 5.347868e-01 -3.949104e+00 -1.304654e+01 -4.703789e+00 9.663136e+00 -3.828649e+00 -6.337761e-01 -1.592252e+00 4.629436e-01 4.209348e+00 -1.084503e+00 9.939191e-02 -2.713687e-01 -1.444737e-01 -3.799693e-01 -2.022326e-02 2.768287e-01 1.316835e-02 4.232776e-02 1.306109e-01 4.980840e-02 1.065260e-01 -1.289658e-01 4.328718e-01
<VARIANCE> 25
 2.486349e+01 6.073681e+01 3.753042e+01 7.604195e+01 5.447612e+01 6.178632e+01 5.148933e+01 4.507574e+01 5.226001e+01 4.785328e+01 4.856509e+01 4.476783e+01 1.517072e+00 3.715567e+00 1.979880e+00 3.902603e+00 3.950730e+00 3.758224e+00 2.792922e+00 2.890032e+00 3.318729e+00 3.282563e+00 3.371845e+00 3.698025e+00 3.014424e+00
<GCONST> 1.071783e+02
<STATE> 4
<MEAN> 25
 8.316376e+00 -1.688450e+00 -4.887300e+00 -1.334505e+01 -2.993980e+00 1.021148e+01 -3.096311e+00 -4.019040e-01 3.678640e-02 7.349369e-01 3.004067e+00 -2.495904e+00 -3.041678e-01 -5.177641e-01 -8.426282e-02 5.812377e-01 4.451166e-01 -3.506106e-01 7.779728e-02 6.609838e-02 3.043610e-01 1.301863e-01 -3.266232e-01 -3.609898e-01 2.323822e-01
<VARIANCE> 25
 2.384978e+01 6.724017e+01 3.734369e+01 7.166592e+01 6.173137e+01 5.874475e+01 4.690394e+01 4.185143e+01 5.048055e+01 4.465195e+01 4.957825e+01 4.846362e+01 9.155803e-01 2.781913e+00 1.648441e+00 3.087214e+00 3.205384e+00 3.254653e+00 2.257810e+00 2.524627e+00 2.575352e+00 2.629173e+00 2.907739e+00 3.063699e+00 2.327686e+00
<GCONST> 1.040942e+02
<TRANSP> 5
 0.000000e+00 1.000000e+00 0.000000e+00 0.000000e+00 0.000000e+00
 0.000000e+00 7.035702e-01 2.964298e-01 0.000000e+00 0.000000e+00
 0.000000e+00 0.000000e+00 7.096629e-01 2.903371e-01 0.000000e+00
 0.000000e+00 0.000000e+00 0.000000e+00 8.643617e-01 1.356384e-01
 0.000000e+00 0.000000e+00 0.000000e+00 0.000000e+00 0.000000e+00
<ENDHMM>
~h "X"
<BEGINHMM>
<NUMSTATES> 5
<STATE> 2
<MEAN> 25
 -8.222086e+00 3.460788e+00 -3.567818e+00 3.540262e+00 2.896689e+00 -4.207967e+00 4.549763e+00 5.411265e-01 1.419753e+00 1.299021e-01 1.749444e+00 1.937606e+00 3.051779e-02 1.915259e-01 1.627267e-01 2.074560e-02 -7.850808e-02 6.393912e-02 1.559168e-02 -1.711786e-01 -1.724655e-01 1.686992e-01 1.836529e-01 8.102818e-02 -5.771477e-01
<VARIANCE> 25
 4.459096e+01 9.739023e+00 3.153329e+01 2.224688e+01 1.908543e+01 2.185406e+01 2.682888e+01 2.872567e+01 2.063491e+01 2.850485e+01 2.418045e+01 1.310932e+01 9.080542e-01 9.004897e-01 6.112168e-01 1.014324e+00 1.591526e+00 1.534969e+00 1.523980e+00 1.063839e+00 1.281299e+00 1.859941e+00 1.850391e+00 1.299457e+00 1.583352e+00
<GCONST> 8.629272e+01
<STATE> 3
<MEAN> 25
 -1.112423e+01 3.959404e+00 -2.803039e+00 4.057007e+00 3.449374e+00 -3.140106e+00 4.014302e+00 2.900566e+00 1.826485e+00 9.330028e-01 2.643554e+00 2.541505e+00 -3.721071e-02 1.965125e-01 1.821773e-01 -1.761260e-01 -6.694844e-02 1.291400e-01 1.377216e-01 1.430780e-01 -1.912815e-01 1.997910e-02 9.164970e-02 1.924640e-01 -3.179735e-01
<VARIANCE> 25
 6.476341e+01 1.605731e+01 3.682240e+01 2.294990e+01 1.363855e+01 2.215687e+01 2.845888e+01 3.301896e+01 1.930510e+01 2.585220e+01 2.095934e+01 1.878957e+01 5.678477e-01 1.022029e+00 5.926329e-01 1.106517e+00 1.319797e+00 1.266517e+00 1.293417e+00 1.269912e+00 1.089315e+00 1.692669e+00 1.611482e+00 1.520856e+00 1.674323e+00
<GCONST> 8.644611e+01
<STATE> 4
<MEAN> 25
 -6.484612e+00 1.700456e+00 -6.382332e-01 3.091051e+00 4.553701e+00 -2.299047e+00 1.667128e+00 6.162848e+00 1.926192e-01 2.425510e-02 2.124141e+00 8.947802e-01 -3.079373e-02 -6.134243e-02 1.008400e-01 -1.099825e-01 -2.681050e-03 7.328018e-02 8.368622e-02 -9.847824e-03 -8.232926e-02 -3.871408e-02 -1.824449e-02 4.886451e-02 1.533594e-01
<VARIANCE> 25
 4.383807e+01 2.602286e+01 2.375400e+01 2.537783e+01 1.487438e+01 1.677874e+01 2.825319e+01 4.412071e+01 1.921786e+01 2.402519e+01 1.915845e+01 1.874594e+01 1.111900e+00 1.296216e+00 1.201441e+00 2.205863e+00 1.082541e+00 1.227430e+00 2.092717e+00 1.362070e+00 1.969767e+00 1.645540e+00 1.899922e+00 1.535986e+00 2.859076e+00
<GCONST> 9.002392e+01
<TRANSP> 5
 0.000000e+00 1.000000e+00 0.000000e+00 0.000000e+00 0.000000e+00
 0.000000e+00 8.942121e-01 1.057879e-01 0.000000e+00 0.000000e+00
 0.000000e+00 0.000000e+00 7.177327e-01 2.822673e-01 0.000000e+00
 0.000000e+00 0.000000e+00 0.000000e+00 9.242389e-01 7.576117e-02
 0.000000e+00 0.000000e+00 0.000000e+00 0.000000e+00 0.000000e+00
<ENDHMM>
~h "Y"
<BEGINHMM>
<NUMSTATES> 5
<STATE> 2
<MEAN> 25
 7.650521e-01 -2.157732e+00 7.196810e+00 -2.193333e+00 -7.397351e+00 -3.946149e+00 -2.036458e+00 3.787936e+00 -2.501704e+00 -1.006712e+00 2.181767e+00 4.160907e-01 -1.408274e-01 2.838597e-01 1.061452e+00 -5.289590e-02 -7.998869e-01 -4.310799e-01 -2.364486e-01 8.623090e-02 -5.209327e-01 -3.129612e-02 6.366343e-01 3.268567e-01 1.416032e-01
<VARIANCE> 25
 2.288065e+01 5.956078e+01 9.794048e+01 3.765128e+01 7.368133e+01 4.817634e+01 5.946272e+01 6.746382e+01 5.987948e+01 4.732189e+01 5.269181e+01 3.327492e+01 1.140713e+00 2.825230e+00 5.522495e+00 1.953565e+00 3.805969e+00 3.196178e+00 3.603469e+00 4.535105e+00 3.933464e+00 3.186891e+00 3.506136e+00 2.379320e+00 2.328078e+00
<GCONST> 1.076030e+02
<STATE> 3
<MEAN> 25
 5.923606e-01 -1.673556e+00 9.473703e+00 -2.485577e+00 -9.009658e+00 -4.554798e+00 -2.912944e+00 3.759260e+00 -3.487253e+00 -1.067425e+00 3.537252e+00 9.265034e-01 1.084501e-02 -1.019350e-01 1.354432e-01 -7.966296e-02 -1.992048e-01 -9.928645e-02 -6.664313e-02 1.485598e-01 -1.321491e-02 -4.378973e-02 1.311128e-01 5.005070e-02 2.719358e-01
<VARIANCE> 25
 1.880550e+01 5.127777e+01 9.712510e+01 3.608603e+01 6.762129e+01 4.566933e+01 5.785808e+01 6.464677e+01 5.732753e+01 4.915372e+01 4.945765e+01 3.189477e+01 8.862100e-01 2.831384e+00 5.677631e+00 1.609516e+00 3.586922e+00 2.597154e+00 3.392559e+00 4.376696e+00 3.834670e+00 2.846203e+00 3.501704e+00 2.086846e+00 2.219075e+00
<GCONST> 1.057879e+02
<STATE> 4
<MEAN> 25
 -1.957104e-01 -2.061872e+00 6.332306e+00 -1.672305e+00 -6.475376e+00 -3.606418e+00 -1.309741e+00 3.739467e+00 -2.188944e+00 -1.238669e+00 2.331411e+00 8.599445e-01 1.255953e-01 -3.881451e-01 -6.993194e-01 -3.319445e-02 3.640358e-01 1.380670e-01 1.928308e-01 2.876008e-01 4.134621e-01 -4.971316e-02 -4.027629e-01 -2.103875e-01 1.926471e-01
<VARIANCE> 25
 2.179951e+01 5.331529e+01 1.035639e+02 3.582302e+01 7.753532e+01 4.039114e+01 5.720021e+01 6.455893e+01 5.199781e+01 4.092594e+01 4.747913e+01 2.953775e+01 6.311384e-01 2.029270e+00 3.741801e+00 1.371749e+00 2.925327e+00 2.151071e+00 2.589792e+00 3.456351e+00 2.936722e+00 2.398661e+00 2.874907e+00 1.791811e+00 1.575023e+00
<GCONST> 1.023562e+02
<TRANSP> 5
 0.000000e+00 1.000000e+00 0.000000e+00 0.000000e+00 0.000000e+00
 0.000000e+00 6.570560e-01 3.429439e-01 0.000000e+00 0.000000e+00
 0.000000e+00 0.000000e+00 6.707510e-01 3.292491e-01 0.000000e+00
 0.000000e+00 0.000000e+00 0.000000e+00 8.452488e-01 1.547513e-01
 0.000000e+00 0.000000e+00 0.000000e+00 0.000000e+00 0.000000e+00
<ENDHMM>
~h "Z"
<BEGINHMM>
<NUMSTATES> 5
<STATE> 2
<MEAN> 25
 -6.061710e+00 8.732173e+00 1.366343e+00 4.711147e+00 3.054125e+00 -5.166156e+00 3.766278e-01 2.826518e-02 5.991790e-01 -6.106989e-01 -7.300597e-01 3.326322e+00 -1.198557e+00 8.807558e-01 -2.315621e-01 4.433143e-01 6.507449e-01 -1.674646e-03 4.994640e-01 1.741499e-01 1.156788e-01 7.153088e-03 1.720668e-01 2.860541e-01 -4.639158e-01
<VARIANCE> 25
 7.201718e+01 6.949304e+01 4.677833e+01 3.975880e+01 5.114220e+01 4.594861e+01 5.330598e+01 4.337889e+01 3.778227e+01 2.901255e+01 3.323903e+01 2.602115e+01 2.829660e+00 3.386910e+00 2.038763e+00 1.984307e+00 2.957743e+00 2.533841e+00 2.855763e+00 2.882523e+00 2.385530e+00 2.019457e+00 2.142693e+00 1.911528e+00 1.616563e+00
<GCONST> 1.025060e+02
<STATE> 3
<MEAN> 25
 -8.469316e+00 9.704229e+00 1.011053e+00 5.439955e+00 4.132841e+00 -4.752764e+00 1.278354e+00 4.592046e-01 7.341236e-01 -5.139266e-01 -1.944367e-01 3.625822e+00 -6.324787e-01 1.547236e-01 -3.105270e-02 1.687667e-01 2.170139e-01 9.529500e-02 2.083914e-01 6.537523e-02 1.207078e-02 2.550466e-02 1.686136e-01 9.351861e-02 -1.461514e-01
<VARIANCE> 25
 7.192780e+01 7.469951e+01 4.426651e+01 4.188381e+01 4.698238e+01 4.265465e+01 4.875387e+01 3.921601e+01 3.389402e+01 2.607319e+01 2.939402e+01 2.463984e+01 2.705602e+00 2.645071e+00 1.693845e+00 1.689549e+00 2.618897e+00 2.153829e+00 2.435099e+00 2.365133e+00 2.044801e+00 1.763214e+00 1.806575e+00 1.650779e+00 1.572631e+00
<GCONST> 9.991743e+01
<STATE> 4
<MEAN> 25
 -7.348304e+00 5.423720e+00 -3.135692e-01 4.277843e+00 3.624182e+00 -2.850381e+00 1.700853e+00 9.460767e-01 5.646009e-01 -7.380407e-01 1.636608e-01 2.874433e+00 5.012312e-02 -1.631324e-01 1.079765e-01 -5.005864e-02 -1.475214e-01 -1.153388e-02 -7.624388e-02 -8.281188e-02 -1.475453e-02 9.122175e-03 6.319596e-02 1.042317e-02 1.452083e-01
<VARIANCE> 25
 5.808928e+01 8.020211e+01 4.468763e+01 3.481758e+01 4.378032e+01 3.782835e+01 4.092139e+01 3.459134e+01 3.100566e+01 2.483454e+01 2.511281e+01 2.353442e+01 2.150409e+00 2.026172e+00 1.494926e+00 1.524788e+00 2.255794e+00 1.985351e+00 2.143181e+00 2.110529e+00 1.917364e+00 1.710635e+00 1.651898e+00 1.559103e+00 1.607266e+00
<GCONST> 9.735167e+01
<TRANSP> 5
 0.000000e+00 1.000000e+00 0.000000e+00 0.000000e+00 0.000000e+00
 0.000000e+00 7.068670e-01 2.931330e-01 0.000000e+00 0.000000e+00
 0.000000e+00 0.000000e+00 7.080336e-01 2.919664e-01 0.000000e+00
 0.000000e+00 0.000000e+00 0.000000e+00 9.092978e-01 9.070221e-02
 0.000000e+00 0.000000e+00 0.000000e+00 0.000000e+00 0.000000e+00
<ENDHMM>
~h "e"
<BEGINHMM>
<NUMSTATES> 5
<STATE> 2
<MEAN> 25
 3.524356e+00 -6.425048e-01 -5.769750e-01 -1.008044e+00 -9.353508e-01 -8.317237e-01 -4.138016e+00 -1.390786e+00 1.185304e+00 2.151416e+00 4.991071e-01 -1.415249e+00 6.028721e-01 -3.824899e-01 -2.765124e-02 -3.330881e-01 -3.557673e-01 1.203779e-01 -6.194695e-01 6.335870e-02 3.586196e-01 3.595621e-01 2.205119e-01 -3.624000e-01 9.284971e-01
<VARIANCE> 25
 4.360201e+01 4.293765e+01 4.715094e+01 5.227436e+01 5.038186e+01 6.279410e+01 6.826593e+01 5.806812e+01 6.662434e+01 4.255754e+01 4.281673e+01 3.851325e+01 4.092524e+00 3.875277e+00 4.016122e+00 4.934857e+00 4.367235e+00 4.593229e+00 5.735995e+00 5.402975e+00 5.663209e+00 3.857785e+00 4.136714e+00 3.645425e+00 9.510415e+00
<GCONST> 1.132267e+02
<STATE> 3
<MEAN> 25
 4.508177e+00 -1.174903e+00 -5.004441e-01 -1.429145e+00 -1.588065e+00 -5.350861e-01 -5.083905e+00 -1.354164e+00 1.665775e+00 2.742370e+00 8.474710e-01 -2.037874e+00 4.202033e-01 -1.547104e-01 1.186161e-01 -6.051717e-02 -2.962404e-01 1.366811e-01 -2.704750e-01 -2.994622e-02 1.437581e-01 1.616263e-01 6.145088e-02 -2.089788e-01 4.158550e-01
<VARIANCE> 25
 3.661491e+01 4.136565e+01 4.634236e+01 5.557753e+01 4.883548e+01 6.197961e+01 6.869975e+01 6.015990e+01 6.780762e+01 4.476749e+01 4.438852e+01 3.913523e+01 3.067052e+00 3.790294e+00 3.715334e+00 5.117500e+00 4.208817e+00 4.526758e+00 5.572582e+00 5.603408e+00 5.855381e+00 3.967279e+00 4.184097e+00 3.576250e+00 9.138494e+00
<GCONST> 1.127941e+02
<STATE> 4
<MEAN> 25
 5.010470e+00 -1.129829e+00 -7.101345e-02 -1.193436e+00 -2.078825e+00 -3.883346e-01 -5.392054e+00 -1.358816e+00 1.879617e+00 2.905312e+00 7.210954e-01 -2.325742e+00 1.547976e-01 9.400724e-02 2.225983e-01 2.173497e-01 -1.234615e-01 8.946791e-02 1.503224e-01 -1.294824e-01 -1.046660e-01 -9.415796e-02 -1.135529e-01 4.238116e-02 -1.704877e-01
<VARIANCE> 25
 3.326762e+01 4.191640e+01 4.684137e+01 5.683061e+01 4.851783e+01 6.031564e+01 7.134898e+01 6.105507e+01 6.880844e+01 4.646091e+01 4.467288e+01 3.921080e+01 2.263314e+00 3.068588e+00 3.016317e+00 4.206571e+00 3.558686e+00 3.797261e+00 4.444646e+00 4.767375e+00 4.785908e+00 3.436969e+00 3.576328e+00 3.056778e+00 6.422948e+00
<GCONST> 1.101609e+02
<TRANSP> 5
 0.000000e+00 1.000000e+00 0.000000e+00 0.000000e+00 0.000000e+00
 0.000000e+00 5.214068e-01 4.785932e-01 0.000000e+00 0.000000e+00
 0.000000e+00 0.000000e+00 5.298487e-01 4.701513e-01 0.000000e+00
 0.000000e+00 0.000000e+00 0.000000e+00 6.335899e-01 3.664102e-01
 0.000000e+00 0.000000e+00 0.000000e+00 0.000000e+00 0.000000e+00
<ENDHMM>
~h "AI"
<BEGINHMM>
<NUMSTATES> 5
<STATE> 2
<MEAN> 25
 3.015101e+00 -7.556624e+00 3.083715e+00 -4.277076e+00 -7.392799e+00 -3.930136e+00 -1.127732e+00 7.768403e+00 4.151981e-01 1.472600e-01 5.563551e-01 -2.226252e+00 -1.263780e-01 1.071666e-01 1.154918e+00 -1.994228e-02 -1.160060e+00 -6.723069e-01 1.315824e-01 4.236416e-01 -6.667456e-01 1.242068e-01 5.899827e-01 3.002864e-01 8.772063e-02
<VARIANCE> 25
 1.872197e+01 4.955666e+01 7.273090e+01 3.330270e+01 6.518684e+01 5.972838e+01 5.184568e+01 6.523735e+01 6.153569e+01 4.445472e+01 5.566081e+01 3.320715e+01 1.452739e+00 3.118718e+00 2.834175e+00 2.199245e+00 3.761351e+00 3.457315e+00 3.336112e+00 5.569136e+00 3.583673e+00 3.126485e+00 3.710441e+00 2.670372e+00 3.057968e+00
<GCONST> 1.070571e+02
<STATE> 3
<MEAN> 25
 2.487808e+00 -5.724924e+00 6.716949e+00 -3.929083e+00 -1.014771e+01 -5.412054e+00 -1.260067e+00 7.110700e+00 -2.102362e+00 9.781700e-01 2.573917e+00 -1.224766e+00 -1.134084e-01 6.129196e-01 8.978578e-01 1.880043e-01 -5.509375e-01 -3.021620e-01 -6.300727e-02 -4.160900e-01 -6.710751e-01 1.989184e-01 4.864592e-01 2.414810e-01 -5.591878e-01
<VARIANCE> 25
 1.736547e+01 5.157642e+01 6.939821e+01 3.145269e+01 5.686077e+01 5.106933e+01 4.918536e+01 7.264973e+01 6.018644e+01 4.402215e+01 5.251764e+01 3.035917e+01 1.052712e+00 2.371269e+00 3.158666e+00 1.953746e+00 4.023420e+00 2.993297e+00 3.146333e+00 4.867652e+00 3.531478e+00 2.832941e+00 3.323331e+00 2.152248e+00 2.571469e+00
<GCONST> 1.050113e+02
<STATE> 4
<MEAN> 25
 1.876790e+00 -2.173532e+00 9.087190e+00 -2.497217e+00 -1.002111e+01 -5.301971e+00 -1.314670e+00 3.896519e+00 -4.225515e+00 1.306944e+00 3.356449e+00 -6.765573e-01 -1.165465e-02 5.654192e-01 1.319420e-03 4.057241e-01 4.306838e-01 1.005550e-01 2.540002e-02 -6.079150e-01 -2.099513e-01 -1.511614e-02 -6.481127e-02 9.089063e-02 -9.959034e-01
<VARIANCE> 25
 2.146948e+01 5.542068e+01 6.191494e+01 3.670523e+01 5.912022e+01 5.274435e+01 5.132818e+01 7.805680e+01 5.326179e+01 3.993366e+01 4.469547e+01 2.816190e+01 1.144331e+00 2.177203e+00 3.172940e+00 2.070573e+00 3.617980e+00 2.812863e+00 3.045706e+00 4.042679e+00 3.371227e+00 2.555245e+00 2.807121e+00 1.850671e+00 2.394564e+00
<GCONST> 1.041986e+02
<TRANSP> 5
 0.000000e+00 1.000000e+00 0.000000e+00 0.000000e+00 0.000000e+00
 0.000000e+00 6.834487e-01 3.165513e-01 0.000000e+00 0.000000e+00
 0.000000e+00 0.000000e+00 6.907843e-01 3.092157e-01 0.000000e+00
 0.000000e+00 0.000000e+00 0.000000e+00 8.392594e-01 1.607406e-01
 0.000000e+00 0.000000e+00 0.000000e+00 0.000000e+00 0.000000e+00
<ENDHMM>
~h "AU"
<BEGINHMM>
<NUMSTATES> 5
<STATE> 2
<MEAN> 25
 4.910865e+00 -4.796799e+00 -7.375587e+00 -1.142598e+01 3.338981e-01 8.448112e+00 -2.727739e+00 -9.048381e-01 3.648676e+00 2.281961e+00 9.809532e-01 -4.036228e+00 3.834012e-01 1.567044e-01 -2.486080e-01 -9.949708e-01 -9.842406e-02 9.596255e-01 -8.603351e-02 -1.310518e-01 -2.150517e-01 1.644032e-02 5.270132e-01 4.572251e-02 2.089064e-01
<VARIANCE> 25
 2.713559e+01 4.266516e+01 3.007697e+01 6.420003e+01 4.238568e+01 6.287099e+01 4.885957e+01 4.647872e+01 4.464884e+01 4.782128e+01 4.803486e+01 4.862932e+01 1.357758e+00 2.592822e+00 1.764152e+00 3.264441e+00 2.476950e+00 3.883411e+00 2.794659e+00 2.893422e+00 2.860126e+00 2.933678e+00 3.028661e+00 3.457622e+00 4.004638e+00
<GCONST> 1.048317e+02
<STATE> 3
<MEAN> 25
 5.935462e+00 -2.614455e+00 -7.438369e+00 -1.374535e+01 -7.166750e-01 1.010039e+01 -3.026169e+00 -1.218755e+00 2.245426e+00 1.941538e+00 2.631686e+00 -2.710776e+00 2.589251e-01 6.457952e-01 8.418539e-02 -3.927542e-01 -3.094438e-01 2.597125e-01 -1.177284e-01 -6.577136e-02 -4.222724e-01 -1.366264e-01 3.747549e-01 4.078980e-01 -4.296998e-01
<VARIANCE> 25
 2.654866e+01 5.039894e+01 2.923951e+01 6.726300e+01 4.431340e+01 5.643478e+01 4.986036e+01 4.256373e+01 4.719317e+01 4.897664e+01 4.722403e+01 5.302090e+01 9.725462e-01 2.248645e+00 1.404083e+00 3.238851e+00 2.268716e+00 3.222150e+00 2.522306e+00 2.471592e+00 2.630169e+00 2.766544e+00 2.818717e+00 3.146637e+00 3.575002e+00
<GCONST> 1.033434e+02
<STATE> 4
<MEAN> 25
 5.446854e+00 9.749247e-01 -5.840685e+00 -1.164083e+01 -1.485950e+00 8.603530e+00 -2.522236e+00 -8.805474e-01 7.189758e-01 5.221087e-01 2.651124e+00 -6.478310e-01 -1.343913e-03 3.984592e-01 2.578013e-01 4.537457e-01 -6.100801e-02 -3.658462e-01 -5.113772e-02 -5.466714e-02 -2.573320e-01 -5.154536e-02 -4.235719e-02 2.068714e-01 -6.146154e-01
<VARIANCE> 25
 4.047722e+01 5.455171e+01 3.166499e+01 9.241723e+01 5.072441e+01 6.641538e+01 5.665009e+01 4.010239e+01 4.794677e+01 4.585821e+01 4.073925e+01 4.505649e+01 1.093803e+00 2.123873e+00 1.457874e+00 3.591172e+00 2.508247e+00 2.969201e+00 2.513533e+00 2.344314e+00 2.480090e+00 2.545029e+00 2.505748e+00 2.580447e+00 3.051669e+00
<GCONST> 1.037944e+02
<TRANSP> 5
 0.000000e+00 1.000000e+00 0.000000e+00 0.000000e+00 0.000000e+00
 0.000000e+00 7.206962e-01 2.793038e-01 0.000000e+00 0.000000e+00
 0.000000e+00 0.000000e+00 7.396342e-01 2.603658e-01 0.000000e+00
 0.000000e+00 0.000000e+00 0.000000e+00 9.164236e-01 8.357641e-02
 0.000000e+00 0.000000e+00 0.000000e+00 0.000000e+00 0.000000e+00
<ENDHMM>
~h "NG"
<BEGINHMM>
<NUMSTATES> 5
<STATE> 2
<MEAN> 25
 6.424658e+00 -1.075643e+00 1.626980e+00 -2.259755e+00 -3.516254e+00 3.246897e+00 -1.129985e+00 -2.586764e+00 -2.399779e+00 8.804320e-01 -1.564615e+00 -3.459921e+00 2.251264e-01 3.901005e-01 4.965927e-01 2.633013e-01 -3.252593e-01 -1.647616e-02 2.079948e-01 -4.464374e-01 -3.025796e-01 2.385203e-01 -2.704283e-01 2.113668e-01 -3.932840e-01
<VARIANCE> 25
 2.145010e+01 4.449802e+01 6.068854e+01 4.910115e+01 6.380777e+01 5.295478e+01 5.932071e+01 6.540157e+01 6.003957e+01 4.712579e+01 5.107870e+01 4.800522e+01 1.185065e+00 2.382029e+00 3.919330e+00 3.418366e+00 4.031074e+00 3.266091e+00 3.841564e+00 5.116440e+00 4.159014e+00 3.287817e+00 3.577916e+00 3.536432e+00 3.193830e+00
<GCONST> 1.084525e+02
<STATE> 3
<MEAN> 25
 6.690866e+00 -4.060920e-01 2.579391e+00 -1.763520e+00 -4.091609e+00 3.122745e+00 -6.208010e-01 -3.247931e+00 -2.865736e+00 1.212690e+00 -2.254750e+00 -2.796887e+00 -1.528328e-02 2.626092e-01 2.506059e-01 2.219865e-01 -4.625673e-02 -9.013075e-02 1.907850e-01 -1.359299e-01 -1.173676e-01 5.725710e-02 -2.059925e-01 2.315907e-01 -3.838817e-01
<VARIANCE> 25
 1.991853e+01 3.881580e+01 5.267408e+01 4.851934e+01 6.168271e+01 5.159059e+01 5.897692e+01 6.488740e+01 5.629511e+01 4.750714e+01 5.083897e+01 4.644319e+01 1.152163e+00 2.350592e+00 3.664955e+00 3.197799e+00 4.127850e+00 3.131702e+00 3.593725e+00 5.046892e+00 3.884321e+00 3.260850e+00 3.337034e+00 3.357320e+00 2.789172e+00
<GCONST> 1.073128e+02
<STATE> 4
<MEAN> 25
 6.366003e+00 1.616785e-01 2.843551e+00 -1.350745e+00 -3.626495e+00 3.154753e+00 -3.076351e-01 -3.045201e+00 -2.962688e+00 9.620732e-01 -2.832441e+00 -2.486126e+00 -2.794280e-01 1.577835e-01 -1.065022e-01 2.110799e-01 3.544771e-01 -2.110322e-01 1.226187e-01 1.680847e-01 4.856223e-02 -9.946835e-02 -2.293300e-02 1.129607e-01 -4.268130e-01
<VARIANCE> 25
 2.215813e+01 4.241156e+01 5.093530e+01 5.095773e+01 6.791710e+01 5.023312e+01 5.976403e+01 6.340610e+01 5.454655e+01 4.735308e+01 4.874799e+01 4.458290e+01 1.209936e+00 2.251255e+00 2.976297e+00 2.789294e+00 3.898008e+00 2.950006e+00 3.148594e+00 4.266249e+00 3.346217e+00 2.987444e+00 2.904610e+00 2.764796e+00 2.601800e+00
<GCONST> 1.060699e+02
<TRANSP> 5
 0.000000e+00 1.000000e+00 0.000000e+00 0.000000e+00 0.000000e+00
 0.000000e+00 6.048151e-01 3.951849e-01 0.000000e+00 0.000000e+00
 0.000000e+00 0.000000e+00 6.113376e-01 3.886624e-01 0.000000e+00
 0.000000e+00 0.000000e+00 0.000000e+00 7.514397e-01 2.485603e-01
 0.000000e+00 0.000000e+00 0.000000e+00 0.000000e+00 0.000000e+00
<ENDHMM>
~h "NY"
<BEGINHMM>
<NUMSTATES> 5
<STATE> 2
<MEAN> 25
 3.594256e+00 -2.469615e+00 5.224040e+00 -1.666538e+00 -4.840624e+00 -2.014312e+00 -6.109542e-02 4.507176e+00 -3.210465e+00 -3.964042e+00 -7.225752e-03 3.531067e-03 -6.239090e-03 -4.381479e-01 -3.390267e-01 1.659449e-01 2.349312e-01 5.130088e-04 1.881146e-01 5.151300e-01 1.240897e-01 -5.240278e-01 -2.664649e-01 8.945100e-02 5.249714e-02
<VARIANCE> 25
 2.099307e+01 6.155897e+01 4.960641e+01 4.026056e+01 5.465627e+01 3.656293e+01 4.367241e+01 7.628870e+01 5.396705e+01 4.648796e+01 4.428910e+01 3.308471e+01 1.290959e+00 4.206659e+00 3.276316e+00 2.815905e+00 3.467114e+00 2.543427e+00 2.874547e+00 6.262539e+00 3.586422e+00 2.899427e+00 3.242596e+00 2.204895e+00 2.609937e+00
<GCONST> 1.057888e+02
<STATE> 3
<MEAN> 25
 3.330823e+00 -3.680755e+00 3.422600e+00 -9.215254e-01 -3.093180e+00 -1.567982e+00 1.516567e-01 5.391895e+00 -2.201104e+00 -5.162841e+00 -1.223815e+00 -5.851104e-02 -3.901226e-02 -3.434349e-01 -5.396019e-01 2.015153e-01 5.090330e-01 1.373118e-01 3.281531e-03 2.151978e-01 3.285550e-01 -2.527921e-01 -3.632093e-01 -6.846716e-02 -1.683710e-01
<VARIANCE> 25
 2.091884e+01 6.132412e+01 4.945234e+01 3.819650e+01 6.234299e+01 3.598572e+01 4.302654e+01 7.190079e+01 5.250480e+01 4.631894e+01 4.492968e+01 3.218988e+01 1.067744e+00 3.277340e+00 2.580911e+00 2.391200e+00 3.041624e+00 2.136465e+00 2.448058e+00 5.029582e+00 2.929219e+00 2.561283e+00 2.796422e+00 1.942289e+00 2.420059e+00
<GCONST> 1.035195e+02
<STATE> 4
<MEAN> 25
 3.092520e-01 -2.814730e+00 -7.729205e-01 1.598343e+00 1.719487e+00 -7.853639e-01 1.239686e+00 3.984136e+00 -3.239008e-01 -4.281713e+00 -2.398390e+00 3.397099e-01 -1.175349e-01 6.974786e-02 -2.283463e-01 1.258719e-01 2.880923e-01 8.266772e-02 1.365974e-02 -1.000179e-01 1.398828e-01 1.087581e-01 -9.255228e-02 -4.217147e-02 -4.873880e-01
<VARIANCE> 25
 2.919367e+01 5.451256e+01 4.050159e+01 3.342059e+01 5.594041e+01 3.133771e+01 3.990065e+01 5.266304e+01 4.139516e+01 4.208104e+01 3.827255e+01 2.921968e+01 7.143793e-01 1.821748e+00 1.644039e+00 1.665159e+00 2.056921e+00 1.698700e+00 1.900805e+00 2.608307e+00 2.099837e+00 2.037754e+00 2.033828e+00 1.601583e+00 1.763263e+00
<GCONST> 9.745594e+01
<TRANSP> 5
 0.000000e+00 1.000000e+00 0.000000e+00 0.000000e+00 0.000000e+00
 0.000000e+00 6.957712e-01 3.042289e-01 0.000000e+00 0.000000e+00
 0.000000e+00 0.000000e+00 6.924201e-01 3.075798e-01 0.000000e+00
 0.000000e+00 0.000000e+00 0.000000e+00 8.945473e-01 1.054527e-01
 0.000000e+00 0.000000e+00 0.000000e+00 0.000000e+00 0.000000e+00
<ENDHMM>
~h "OI"
<BEGINHMM>
<NUMSTATES> 5
<STATE> 2
<MEAN> 25
 3.669424e+00 5.273643e-01 -5.252573e+00 -8.445406e+00 -4.214508e+00 6.094473e+00 -1.302548e+00 -2.288179e+00 -1.112258e+00 2.280101e-03 3.725430e+00 -3.689331e-02 8.762161e-01 -6.945841e-01 -3.462539e-01 -1.231507e+00 -4.413288e-01 4.310806e-01 -9.195712e-01 5.045372e-02 1.149022e-01 9.425814e-01 5.588704e-01 -3.163221e-01 1.258025e+00
<VARIANCE> 25
 5.075032e+01 3.489534e+01 6.712531e+01 1.212581e+02 5.558830e+01 7.495184e+01 6.293975e+01 4.613033e+01 4.163912e+01 5.347521e+01 4.209534e+01 4.330716e+01 5.604707e+00 2.854491e+00 4.046863e+00 1.314700e+01 4.484324e+00 8.955380e+00 5.662445e+00 4.228477e+00 3.638335e+00 4.369883e+00 4.272347e+00 4.846235e+00 3.549910e+00
<GCONST> 1.146344e+02
<STATE> 3
<MEAN> 25
 4.035514e+00 -2.306464e+00 -4.423790e+00 -8.288790e+00 -4.312761e+00 4.578674e+00 -3.662472e+00 -1.662501e+00 -1.824477e-01 3.308672e+00 4.021837e+00 -1.691149e+00 -5.838259e-02 -6.500587e-01 8.126279e-01 6.006519e-01 -1.890753e-01 -1.155142e+00 -5.826623e-01 5.471041e-01 8.452176e-02 6.910129e-01 -1.503333e-01 -3.714087e-01 4.948660e-01
<VARIANCE> 25
 3.791285e+01 3.514388e+01 7.619659e+01 1.209264e+02 5.231462e+01 9.579842e+01 7.712725e+01 5.746175e+01 4.704216e+01 6.225971e+01 4.411559e+01 5.014974e+01 2.674680e+00 2.397511e+00 5.028342e+00 8.821809e+00 3.973994e+00 1.049998e+01 5.017402e+00 5.094105e+00 4.819407e+00 6.123432e+00 4.242251e+00 4.665972e+00 2.267868e+00
<GCONST> 1.146822e+02
<STATE> 4
<MEAN> 25
 1.869258e+00 -2.538359e+00 -1.176676e+00 -4.287867e+00 -3.991502e+00 7.902884e-02 -2.909295e+00 -8.043915e-03 -1.242478e+00 3.587358e+00 3.037581e+00 -1.391196e+00 -3.718255e-01 -1.411585e-02 1.204125e+00 8.841866e-01 -5.012145e-01 -1.372629e+00 -2.909807e-02 5.165125e-01 -4.495314e-01 -1.081607e-01 -1.638113e-01 2.006597e-01 -1.174944e-01
<VARIANCE> 25
 3.609695e+01 3.685217e+01 9.427374e+01 9.477143e+01 5.779441e+01 1.008004e+02 7.385969e+01 5.980212e+01 5.240083e+01 5.874404e+01 4.219164e+01 4.716924e+01 1.471762e+00 2.224127e+00 5.055532e+00 4.697030e+00 4.063993e+00 8.342857e+00 4.342617e+00 5.153304e+00 4.839689e+00 5.448165e+00 3.517768e+00 3.787757e+00 1.424552e+00
<GCONST> 1.121296e+02
<TRANSP> 5
 0.000000e+00 1.000000e+00 0.000000e+00 0.000000e+00 0.000000e+00
 0.000000e+00 7.042418e-01 2.957582e-01 0.000000e+00 0.000000e+00
 0.000000e+00 0.000000e+00 7.008310e-01 2.991690e-01 0.000000e+00
 0.000000e+00 0.000000e+00 0.000000e+00 7.761850e-01 2.238150e-01
 0.000000e+00 0.000000e+00 0.000000e+00 0.000000e+00 0.000000e+00
<ENDHMM>
~h "SY"
<BEGINHMM>
<NUMSTATES> 5
<STATE> 2
<MEAN> 25
 -1.101503e+01 3.799324e+00 2.918897e+00 6.642940e-01 2.923724e+00 -2.080175e+00 2.470134e+00 1.564436e+00 2.852458e-01 -8.640307e-01 5.671471e-01 3.113620e+00 -2.657120e+00 3.196513e-01 -2.298522e-02 -2.560968e-01 5.770789e-01 2.851373e-01 5.761048e-01 2.403610e-01 3.305083e-01 8.775504e-02 5.336658e-01 3.123550e-01 3.979994e-02
<VARIANCE> 25
 1.108278e+02 3.973601e+01 5.230167e+01 3.372886e+01 4.384334e+01 4.163290e+01 4.288776e+01 4.197229e+01 3.658109e+01 3.106677e+01 3.067042e+01 2.420100e+01 6.536353e+00 3.720449e+00 3.175769e+00 2.583424e+00 3.762599e+00 3.212613e+00 3.523169e+00 3.331277e+00 3.077419e+00 2.835269e+00 2.734995e+00 2.244024e+00 1.903609e+00
<GCONST> 1.053382e+02
<STATE> 3
<MEAN> 25
 -1.739232e+01 3.207093e+00 2.642351e+00 -9.363497e-01 3.168139e+00 -8.689459e-01 3.328716e+00 2.021288e+00 1.263809e+00 3.619055e-02 2.145406e+00 3.716663e+00 -8.578653e-01 -2.863775e-01 -6.292438e-02 -3.224423e-01 -1.820775e-01 1.173563e-01 7.861533e-02 8.156227e-02 1.842594e-01 1.499931e-01 2.901799e-01 9.441181e-02 2.141426e-01
<VARIANCE> 25
 8.884837e+01 3.508151e+01 4.677760e+01 3.244930e+01 4.229752e+01 4.220185e+01 3.858023e+01 3.512723e+01 3.251824e+01 2.969622e+01 2.709767e+01 2.190840e+01 8.815062e+00 2.195028e+00 2.311277e+00 1.963882e+00 3.074972e+00 2.709136e+00 2.709202e+00 2.465191e+00 2.429065e+00 2.291170e+00 2.193550e+00 1.780483e+00 1.408140e+00
<GCONST> 1.011901e+02
<STATE> 4
<MEAN> 25
 -1.411783e+01 1.151239e+00 2.161170e+00 -9.865822e-01 1.311314e+00 -8.282753e-01 2.513267e+00 2.091560e+00 1.649319e+00 6.695439e-01 2.764338e+00 3.279481e+00 1.093673e+00 -3.180328e-01 2.097767e-01 -4.579363e-02 -6.006693e-01 -3.076503e-01 -3.638448e-01 4.021808e-02 -5.704781e-02 -1.129062e-01 -7.379435e-02 -1.546811e-01 5.035324e-01
<VARIANCE> 25
 1.189110e+02 3.432843e+01 4.952074e+01 3.304095e+01 5.284843e+01 4.180632e+01 3.924091e+01 3.127160e+01 3.368236e+01 2.843473e+01 2.617185e+01 2.188064e+01 8.358170e+00 2.026099e+00 2.453892e+00 1.862189e+00 3.074976e+00 2.699284e+00 2.931436e+00 2.637621e+00 2.722088e+00 2.190117e+00 2.160403e+00 1.805408e+00 1.849689e+00
<GCONST> 1.019611e+02
<TRANSP> 5
 0.000000e+00 1.000000e+00 0.000000e+00 0.000000e+00 0.000000e+00
 0.000000e+00 7.552937e-01 2.447063e-01 0.000000e+00 0.000000e+00
 0.000000e+00 0.000000e+00 7.679508e-01 2.320492e-01 0.000000e+00
 0.000000e+00 0.000000e+00 0.000000e+00 9.268882e-01 7.311182e-02
 0.000000e+00 0.000000e+00 0.000000e+00 0.000000e+00 0.000000e+00
<ENDHMM>
~h "sil"
<BEGINHMM>
<NUMSTATES> 5
<STATE> 2
<MEAN> 25
 -3.105397e+00 1.092604e+00 -2.592502e-01 2.678590e+00 2.826974e+00 3.684002e-01 3.031921e+00 7.098730e-01 1.628848e-01 -3.717105e-01 6.541794e-01 1.887444e+00 -3.471080e-02 9.295225e-03 -1.367440e-02 -8.385775e-03 -1.367754e-02 -2.166001e-02 -2.198450e-03 -3.134924e-03 -1.997013e-03 -7.263944e-05 1.301289e-02 9.735580e-03 -4.876389e-02
<VARIANCE> 25
 4.118071e+01 4.011250e+01 4.496632e+01 4.777126e+01 4.485883e+01 3.955619e+01 4.548120e+01 4.341822e+01 3.829418e+01 3.160910e+01 3.196979e+01 2.901295e+01 1.176312e+00 1.669001e+00 1.699565e+00 2.200546e+00 2.071803e+00 2.227759e+00 2.172866e+00 2.751499e+00 2.317829e+00 2.215415e+00 2.051975e+00 1.858104e+00 2.010034e+00
<GCONST> 9.901348e+01
<STATE> 3
<MEAN> 25
 -5.573600e+00 1.879171e+00 -1.779255e+00 3.906223e+00 4.250017e+00 -8.765958e-01 4.779548e+00 1.254681e+00 3.058853e-01 -8.467603e-01 4.244206e-01 3.415495e+00 -4.441014e-02 4.608432e-02 -1.555883e-02 -4.302504e-03 -3.993738e-03 -4.257946e-02 1.296317e-02 2.285084e-02 2.380398e-02 2.381676e-02 6.495652e-02 1.413717e-02 -1.032789e-01
<VARIANCE> 25
 1.136172e+01 2.347623e+01 1.859853e+01 2.194885e+01 1.970968e+01 2.602214e+01 2.588318e+01 3.392509e+01 2.697910e+01 2.513973e+01 2.321670e+01 2.092463e+01 4.651749e-01 8.663613e-01 8.470071e-01 1.323158e+00 1.244320e+00 1.615639e+00 1.569111e+00 2.049600e+00 1.785033e+00 1.821214e+00 1.543841e+00 1.558745e+00 5.792328e-01
<GCONST> 8.585076e+01
<STATE> 4
<MEAN> 25
 -5.010672e+00 1.968947e+00 -2.200244e+00 2.955863e+00 3.758124e+00 -1.041928e+00 4.097388e+00 8.100311e-01 8.617116e-01 -3.046004e-01 3.333651e-01 2.637758e+00 -6.232330e-03 1.420793e-02 7.064399e-03 1.172019e-03 7.459147e-03 1.371753e-02 6.238293e-03 -4.958981e-03 1.824732e-03 1.417723e-02 1.424762e-03 -7.224862e-03 -9.573183e-03
<VARIANCE> 25
 8.594545e+00 2.156068e+01 1.514500e+01 1.512972e+01 1.827491e+01 2.238122e+01 2.268444e+01 2.615371e+01 2.288002e+01 1.966529e+01 1.950868e+01 1.669515e+01 3.357475e-01 6.160932e-01 6.955325e-01 9.102690e-01 1.099032e+00 1.310620e+00 1.438943e+00 1.600885e+00 1.581108e+00 1.582777e+00 1.462361e+00 1.328939e+00 5.135034e-01
<GCONST> 8.097957e+01
<TRANSP> 5
 0.000000e+00 1.000000e+00 0.000000e+00 0.000000e+00 0.000000e+00
 0.000000e+00 9.648888e-01 3.511120e-02 0.000000e+00 0.000000e+00
 0.000000e+00 0.000000e+00 8.494626e-01 1.505373e-01 0.000000e+00
 0.000000e+00 0.000000e+00 0.000000e+00 9.829464e-01 1.705359e-02
 0.000000e+00 0.000000e+00 0.000000e+00 0.000000e+00 0.000000e+00
<ENDHMM>
