~o
<STREAMINFO> 1 25
<VECSIZE> 25<NULLD><MFCC_D_N_Z_0><DIAGC>
~s "silst"
<MEAN> 25
 -4.813970e+00 -6.943371e-01 -2.821266e+00 2.712616e+00 3.448491e+00 -1.675015e+00 2.920362e+00 1.419845e+00 5.756117e-01 -1.232702e+00 -2.331634e-01 2.850050e+00 -5.351635e-02 1.197464e-01 1.190510e-02 2.885161e-02 4.020742e-02 5.279341e-02 5.453008e-02 -2.029937e-02 1.561725e-02 4.628988e-02 3.834987e-02 1.014386e-03 -1.836862e-01
<VARIANCE> 25
 1.116963e+01 3.336688e+01 1.975374e+01 1.776949e+01 2.243307e+01 2.548856e+01 2.548464e+01 2.929633e+01 2.808226e+01 2.301219e+01 2.292753e+01 1.908881e+01 3.827623e-01 7.873215e-01 8.225991e-01 9.606578e-01 1.163940e+00 1.397127e+00 1.538604e+00 1.664855e+00 1.711250e+00 1.673775e+00 1.541145e+00 1.392744e+00 3.890592e-01
<GCONST> 8.410946e+01
~h "A"
<BEGINHMM>
<NUMSTATES> 5
<STATE> 2
<MEAN> 25
 4.720722e+00 -8.991222e+00 -4.584294e+00 -6.389729e+00 -1.466554e+00 2.005005e+00 -3.195120e+00 5.147097e+00 5.395098e+00 1.516301e-01 -1.942578e+00 -5.167367e+00 5.048808e-01 -2.031997e+00 -1.270137e+00 -8.883471e-01 8.543302e-01 1.323313e+00 3.363276e-01 1.053110e+00 9.837459e-01 -8.474521e-01 -1.178511e+00 -1.404067e+00 1.880505e+00
<VARIANCE> 25
 1.756555e+01 2.661549e+01 3.943183e+01 3.875137e+01 5.708749e+01 6.927887e+01 4.971597e+01 6.759963e+01 4.585054e+01 4.173475e+01 4.655686e+01 3.442806e+01 2.412732e+00 2.320053e+00 2.907430e+00 3.264951e+00 4.110747e+00 4.109850e+00 4.359103e+00 5.737987e+00 4.265133e+00 3.711504e+00 3.981280e+00 3.233703e+00 4.036437e+00
<GCONST> 1.074967e+02
<STATE> 3
<MEAN> 25
 4.616557e+00 -1.214087e+01 -7.001602e+00 -6.621797e+00 2.316460e+00 4.848562e+00 -1.479717e+00 4.632806e+00 5.704927e+00 -2.425235e+00 -4.350954e+00 -6.850984e+00 2.792156e-03 -6.981959e-02 -4.916644e-02 1.655675e-01 3.170471e-01 -6.898457e-02 1.527981e-01 1.846649e-02 -1.033264e-01 -1.314125e-01 -2.471872e-01 -2.160132e-02 -9.276497e-02
<VARIANCE> 25
 9.362312e+00 1.799527e+01 2.829849e+01 2.841257e+01 3.536108e+01 4.794776e+01 3.994828e+01 5.283054e+01 4.027096e+01 3.410309e+01 3.584459e+01 3.003213e+01 3.455551e-01 7.501100e-01 8.991562e-01 1.058941e+00 1.650005e+00 2.077907e+00 1.630487e+00 2.146117e+00 1.514582e+00 1.701770e+00 1.749032e+00 1.377295e+00 4.355421e-01
<GCONST> 8.914056e+01
<STATE> 4
<MEAN> 25
 4.986830e+00 -7.624192e+00 -5.862556e+00 -4.458353e+00 1.959767e+00 1.564412e+00 -1.164237e+00 4.263709e+00 4.634107e+00 -7.309834e-01 -4.495986e+00 -5.482350e+00 2.479255e-02 1.489560e+00 6.827767e-01 8.808477e-01 -2.505088e-01 -6.456144e-01 -6.651627e-02 -4.920493e-01 -4.565583e-01 4.119328e-01 2.956523e-01 5.727025e-01 -2.220201e+00
<VARIANCE> 25
 1.337168e+01 2.906960e+01 3.239602e+01 3.847371e+01 4.910509e+01 5.380612e+01 4.628384e+01 5.413302e+01 4.330628e+01 4.428854e+01 4.496171e+01 3.434267e+01 1.235721e+00 2.071679e+00 2.103384e+00 2.481182e+00 3.005594e+00 3.241859e+00 3.281928e+00 3.676700e+00 3.151574e+00 3.052180e+00 3.098919e+00 2.501213e+00 2.785645e+00
<GCONST> 1.023400e+02
<TRANSP> 5
 0.000000e+00 1.000000e+00 0.000000e+00 0.000000e+00 0.000000e+00
 0.000000e+00 5.699402e-01 4.300598e-01 0.000000e+00 0.000000e+00
 0.000000e+00 0.000000e+00 7.610420e-01 2.389580e-01 0.000000e+00
 0.000000e+00 0.000000e+00 0.000000e+00 7.215241e-01 2.784759e-01
 0.000000e+00 0.000000e+00 0.000000e+00 0.000000e+00 0.000000e+00
<ENDHMM>
~h "B"
<BEGINHMM>
<NUMSTATES> 5
<STATE> 2
<MEAN> 25
 9.437627e+00 7.580048e+00 4.025590e+00 2.509950e+00 1.540143e+00 4.431207e+00 4.375007e-03 -5.402822e+00 -4.568369e+00 -6.105661e-02 2.474453e-01 -1.956392e+00 8.316567e-01 1.753795e+00 7.245462e-01 5.901963e-01 6.118050e-01 3.713785e-01 9.825676e-01 -4.422309e-01 -5.232272e-01 -2.359288e-01 -4.126441e-01 -1.515371e-01 -1.388822e+00
<VARIANCE> 25
 3.770681e+01 3.438852e+01 2.843533e+01 3.723809e+01 3.384741e+01 3.737348e+01 4.235686e+01 3.850305e+01 4.771789e+01 3.079968e+01 4.077412e+01 2.871157e+01 2.338119e+00 2.057827e+00 2.265210e+00 2.931488e+00 2.624553e+00 2.782186e+00 3.254694e+00 3.313650e+00 3.671868e+00 2.841238e+00 3.010112e+00 2.261997e+00 5.340392e+00
<GCONST> 1.027462e+02
<STATE> 3
<MEAN> 25
 1.128277e+01 1.158565e+01 5.560485e+00 2.865864e+00 1.837900e+00 4.996400e+00 2.602848e+00 -6.145939e+00 -5.894634e+00 -2.229403e-01 -5.245574e-01 -2.127729e+00 -9.132522e-01 -1.240936e+00 -8.967507e-01 -5.450513e-01 2.375212e-01 -7.548094e-01 -8.137673e-01 3.418469e-01 6.152318e-01 -2.875503e-02 7.260858e-01 8.641466e-01 2.189463e+00
<VARIANCE> 25
 1.957882e+01 2.441579e+01 2.042159e+01 2.648060e+01 3.176357e+01 3.613498e+01 2.994572e+01 3.813018e+01 4.508742e+01 3.111332e+01 3.979856e+01 2.655934e+01 2.678087e+00 2.593076e+00 2.716716e+00 3.561181e+00 2.944208e+00 3.446540e+00 2.801228e+00 2.965736e+00 3.726323e+00 2.711843e+00 3.245406e+00 2.396565e+00 4.356693e+00
<GCONST> 1.011829e+02
<STATE> 4
<MEAN> 25
 6.495013e+00 3.190596e+00 1.807947e-01 -1.046565e+00 1.637673e+00 2.703051e+00 -2.417362e+00 -5.339900e+00 -2.330788e+00 1.219399e+00 3.416083e+00 8.686753e-01 -1.010322e+00 -3.489417e+00 -1.921545e+00 -2.755691e+00 -1.650388e+00 -3.322820e-01 -2.598304e+00 1.080267e+00 2.255183e+00 1.392724e+00 1.222514e+00 -4.922650e-01 5.171538e+00
<VARIANCE> 25
 2.557328e+01 3.468798e+01 2.981381e+01 7.161335e+01 3.306316e+01 4.418719e+01 3.812591e+01 3.060781e+01 3.581092e+01 4.034691e+01 3.700220e+01 2.584118e+01 2.388229e+00 3.544126e+00 5.472205e+00 7.013562e+00 4.668676e+00 6.543611e+00 4.907743e+00 6.915084e+00 9.367661e+00 6.517397e+00 5.947035e+00 6.158409e+00 4.013717e+00
<GCONST> 1.107183e+02
<TRANSP> 5
 0.000000e+00 1.000000e+00 0.000000e+00 0.000000e+00 0.000000e+00
 0.000000e+00 7.280707e-01 2.719292e-01 0.000000e+00 0.000000e+00
 0.000000e+00 0.000000e+00 5.168819e-01 4.831180e-01 0.000000e+00
 0.000000e+00 0.000000e+00 0.000000e+00 4.435308e-01 5.564692e-01
 0.000000e+00 0.000000e+00 0.000000e+00 0.000000e+00 0.000000e+00
<ENDHMM>
~h "C"
<BEGINHMM>
<NUMSTATES> 5
<STATE> 2
<MEAN> 25
 -7.357886e-01 6.243663e+00 3.096876e+00 3.709780e+00 1.446088e-01 -6.209123e+00 7.422858e-02 1.460835e-01 2.804537e-02 -9.307832e-01 -1.211900e+00 2.084567e+00 -1.489517e+00 1.516299e-01 -6.926543e-01 -2.291193e-01 7.559969e-01 1.984903e-01 5.191756e-01 -2.904695e-01 1.498221e-01 7.121604e-02 4.083867e-02 1.289238e-01 -1.827748e+00
<VARIANCE> 25
 2.727767e+01 3.449160e+01 3.903915e+01 2.747231e+01 4.056154e+01 4.171185e+01 4.809477e+01 4.186443e+01 3.955611e+01 2.860822e+01 2.838535e+01 2.370764e+01 4.479103e+00 5.085999e+00 3.070250e+00 3.358476e+00 4.132950e+00 3.024195e+00 3.711158e+00 3.267946e+00 3.119618e+00 2.662930e+00 2.578354e+00 2.410856e+00 9.530119e+00
<GCONST> 1.050348e+02
<STATE> 3
<MEAN> 25
 -1.533790e+01 2.589236e+00 -1.718008e+00 -2.027063e+00 4.269471e+00 -2.861994e+00 2.180780e+00 -3.804330e-01 3.927418e-01 7.717690e-01 1.330786e+00 3.722413e+00 -2.980592e+00 -4.603862e-01 -3.493687e-01 -1.317292e+00 -1.294574e-01 7.250774e-03 1.559470e-01 3.963887e-01 2.509561e-01 1.901094e-01 5.683954e-01 6.244157e-01 4.545305e+00
<VARIANCE> 25
 4.844003e+01 3.088387e+01 3.278620e+01 3.289215e+01 3.383466e+01 3.783245e+01 3.754506e+01 3.290900e+01 2.824917e+01 2.237006e+01 2.178321e+01 1.747693e+01 6.699940e+00 3.518145e+00 4.228254e+00 3.430113e+00 4.172830e+00 3.994490e+00 3.766852e+00 3.565664e+00 3.083912e+00 2.532971e+00 2.521666e+00 1.890318e+00 7.082639e+00
<GCONST> 1.037259e+02
<STATE> 4
<MEAN> 25
 -1.139724e+01 2.288352e+00 2.219845e+00 -1.982459e+00 -1.350965e+00 -5.913087e+00 2.893231e-01 2.054266e+00 1.379366e+00 -9.222949e-01 3.128507e-01 4.117824e+00 5.329185e+00 -1.445732e+00 1.348897e+00 4.908195e-01 -2.185187e+00 -7.417818e-01 -1.804437e+00 9.181484e-01 6.404052e-01 -5.693182e-01 -6.556531e-01 -1.056539e+00 2.166233e+00
<VARIANCE> 25
 9.064121e+01 2.842461e+01 3.512283e+01 3.059470e+01 3.947193e+01 3.733390e+01 5.125360e+01 3.902877e+01 3.128802e+01 2.385267e+01 2.565463e+01 1.857009e+01 3.765950e+00 5.682168e+00 5.832066e+00 4.460707e+00 4.867371e+00 4.708276e+00 4.663163e+00 7.394173e+00 6.060812e+00 3.570228e+00 3.438956e+00 2.721659e+00 2.258188e+00
<GCONST> 1.075785e+02
<TRANSP> 5
 0.000000e+00 1.000000e+00 0.000000e+00 0.000000e+00 0.000000e+00
 0.000000e+00 7.889978e-01 2.110022e-01 0.000000e+00 0.000000e+00
 0.000000e+00 0.000000e+00 7.305236e-01 2.694764e-01 0.000000e+00
 0.000000e+00 0.000000e+00 0.000000e+00 6.401600e-01 3.598400e-01
 0.000000e+00 0.000000e+00 0.000000e+00 0.000000e+00 0.000000e+00
<ENDHMM>
~h "D"
<BEGINHMM>
<NUMSTATES> 5
<STATE> 2
<MEAN> 25
 7.318762e+00 5.527595e+00 6.884395e+00 7.349491e+00 -3.991479e-01 -3.306352e+00 -2.596213e+00 -3.910601e-01 1.556056e+00 -1.174622e+00 -4.273612e+00 -1.433089e+00 8.511310e-01 1.268095e+00 8.658136e-01 8.788437e-01 6.709201e-01 -2.988691e-01 1.000993e-01 -5.397132e-02 2.111504e-01 -1.962896e-01 -6.110021e-01 -2.228488e-01 -1.027558e+00
<VARIANCE> 25
 4.094688e+01 4.553112e+01 3.422282e+01 3.037800e+01 4.740167e+01 3.529533e+01 5.323793e+01 6.171724e+01 4.273842e+01 3.782914e+01 3.705492e+01 3.037894e+01 2.879200e+00 3.282025e+00 2.580607e+00 2.887798e+00 3.892672e+00 2.892419e+00 3.764909e+00 4.838371e+00 3.512118e+00 2.896036e+00 3.207513e+00 2.465950e+00 6.456317e+00
<GCONST> 1.061890e+02
<STATE> 3
<MEAN> 25
 8.980463e+00 7.404039e+00 8.949015e+00 8.395440e+00 7.148697e-01 -3.793902e+00 -2.635801e+00 -2.792072e-01 1.607071e+00 -1.280989e+00 -4.800591e+00 -1.932014e+00 -2.122810e+00 -2.401521e+00 2.022106e-01 -1.793411e+00 -2.651275e-01 -2.334324e-01 -5.467478e-01 6.951664e-01 -8.276034e-01 -1.659040e-01 1.590722e+00 1.383541e+00 3.616333e+00
<VARIANCE> 25
 2.492767e+01 2.803563e+01 2.947729e+01 2.862253e+01 3.585838e+01 3.152958e+01 4.485656e+01 5.285433e+01 4.021950e+01 3.750291e+01 3.099070e+01 2.837076e+01 2.340441e+00 2.927673e+00 3.924143e+00 3.350594e+00 5.208785e+00 4.287260e+00 5.118812e+00 7.588448e+00 6.180820e+00 4.133497e+00 3.651709e+00 3.106289e+00 4.338022e+00
<GCONST> 1.065365e+02
<STATE> 4
<MEAN> 25
 1.801327e+00 -2.747236e+00 7.710972e+00 1.082823e+00 -2.755945e+00 -4.954980e+00 -5.414965e+00 2.891711e+00 -2.017656e-01 -1.438571e+00 8.767780e-01 3.324921e+00 -1.219647e+00 -2.676240e+00 -7.230430e-01 -2.315807e+00 -2.844014e+00 -4.433350e-01 -1.368016e+00 1.578755e+00 3.007166e-01 1.906451e-01 1.830241e+00 4.343444e-01 4.948346e+00
<VARIANCE> 25
 1.837039e+01 2.551236e+01 3.908047e+01 3.599434e+01 6.444573e+01 4.730125e+01 7.288024e+01 5.185604e+01 5.721322e+01 2.911603e+01 2.883528e+01 2.436274e+01 3.105272e+00 3.471845e+00 6.222408e+00 4.747165e+00 5.441034e+00 4.399498e+00 5.874383e+00 1.135112e+01 9.584466e+00 4.595157e+00 5.234392e+00 3.891272e+00 4.177902e+00
<GCONST> 1.109460e+02
<TRANSP> 5
 0.000000e+00 1.000000e+00 0.000000e+00 0.000000e+00 0.000000e+00
 0.000000e+00 7.303776e-01 2.696224e-01 0.000000e+00 0.000000e+00
 0.000000e+00 0.000000e+00 3.998233e-01 6.001768e-01 0.000000e+00
 0.000000e+00 0.000000e+00 0.000000e+00 4.123671e-01 5.876328e-01
 0.000000e+00 0.000000e+00 0.000000e+00 0.000000e+00 0.000000e+00
<ENDHMM>
~h "E"
<BEGINHMM>
<NUMSTATES> 5
<STATE> 2
<MEAN> 25
 2.993724e+00 -7.878293e+00 4.157339e+00 -1.576793e+00 -9.109112e+00 -6.408403e+00 -1.235818e+00 7.635610e+00 2.825044e-01 -3.245291e-01 2.075002e+00 -1.147665e+00 4.459971e-01 -1.636094e+00 1.160941e+00 -1.102260e+00 -2.344354e+00 -4.285560e-01 5.912396e-01 2.086367e+00 -3.479114e-01 -4.173615e-01 7.439135e-01 -2.146379e-01 2.702916e+00
<VARIANCE> 25
 2.469678e+01 4.048746e+01 4.702636e+01 3.578053e+01 5.519979e+01 4.209058e+01 6.499448e+01 5.374454e+01 5.032929e+01 3.879463e+01 4.725886e+01 3.022328e+01 3.642992e+00 3.664707e+00 3.476996e+00 3.353098e+00 4.901830e+00 4.222581e+00 5.836426e+00 6.202470e+00 5.084291e+00 4.538605e+00 4.181312e+00 3.091561e+00 6.567207e+00
<GCONST> 1.102801e+02
<STATE> 3
<MEAN> 25
 2.518570e+00 -8.352788e+00 8.129196e+00 -4.267601e+00 -1.408989e+01 -6.577106e+00 1.135799e+00 8.278930e+00 -1.627368e+00 3.435017e-01 5.127254e+00 -1.256546e+00 -4.958432e-02 1.336929e-01 3.279493e-02 -7.649671e-02 2.842623e-02 6.273531e-03 2.363510e-01 -8.311184e-02 -1.289416e-01 1.084289e-01 -4.708978e-02 -8.213108e-02 -2.612839e-02
<VARIANCE> 25
 8.185041e+00 2.712849e+01 4.355271e+01 2.603615e+01 3.324565e+01 3.719700e+01 4.908879e+01 5.289410e+01 4.357662e+01 4.223231e+01 4.395248e+01 2.714643e+01 3.126709e-01 6.298028e-01 9.594434e-01 8.839369e-01 1.154725e+00 1.095295e+00 1.512880e+00 1.391678e+00 1.398567e+00 1.198804e+00 1.284863e+00 8.702368e-01 5.041180e-01
<GCONST> 8.710060e+01
<STATE> 4
<MEAN> 25
 2.583103e+00 -4.046640e+00 5.969654e+00 -7.201629e-01 -1.025823e+01 -7.787439e+00 1.833100e+00 5.447168e+00 -1.802602e+00 8.999353e-01 2.557712e+00 -1.008012e+00 3.609853e-04 1.105706e+00 -5.615761e-01 8.552145e-01 1.231925e+00 1.408988e-01 -5.402504e-02 -9.027022e-01 2.104110e-01 1.021789e-02 -5.494829e-01 9.708044e-02 -2.108120e+00
<VARIANCE> 25
 1.687045e+01 4.248600e+01 4.761959e+01 3.328540e+01 4.504858e+01 4.501865e+01 5.739266e+01 5.772086e+01 5.206608e+01 4.203192e+01 4.806046e+01 2.902806e+01 1.518134e+00 2.190020e+00 2.044880e+00 2.263613e+00 3.249496e+00 2.806033e+00 3.949238e+00 3.452974e+00 3.356724e+00 2.964457e+00 2.732197e+00 2.120533e+00 3.239022e+00
<GCONST> 1.033285e+02
<TRANSP> 5
 0.000000e+00 1.000000e+00 0.000000e+00 0.000000e+00 0.000000e+00
 0.000000e+00 6.488342e-01 3.511659e-01 0.000000e+00 0.000000e+00
 0.000000e+00 0.000000e+00 8.286168e-01 1.713832e-01 0.000000e+00
 0.000000e+00 0.000000e+00 0.000000e+00 7.729097e-01 2.270903e-01
 0.000000e+00 0.000000e+00 0.000000e+00 0.000000e+00 0.000000e+00
<ENDHMM>
~h "F"
<BEGINHMM>
<NUMSTATES> 5
<STATE> 2
<MEAN> 25
 -3.349153e+00 2.208921e+00 -6.017955e-01 3.538102e+00 3.872766e+00 4.311422e-01 1.697887e+00 -2.178477e-01 2.202621e-01 7.147362e-01 -6.812266e-02 1.292360e+00 -3.307915e+00 -1.912249e-01 -4.509872e-01 1.076027e+00 6.212553e-01 -6.009063e-01 2.696697e-01 2.988609e-01 7.405550e-01 -9.740087e-03 -6.341063e-02 5.283769e-01 -8.007299e-01
<VARIANCE> 25
 4.386142e+01 2.505358e+01 3.579811e+01 3.807916e+01 3.485551e+01 4.507743e+01 3.397901e+01 3.408918e+01 3.280163e+01 2.652843e+01 2.596781e+01 2.262995e+01 3.632116e+00 4.180480e+00 3.936030e+00 4.639959e+00 5.272797e+00 4.837997e+00 4.091346e+00 4.214125e+00 3.817174e+00 3.543594e+00 3.271865e+00 2.587088e+00 3.082232e+00
<GCONST> 1.053034e+02
<STATE> 3
<MEAN> 25
 -1.341600e+01 -2.512929e+00 -3.688473e+00 3.780388e+00 2.841663e+00 -1.489261e+00 5.805904e-01 6.963695e-01 1.549663e+00 1.325089e+00 8.920455e-01 3.042125e+00 -4.852837e-01 -4.615808e-01 -2.758843e-01 -7.827953e-02 -3.548469e-02 -4.582381e-03 -8.682054e-04 3.153113e-02 3.281736e-02 4.058283e-02 7.963542e-02 8.271294e-02 -8.846102e-02
<VARIANCE> 25
 2.043948e+01 2.228404e+01 2.494182e+01 2.106086e+01 2.521072e+01 2.703191e+01 2.663264e+01 2.713238e+01 2.470399e+01 2.188284e+01 2.063168e+01 1.876165e+01 1.667358e+00 1.150141e+00 1.381832e+00 1.396186e+00 1.575840e+00 1.732136e+00 1.742692e+00 1.733758e+00 1.730244e+00 1.671242e+00 1.546799e+00 1.435445e+00 1.447831e+00
<GCONST> 8.933838e+01
<STATE> 4
<MEAN> 25
 -8.295672e+00 -2.177451e+00 -3.760880e+00 2.493198e+00 3.188123e+00 -6.967849e-01 1.424979e+00 2.173231e-01 1.032000e+00 1.051044e+00 8.229577e-01 2.088242e+00 3.627058e+00 6.416402e-01 3.321913e-01 -1.182259e+00 -8.037679e-01 4.900268e-01 -2.470603e-01 -3.770026e-01 -5.146428e-01 -2.565475e-01 6.634954e-02 -7.653455e-01 6.946518e-01
<VARIANCE> 25
 5.419144e+01 2.770216e+01 3.179791e+01 3.527723e+01 3.283419e+01 3.558441e+01 3.072212e+01 3.168870e+01 2.855700e+01 2.468907e+01 2.230010e+01 2.015440e+01 7.500405e+00 4.043637e+00 4.840582e+00 5.809313e+00 4.152480e+00 5.277289e+00 3.841547e+00 3.912452e+00 3.854425e+00 3.356132e+00 3.029150e+00 2.950340e+00 6.978545e+00
<GCONST> 1.061330e+02
<TRANSP> 5
 0.000000e+00 1.000000e+00 0.000000e+00 0.000000e+00 0.000000e+00
 0.000000e+00 6.925695e-01 3.074305e-01 0.000000e+00 0.000000e+00
 0.000000e+00 0.000000e+00 8.564832e-01 1.435169e-01 0.000000e+00
 0.000000e+00 0.000000e+00 0.000000e+00 6.689699e-01 3.310302e-01
 0.000000e+00 0.000000e+00 0.000000e+00 0.000000e+00 0.000000e+00
<ENDHMM>
~h "G"
<BEGINHMM>
<NUMSTATES> 5
<STATE> 2
<MEAN> 25
 7.937056e+00 5.774943e+00 7.129194e+00 4.587399e+00 -2.425643e+00 -3.548525e+00 -2.071204e+00 -1.142063e+00 -3.530800e+00 2.377222e+00 -7.625579e-01 -3.351395e+00 4.369080e-01 1.424935e+00 7.060062e-01 1.060412e+00 3.727729e-01 -3.719750e-01 7.856756e-01 -3.832141e-01 -1.311626e-01 -2.312679e-01 -3.735763e-01 -2.996549e-02 -1.888324e+00
<VARIANCE> 25
 2.472618e+01 4.336549e+01 4.063909e+01 3.634463e+01 5.300460e+01 4.919663e+01 6.015204e+01 5.482420e+01 4.730865e+01 4.063903e+01 3.798434e+01 3.326963e+01 2.292082e+00 2.495442e+00 3.096375e+00 3.140325e+00 4.464349e+00 3.676341e+00 3.962077e+00 4.211775e+00 4.708508e+00 3.241822e+00 3.048947e+00 2.684825e+00 4.718791e+00
<GCONST> 1.069033e+02
<STATE> 3
<MEAN> 25
 3.962577e+00 5.837849e+00 5.405577e+00 6.133990e+00 2.021556e+00 -3.531190e+00 2.434500e-01 -1.741447e+00 -3.620738e+00 2.013766e+00 -2.219095e+00 -6.004819e-01 -2.428278e+00 -2.197356e+00 -1.839494e+00 -7.525040e-01 1.540255e+00 -5.388039e-01 -8.078049e-01 6.876019e-01 -2.133725e-01 1.796284e-01 1.798696e-01 1.442012e+00 3.440570e+00
<VARIANCE> 25
 4.694330e+01 5.624641e+01 6.703619e+01 3.496252e+01 7.248659e+01 4.803514e+01 4.667115e+01 4.308793e+01 4.341337e+01 3.126964e+01 2.833075e+01 3.283039e+01 2.577007e+00 3.890588e+00 6.015802e+00 3.992163e+00 7.139099e+00 5.524429e+00 5.002045e+00 5.604974e+00 5.163490e+00 3.841697e+00 4.092049e+00 3.173342e+00 4.756565e+00
<GCONST> 1.109986e+02
<STATE> 4
<MEAN> 25
 9.008200e-01 -2.651813e-01 2.987449e+00 1.682078e+00 -2.913589e+00 -7.091092e+00 -4.924488e+00 1.866217e+00 -3.057173e+00 2.846851e+00 2.509615e+00 1.057727e+00 3.989701e-01 -1.138737e+00 1.377858e-01 -1.986370e+00 -2.822278e+00 1.306759e-02 -1.127441e+00 1.425089e+00 1.047653e+00 -3.790170e-02 1.516994e+00 -6.194261e-01 2.756919e+00
<VARIANCE> 25
 2.146686e+01 2.891215e+01 6.589097e+01 3.327135e+01 9.155614e+01 5.569722e+01 5.984272e+01 5.119114e+01 4.983489e+01 3.679295e+01 4.437930e+01 2.991009e+01 2.733094e+00 3.289701e+00 5.321059e+00 3.835762e+00 7.223399e+00 4.696328e+00 5.091833e+00 6.735863e+00 7.488129e+00 3.809937e+00 4.898973e+00 3.642557e+00 2.609833e+00
<GCONST> 1.108029e+02
<TRANSP> 5
 0.000000e+00 1.000000e+00 0.000000e+00 0.000000e+00 0.000000e+00
 0.000000e+00 7.250200e-01 2.749800e-01 0.000000e+00 0.000000e+00
 0.000000e+00 0.000000e+00 5.857316e-01 4.142684e-01 0.000000e+00
 0.000000e+00 0.000000e+00 0.000000e+00 5.440691e-01 4.559309e-01
 0.000000e+00 0.000000e+00 0.000000e+00 0.000000e+00 0.000000e+00
<ENDHMM>
~h "H"
<BEGINHMM>
<NUMSTATES> 5
<STATE> 2
<MEAN> 25
 8.561493e-01 -2.353785e+00 -1.969297e+00 9.917958e-01 7.213391e+00 3.543082e+00 3.136188e+00 2.275539e+00 5.253200e-01 -7.672665e-01 -2.953270e+00 -4.095772e-02 -1.104091e+00 -3.219016e-02 2.740131e-01 1.105775e+00 1.594929e+00 5.461767e-01 9.461659e-01 2.739059e-01 3.769116e-01 -1.943055e-01 1.032870e-03 6.548967e-01 -9.265906e-01
<VARIANCE> 25
 2.240119e+01 3.591359e+01 4.684986e+01 4.253346e+01 6.483076e+01 5.312679e+01 4.930860e+01 5.045087e+01 4.519493e+01 4.008520e+01 4.271571e+01 3.452911e+01 1.734860e+00 3.153527e+00 3.781464e+00 3.270646e+00 3.779151e+00 3.549061e+00 3.621160e+00 3.896984e+00 3.435628e+00 3.238285e+00 3.194351e+00 2.780400e+00 1.939409e+00
<GCONST> 1.057096e+02
<STATE> 3
<MEAN> 25
 -2.777244e+00 -4.005919e+00 -1.944868e+00 1.883306e+00 8.590581e+00 3.996697e+00 4.875274e+00 3.479990e+00 2.018427e+00 -5.495418e-01 -1.996047e+00 1.652664e+00 -4.765999e-01 -3.583003e-01 -3.569415e-01 -3.809127e-01 -2.464664e-01 -2.544009e-01 -1.658080e-01 -1.441546e-01 7.846154e-02 4.379737e-02 1.974772e-01 1.718246e-01 -7.728456e-01
<VARIANCE> 25
 2.913283e+01 4.026283e+01 4.847446e+01 4.162477e+01 6.804263e+01 5.313947e+01 5.498304e+01 4.774011e+01 4.308494e+01 4.147532e+01 3.791557e+01 3.240465e+01 1.638356e+00 2.973854e+00 2.730957e+00 2.554497e+00 3.220240e+00 3.151520e+00 3.254361e+00 3.261826e+00 2.942811e+00 2.756587e+00 2.674000e+00 2.234560e+00 3.864584e+00
<GCONST> 1.047303e+02
<STATE> 4
<MEAN> 25
 -3.664307e+00 -6.279094e+00 -5.687446e+00 -8.238699e-01 7.360767e+00 3.034364e+00 2.635921e+00 1.128392e+00 1.755662e+00 -9.886426e-01 -1.550509e+00 8.347887e-01 4.717820e-01 3.718722e-01 2.511580e-02 -1.296540e-01 -4.755556e-01 -1.292609e-01 -1.373405e-01 -2.385009e-01 -2.073966e-01 -4.123139e-02 -1.733147e-02 -2.405946e-01 -1.618050e-01
<VARIANCE> 25
 3.410082e+01 5.011460e+01 4.274363e+01 3.564985e+01 4.773113e+01 4.214632e+01 4.256941e+01 3.967177e+01 3.776695e+01 3.515100e+01 3.419469e+01 2.878302e+01 2.141290e+00 2.319900e+00 2.154190e+00 2.009184e+00 2.245534e+00 2.230146e+00 2.429607e+00 2.329165e+00 2.316622e+00 2.156189e+00 2.032340e+00 2.016125e+00 2.967995e+00
<GCONST> 1.003600e+02
<TRANSP> 5
 0.000000e+00 1.000000e+00 0.000000e+00 0.000000e+00 0.000000e+00
 0.000000e+00 4.761359e-01 5.238641e-01 0.000000e+00 0.000000e+00
 0.000000e+00 0.000000e+00 5.673517e-01 4.326482e-01 0.000000e+00
 0.000000e+00 0.000000e+00 0.000000e+00 7.533000e-01 2.467000e-01
 0.000000e+00 0.000000e+00 0.000000e+00 0.000000e+00 0.000000e+00
<ENDHMM>
~h "I"
<BEGINHMM>
<NUMSTATES> 5
<STATE> 2
<MEAN> 25
 -4.108816e-01 1.373202e+00 1.365390e+01 2.070370e+00 -9.529994e+00 -5.772056e+00 -3.509839e+00 -2.297952e+00 -7.553329e+00 -1.040479e+00 4.034225e+00 6.783962e-01 5.464570e-01 6.093290e-02 2.933533e+00 -4.544444e-01 -3.072311e+00 3.133104e-01 -1.380995e+00 -6.191300e-01 -1.819850e+00 -8.326194e-02 1.377169e+00 -4.686262e-01 1.813580e+00
<VARIANCE> 25
 2.694379e+01 3.649991e+01 4.686847e+01 3.731741e+01 5.018279e+01 4.495751e+01 5.012595e+01 5.243183e+01 4.431841e+01 3.743128e+01 3.266262e+01 2.732252e+01 5.354127e+00 3.136633e+00 4.626210e+00 4.384186e+00 4.424179e+00 4.899302e+00 6.355860e+00 5.889047e+00 5.364084e+00 4.755951e+00 3.710387e+00 3.312091e+00 4.157376e+00
<GCONST> 1.098102e+02
<STATE> 3
<MEAN> 25
 -5.060291e-01 3.403576e+00 1.907347e+01 -7.841390e-01 -1.404749e+01 -1.586452e+00 -6.763536e+00 -5.256013e+00 -9.468006e+00 -5.521846e-01 5.304854e+00 -1.273986e+00 5.991289e-02 1.228039e-01 -3.290232e-04 -1.275222e-01 -1.617553e-01 1.117118e-01 1.998132e-02 -6.398500e-02 3.250065e-02 1.596183e-01 6.553122e-03 -5.333015e-02 -1.124332e-01
<VARIANCE> 25
 1.092121e+01 2.767359e+01 2.923703e+01 3.791507e+01 2.618184e+01 4.597779e+01 3.843630e+01 4.420577e+01 3.692702e+01 4.835839e+01 3.717697e+01 3.288025e+01 5.152621e-01 1.162576e+00 1.320114e+00 1.335932e+00 1.542970e+00 1.876373e+00 1.848822e+00 2.100585e+00 1.660224e+00 1.537584e+00 1.432737e+00 1.214406e+00 8.661222e-01
<GCONST> 9.161811e+01
<STATE> 4
<MEAN> 25
 1.019950e+00 4.002762e+00 1.326085e+01 2.381562e+00 -9.834562e+00 -4.939689e+00 -2.199987e+00 -3.472111e+00 -6.868894e+00 -8.019357e-02 3.304038e+00 2.480133e-02 2.263162e-01 3.153838e-01 -1.666476e+00 5.793062e-01 1.576601e+00 -2.955472e-01 8.006294e-01 3.320516e-01 9.917198e-01 -4.376120e-02 -7.607755e-01 2.221352e-01 -1.920201e+00
<VARIANCE> 25
 1.885582e+01 3.617579e+01 3.856028e+01 3.633363e+01 4.938286e+01 5.563918e+01 4.502495e+01 5.289371e+01 4.179541e+01 4.032130e+01 4.031839e+01 3.072916e+01 2.274025e+00 2.749920e+00 2.542823e+00 2.749275e+00 3.726650e+00 3.472064e+00 4.117510e+00 4.535287e+00 3.926582e+00 3.230313e+00 3.061817e+00 2.485775e+00 3.904106e+00
<GCONST> 1.051599e+02
<TRANSP> 5
 0.000000e+00 1.000000e+00 0.000000e+00 0.000000e+00 0.000000e+00
 0.000000e+00 6.315570e-01 3.684429e-01 0.000000e+00 0.000000e+00
 0.000000e+00 0.000000e+00 7.900863e-01 2.099137e-01 0.000000e+00
 0.000000e+00 0.000000e+00 0.000000e+00 7.775719e-01 2.224282e-01
 0.000000e+00 0.000000e+00 0.000000e+00 0.000000e+00 0.000000e+00
<ENDHMM>
~h "J"
<BEGINHMM>
<NUMSTATES> 5
<STATE> 2
<MEAN> 25
 4.706212e+00 8.739111e+00 9.878630e+00 5.531457e+00 -2.321695e+00 -4.310935e+00 -5.196283e-01 1.453599e+00 -1.317912e+00 -3.149281e+00 -4.429233e-01 1.126049e+00 -7.768267e-02 1.355364e+00 5.052331e-01 3.144234e-01 8.992884e-01 1.738066e-01 8.711812e-01 6.866512e-02 3.273207e-01 -1.006214e-01 -3.353577e-01 -7.473082e-02 -1.396320e+00
<VARIANCE> 25
 3.166253e+01 3.880035e+01 3.626543e+01 2.800245e+01 4.236966e+01 4.301994e+01 4.889721e+01 3.762136e+01 4.035662e+01 3.185829e+01 2.761034e+01 2.608678e+01 4.886552e+00 2.971306e+00 2.978321e+00 2.854963e+00 3.817799e+00 3.087309e+00 4.017826e+00 3.945161e+00 3.744967e+00 2.915942e+00 2.519817e+00 2.372834e+00 5.817571e+00
<GCONST> 1.047336e+02
<STATE> 3
<MEAN> 25
 -7.333368e+00 9.294823e+00 8.405827e+00 2.895359e+00 3.264173e+00 -3.033360e+00 1.621843e+00 -1.063641e+00 -1.956633e+00 -1.368492e+00 3.901304e-01 3.171819e+00 -1.701264e+00 -1.154633e+00 3.927120e-01 -4.923089e-01 -1.191285e+00 -9.297928e-01 -9.149470e-01 -4.964838e-01 -6.157286e-01 -1.074825e-01 9.579725e-01 9.955596e-01 3.453912e+00
<VARIANCE> 25
 6.766026e+01 3.886718e+01 4.711629e+01 3.345906e+01 4.729323e+01 4.435388e+01 3.480882e+01 3.074644e+01 2.988648e+01 2.231256e+01 2.219361e+01 2.057149e+01 1.324389e+01 3.760836e+00 4.721467e+00 4.200029e+00 9.702106e+00 4.603075e+00 4.071294e+00 3.991624e+00 3.712851e+00 2.689036e+00 2.532193e+00 2.179740e+00 3.595129e+00
<GCONST> 1.072065e+02
<STATE> 4
<MEAN> 25
 -1.535763e-01 3.547966e-01 1.116072e+01 1.114181e+00 -1.059213e+01 -9.067574e+00 -6.477415e+00 2.251582e+00 -2.011395e+00 -2.629935e+00 5.572951e+00 5.344284e+00 2.551426e+00 -2.959169e+00 -1.375910e+00 -1.077471e+00 -2.030080e+00 1.317874e-01 -1.614630e+00 2.328522e+00 1.546477e+00 5.243576e-01 2.306702e-01 -1.175443e+00 1.515492e+00
<VARIANCE> 25
 1.400908e+01 2.786462e+01 2.617211e+01 3.800292e+01 2.691138e+01 2.152385e+01 3.189773e+01 5.056824e+01 4.272918e+01 2.830040e+01 2.398735e+01 2.062283e+01 2.653123e+00 2.790259e+00 4.648014e+00 3.059977e+00 7.444551e+00 3.633568e+00 5.741274e+00 7.036943e+00 5.132238e+00 3.165912e+00 4.566003e+00 2.989699e+00 1.170901e+00
<GCONST> 1.030784e+02
<TRANSP> 5
 0.000000e+00 1.000000e+00 0.000000e+00 0.000000e+00 0.000000e+00
 0.000000e+00 7.988881e-01 2.011119e-01 0.000000e+00 0.000000e+00
 0.000000e+00 0.000000e+00 7.738818e-01 2.261182e-01 0.000000e+00
 0.000000e+00 0.000000e+00 0.000000e+00 6.232473e-01 3.767527e-01
 0.000000e+00 0.000000e+00 0.000000e+00 0.000000e+00 0.000000e+00
<ENDHMM>
~h "K"
<BEGINHMM>
<NUMSTATES> 5
<STATE> 2
<MEAN> 25
 -1.115748e+00 3.346333e+00 -1.734596e+00 1.378610e+00 1.602128e+00 -2.682995e+00 1.166667e+00 -6.290861e-01 -1.419298e-01 1.446645e+00 -1.042002e+00 2.808889e-01 -1.103210e+00 -2.708259e-01 -5.985779e-01 2.225722e-01 5.990127e-01 -1.963935e-01 1.920547e-01 1.919012e-01 1.749438e-01 -1.881491e-02 -9.242198e-02 5.398443e-01 -1.029698e+00
<VARIANCE> 25
 3.366342e+01 3.233599e+01 3.892303e+01 3.600233e+01 4.574103e+01 4.589722e+01 4.391056e+01 4.468787e+01 4.084164e+01 3.501133e+01 3.272583e+01 2.999986e+01 2.425127e+00 3.777169e+00 3.585273e+00 3.138410e+00 4.364312e+00 3.889439e+00 3.773256e+00 3.666587e+00 3.434285e+00 3.104646e+00 2.857758e+00 2.484459e+00 8.173305e+00
<GCONST> 1.060927e+02
<STATE> 3
<MEAN> 25
 -5.219618e+00 -2.453660e+00 -6.342411e+00 8.667190e-01 5.352968e+00 -3.841449e+00 -3.420382e-01 1.100426e+00 -5.029605e-01 2.664255e+00 -1.616108e+00 2.782264e+00 -8.419907e-01 -2.237529e+00 -2.274483e+00 -9.961491e-01 1.386175e+00 -6.645614e-01 -1.045277e+00 9.443575e-01 -1.291490e-02 9.707525e-01 -5.559086e-01 2.470669e-01 5.077991e+00
<VARIANCE> 25
 2.812345e+01 6.134385e+01 6.856441e+01 4.742232e+01 5.663948e+01 5.524334e+01 5.456934e+01 4.495513e+01 4.403985e+01 3.458088e+01 3.130274e+01 2.900654e+01 3.742491e+00 4.962003e+00 6.695905e+00 5.334915e+00 6.249989e+00 6.187837e+00 5.521493e+00 5.318534e+00 5.130066e+00 4.425109e+00 4.102124e+00 3.769474e+00 1.006737e+01
<GCONST> 1.131826e+02
<STATE> 4
<MEAN> 25
 -3.403137e+00 -2.866869e+00 -7.743559e+00 -2.400887e+00 4.863448e+00 -4.009398e+00 -1.750244e+00 2.832484e+00 -2.045995e-01 4.071873e+00 -2.631909e+00 3.911113e-01 2.115730e+00 3.821207e-01 1.535585e+00 -9.717463e-01 -1.907754e+00 6.529894e-01 7.414104e-02 2.548441e-01 1.581258e-01 -5.679517e-01 4.895429e-01 -1.495515e+00 2.755962e+00
<VARIANCE> 25
 3.725769e+01 3.918128e+01 6.452967e+01 5.072421e+01 6.079880e+01 6.458073e+01 5.125822e+01 4.974776e+01 5.207010e+01 4.033218e+01 3.696031e+01 3.865098e+01 4.367283e+00 4.869097e+00 5.766372e+00 5.073617e+00 5.578356e+00 5.405732e+00 5.891435e+00 5.745762e+00 5.676954e+00 4.157666e+00 4.311474e+00 4.434423e+00 7.138202e+00
<GCONST> 1.137990e+02
<TRANSP> 5
 0.000000e+00 1.000000e+00 0.000000e+00 0.000000e+00 0.000000e+00
 0.000000e+00 6.834180e-01 3.165820e-01 0.000000e+00 0.000000e+00
 0.000000e+00 0.000000e+00 5.384604e-01 4.615395e-01 0.000000e+00
 0.000000e+00 0.000000e+00 0.000000e+00 5.288262e-01 4.711738e-01
 0.000000e+00 0.000000e+00 0.000000e+00 0.000000e+00 0.000000e+00
<ENDHMM>
~h "L"
<BEGINHMM>
<NUMSTATES> 5
<STATE> 2
<MEAN> 25
 6.445873e+00 -4.884589e+00 2.170218e-01 -5.283860e+00 -2.974091e+00 1.528786e+00 -8.353737e+00 -4.513037e+00 4.810712e+00 4.219584e+00 1.101718e+00 -2.543569e+00 6.644278e-01 1.410485e-01 7.444314e-01 -6.630044e-01 4.984904e-01 1.224406e-01 -1.477629e+00 -1.486624e+00 1.624528e-01 1.157521e+00 3.641981e-01 -1.320017e-01 -3.775615e-01
<VARIANCE> 25
 1.909144e+01 2.763076e+01 5.363976e+01 6.091553e+01 4.740121e+01 6.956415e+01 6.901669e+01 8.852914e+01 6.054794e+01 4.784562e+01 4.798529e+01 3.968276e+01 1.150217e+00 2.056570e+00 3.404411e+00 4.574770e+00 5.114137e+00 5.802147e+00 4.899255e+00 5.592641e+00 5.066402e+00 4.202240e+00 4.565618e+00 3.468999e+00 1.553837e+00
<GCONST> 1.092175e+02
<STATE> 3
<MEAN> 25
 8.045641e+00 -4.162260e+00 1.926993e-01 -8.387808e+00 -2.139433e+00 3.778957e+00 -9.066890e+00 -7.567985e+00 4.374446e+00 6.335878e+00 2.905643e+00 -2.617656e+00 -9.123083e-03 2.119051e-01 8.175684e-02 -1.829107e-01 2.131542e-01 2.416060e-02 -1.685365e-01 -5.931765e-02 -1.381264e-01 4.605282e-02 5.271008e-02 7.231885e-02 -1.996791e-01
<VARIANCE> 25
 1.271771e+01 2.717774e+01 5.245752e+01 6.832856e+01 4.726679e+01 5.831544e+01 8.150763e+01 7.325592e+01 5.872984e+01 4.675321e+01 4.600711e+01 4.086869e+01 3.809342e-01 8.634463e-01 1.557928e+00 2.099069e+00 1.602413e+00 2.336880e+00 2.360750e+00 2.806741e+00 2.470823e+00 2.079859e+00 2.079138e+00 1.710840e+00 6.445383e-01
<GCONST> 9.780077e+01
<STATE> 4
<MEAN> 25
 6.243456e+00 -2.823414e+00 3.756122e-01 -5.892239e+00 -4.997874e-01 2.108350e+00 -8.321815e+00 -5.279898e+00 3.603605e+00 4.682243e+00 7.503805e-01 -2.193445e+00 -7.253565e-01 -1.922321e-01 -5.138814e-01 7.381183e-01 -9.713639e-02 -2.444375e-01 1.190350e+00 1.571205e+00 -1.354169e-02 -1.006611e+00 -8.075451e-01 -8.442001e-04 -3.630807e-02
<VARIANCE> 25
 1.985020e+01 3.377375e+01 6.314701e+01 7.143148e+01 5.384868e+01 6.211743e+01 8.242930e+01 8.102360e+01 5.857020e+01 5.320964e+01 5.238511e+01 4.164547e+01 1.043334e+00 3.129168e+00 3.542423e+00 4.471945e+00 4.715980e+00 5.264875e+00 5.341659e+00 6.360341e+00 5.606145e+00 4.333785e+00 4.883594e+00 3.548331e+00 3.410166e+00
<GCONST> 1.114761e+02
<TRANSP> 5
 0.000000e+00 1.000000e+00 0.000000e+00 0.000000e+00 0.000000e+00
 0.000000e+00 4.652694e-01 5.347306e-01 0.000000e+00 0.000000e+00
 0.000000e+00 0.000000e+00 6.629917e-01 3.370083e-01 0.000000e+00
 0.000000e+00 0.000000e+00 0.000000e+00 5.124536e-01 4.875464e-01
 0.000000e+00 0.000000e+00 0.000000e+00 0.000000e+00 0.000000e+00
<ENDHMM>
~h "M"
<BEGINHMM>
<NUMSTATES> 5
<STATE> 2
<MEAN> 25
 7.799302e+00 -2.999032e-01 1.542945e+00 2.168528e-01 -8.357357e-01 5.257637e+00 -8.362932e-01 -6.925955e+00 -6.745872e+00 -1.593990e-01 1.128793e+00 -2.564905e+00 5.846095e-01 9.744987e-01 1.849686e+00 1.930515e+00 7.755138e-03 5.310641e-01 5.249734e-01 -2.483317e+00 -2.769395e+00 -3.029793e-01 -5.397598e-01 2.791044e-01 -5.298995e-01
<VARIANCE> 25
 2.705073e+01 3.267823e+01 3.852641e+01 5.664118e+01 4.040892e+01 4.920122e+01 5.313357e+01 5.855590e+01 5.958857e+01 4.097607e+01 5.202604e+01 3.708010e+01 2.247075e+00 2.729723e+00 3.114348e+00 4.296688e+00 3.541560e+00 4.020564e+00 4.955786e+00 5.265620e+00 5.479921e+00 4.316296e+00 5.944350e+00 3.937262e+00 5.425644e+00
<GCONST> 1.097555e+02
<STATE> 3
<MEAN> 25
 8.422284e+00 8.081638e-01 5.731090e+00 3.403345e+00 -1.603497e+00 6.508364e+00 -6.805400e-01 -1.018428e+01 -1.087847e+01 -1.689680e+00 -1.014504e+00 -1.747001e+00 -2.433784e-02 1.513812e-01 1.820877e-01 1.210169e-01 1.254608e-02 1.169459e-01 1.656493e-01 -8.670395e-02 -1.922178e-01 -1.419513e-01 -1.987669e-01 1.278102e-01 -4.622143e-02
<VARIANCE> 25
 1.028559e+01 2.161379e+01 2.446049e+01 3.867815e+01 4.398260e+01 6.100137e+01 6.085886e+01 5.579121e+01 5.245379e+01 5.513044e+01 6.211399e+01 4.109033e+01 3.538272e-01 8.663133e-01 8.447261e-01 1.228031e+00 1.325864e+00 1.564252e+00 1.464896e+00 1.734693e+00 1.974002e+00 1.745900e+00 2.028161e+00 1.414081e+00 1.095736e+00
<GCONST> 9.294126e+01
<STATE> 4
<MEAN> 25
 8.127995e+00 9.289733e-01 3.480578e+00 1.148199e+00 -1.212264e+00 5.858905e+00 3.703017e-01 -9.001985e+00 -9.469005e+00 -1.468627e+00 -3.712356e-01 -1.287693e+00 -1.349929e-01 -6.211373e-01 -1.726396e+00 -1.953713e+00 1.145348e-02 -3.791307e-01 -4.208269e-01 1.965627e+00 2.201914e+00 3.295897e-01 8.274909e-01 -3.631517e-01 1.024391e+00
<VARIANCE> 25
 1.436154e+01 2.680054e+01 3.383926e+01 4.990199e+01 4.183350e+01 5.103655e+01 5.037886e+01 5.441277e+01 5.710853e+01 4.444963e+01 5.623845e+01 3.485454e+01 1.176215e+00 2.691602e+00 3.912465e+00 4.744530e+00 3.680920e+00 3.807058e+00 4.409313e+00 4.729348e+00 5.845971e+00 3.861137e+00 5.110263e+00 3.724727e+00 3.881499e+00
<GCONST> 1.075044e+02
<TRANSP> 5
 0.000000e+00 1.000000e+00 0.000000e+00 0.000000e+00 0.000000e+00
 0.000000e+00 6.203871e-01 3.796129e-01 0.000000e+00 0.000000e+00
 0.000000e+00 0.000000e+00 7.628587e-01 2.371413e-01 0.000000e+00
 0.000000e+00 0.000000e+00 0.000000e+00 5.544834e-01 4.455166e-01
 0.000000e+00 0.000000e+00 0.000000e+00 0.000000e+00 0.000000e+00
<ENDHMM>
~h "N"
<BEGINHMM>
<NUMSTATES> 5
<STATE> 2
<MEAN> 25
 7.800028e+00 -3.174706e+00 3.204346e+00 2.363457e+00 -4.018239e+00 -2.133224e+00 -4.549539e+00 -1.766088e+00 1.055478e+00 1.044377e+00 -4.574382e+00 -3.098530e+00 6.322609e-01 2.241898e+00 1.837598e+00 2.020348e+00 -5.774414e-01 -5.955060e-01 3.332145e-01 -3.633569e+00 -1.116660e+00 1.092922e+00 -7.172294e-01 6.337993e-01 -2.158218e+00
<VARIANCE> 25
 9.856626e+00 3.577189e+01 3.681511e+01 3.689580e+01 3.659481e+01 4.343811e+01 4.516340e+01 9.849829e+01 5.596944e+01 4.056123e+01 3.917976e+01 3.662294e+01 7.197713e-01 1.815451e+00 3.225934e+00 2.878489e+00 3.609778e+00 5.088668e+00 5.007957e+00 5.597498e+00 4.907560e+00 4.561297e+00 4.525178e+00 3.336773e+00 9.651630e-01
<GCONST> 1.043219e+02
<STATE> 3
<MEAN> 25
 8.483068e+00 1.782068e+00 7.046196e+00 5.669818e+00 -5.384812e+00 -2.092271e+00 -2.816272e+00 -8.329955e+00 -1.905205e+00 2.715350e+00 -5.362227e+00 -1.055951e+00 2.354977e-02 5.751743e-01 1.949640e-01 2.748586e-01 1.152856e-01 1.214927e-01 2.317297e-01 -2.845348e-01 -3.768722e-01 8.775277e-02 -3.793493e-02 2.235908e-01 -6.613505e-01
<VARIANCE> 25
 9.005307e+00 1.909325e+01 2.579618e+01 3.041288e+01 3.594523e+01 5.086459e+01 5.257187e+01 5.518594e+01 5.298849e+01 4.493604e+01 5.200163e+01 4.484316e+01 3.078799e-01 8.460196e-01 9.162148e-01 9.828693e-01 1.386408e+00 1.491865e+00 1.734215e+00 2.132898e+00 1.955185e+00 1.739741e+00 1.775124e+00 1.473740e+00 5.895023e-01
<GCONST> 9.101514e+01
<STATE> 4
<MEAN> 25
 5.481981e+00 4.384148e+00 5.635868e+00 6.243826e+00 -7.603965e-01 -1.778881e+00 -8.531445e-01 -6.086806e+00 -2.891135e+00 1.378041e+00 -5.188718e+00 -3.958816e-01 -9.575883e-01 5.936824e-02 -5.853877e-01 -4.230948e-01 9.649617e-01 1.070355e-01 1.512820e-01 1.129289e+00 1.502017e-01 -6.247978e-01 4.659790e-01 4.936586e-02 -9.765990e-01
<VARIANCE> 25
 2.749616e+01 3.355648e+01 3.071741e+01 3.421314e+01 4.938615e+01 3.978465e+01 5.281070e+01 6.430157e+01 5.120887e+01 4.832830e+01 4.707497e+01 3.750644e+01 1.757296e+00 3.403578e+00 2.796495e+00 3.094107e+00 3.798553e+00 3.704737e+00 4.273536e+00 5.378800e+00 4.237750e+00 3.602439e+00 3.576260e+00 2.950548e+00 4.695388e+00
<GCONST> 1.070894e+02
<TRANSP> 5
 0.000000e+00 1.000000e+00 0.000000e+00 0.000000e+00 0.000000e+00
 0.000000e+00 6.165504e-01 3.834496e-01 0.000000e+00 0.000000e+00
 0.000000e+00 0.000000e+00 7.629029e-01 2.370972e-01 0.000000e+00
 0.000000e+00 0.000000e+00 0.000000e+00 6.800902e-01 3.199098e-01
 0.000000e+00 0.000000e+00 0.000000e+00 0.000000e+00 0.000000e+00
<ENDHMM>
~h "O"
<BEGINHMM>
<NUMSTATES> 5
<STATE> 2
<MEAN> 25
 6.813797e+00 -6.390978e-01 -5.781296e+00 -9.986491e+00 -3.820154e+00 6.695250e+00 -4.734035e+00 -1.940385e+00 1.400425e+00 1.769895e+00 4.493214e+00 -1.014091e+00 1.629915e+00 -5.086380e-01 -7.280743e-01 -2.900106e+00 -1.274026e+00 2.536091e+00 -2.843033e-01 -9.265577e-02 4.568357e-01 -3.175681e-02 1.333194e+00 -5.273269e-01 1.947203e+00
<VARIANCE> 25
 2.459464e+01 3.457829e+01 3.671675e+01 8.010790e+01 4.994500e+01 5.650557e+01 7.108727e+01 5.243177e+01 5.661599e+01 5.309503e+01 4.560009e+01 3.587608e+01 3.939917e+00 2.793274e+00 5.171597e+00 5.372715e+00 6.769245e+00 5.047329e+00 5.163714e+00 6.134482e+00 5.331037e+00 5.524258e+00 4.410165e+00 3.809831e+00 4.655046e+00
<GCONST> 1.127082e+02
<STATE> 3
<MEAN> 25
 8.567219e+00 -1.359906e+00 -6.872981e+00 -1.675828e+01 -5.323057e+00 1.263210e+01 -3.017369e+00 -1.853753e+00 1.542438e+00 -3.149511e-01 6.840628e+00 -6.355400e-01 6.188149e-02 -5.969816e-02 -1.136148e-01 -3.325238e-01 9.818537e-02 3.687496e-01 1.889970e-01 -8.528726e-03 -6.657912e-02 -7.861682e-02 1.055751e-01 1.344852e-02 3.127645e-02
<VARIANCE> 25
 1.057494e+01 3.000951e+01 2.614382e+01 4.722208e+01 4.162241e+01 3.577824e+01 5.464324e+01 4.677427e+01 4.410139e+01 5.368888e+01 3.924732e+01 3.793437e+01 3.168700e-01 1.006224e+00 8.603275e-01 1.941507e+00 1.473558e+00 1.721923e+00 1.994960e+00 1.795318e+00 2.109874e+00 2.256725e+00 1.630471e+00 1.570774e+00 7.036274e-01
<GCONST> 9.277934e+01
<STATE> 4
<MEAN> 25
 7.756977e+00 3.865717e-01 -6.533244e+00 -1.212690e+01 -2.543726e+00 8.650257e+00 -2.706820e+00 -2.197421e+00 2.611833e-01 1.747768e+00 4.389389e+00 -1.043119e+00 -3.313230e-01 2.731650e-01 5.172272e-01 1.951043e+00 5.812795e-01 -1.476897e+00 1.108645e-01 -1.251199e-01 5.906262e-02 2.880933e-01 -9.369513e-01 -8.695474e-02 -1.596864e+00
<VARIANCE> 25
 1.468707e+01 4.293796e+01 2.881645e+01 5.201147e+01 4.646490e+01 4.537922e+01 7.002406e+01 4.949623e+01 5.437932e+01 5.709780e+01 4.471446e+01 4.358903e+01 1.155540e+00 2.477535e+00 2.112876e+00 3.628777e+00 3.546753e+00 3.546403e+00 3.938082e+00 3.844803e+00 4.158688e+00 4.076620e+00 3.300529e+00 2.958154e+00 3.261368e+00
<GCONST> 1.057558e+02
<TRANSP> 5
 0.000000e+00 1.000000e+00 0.000000e+00 0.000000e+00 0.000000e+00
 0.000000e+00 6.101270e-01 3.898730e-01 0.000000e+00 0.000000e+00
 0.000000e+00 0.000000e+00 7.889230e-01 2.110770e-01 0.000000e+00
 0.000000e+00 0.000000e+00 0.000000e+00 7.605986e-01 2.394014e-01
 0.000000e+00 0.000000e+00 0.000000e+00 0.000000e+00 0.000000e+00
<ENDHMM>
~h "P"
<BEGINHMM>
<NUMSTATES> 5
<STATE> 2
<MEAN> 25
 1.886019e+00 5.417396e+00 -1.406772e+00 5.329634e-01 1.883484e+00 6.593514e-01 1.859484e+00 -2.770126e+00 -8.260993e-01 5.817568e-01 -7.040227e-01 -4.171318e-01 -1.292954e+00 1.512705e-01 -1.396988e-01 4.002325e-01 2.211989e-01 -6.532468e-01 2.784535e-01 2.807228e-01 3.008142e-01 -4.117281e-02 -8.752009e-02 4.701346e-01 -1.328214e+00
<VARIANCE> 25
 3.941536e+01 2.467267e+01 3.378522e+01 3.428033e+01 2.757843e+01 4.058897e+01 3.280750e+01 3.278104e+01 3.957850e+01 2.822271e+01 2.851506e+01 2.865175e+01 1.714620e+00 2.315172e+00 2.028865e+00 2.360325e+00 2.330959e+00 2.664093e+00 2.455470e+00 2.483903e+00 2.854289e+00 2.387732e+00 2.494480e+00 2.083465e+00 7.038183e+00
<GCONST> 9.970435e+01
<STATE> 3
<MEAN> 25
 -4.060588e+00 3.247085e+00 -1.012757e+00 2.417114e+00 2.800422e+00 -1.718862e+00 2.155770e+00 -1.012230e+00 -9.522127e-02 6.908463e-02 -4.877363e-01 2.061431e+00 1.694205e-01 -1.873993e+00 -6.042148e-01 -8.365755e-01 -2.465753e-01 -8.625294e-03 -6.216145e-01 8.192339e-02 1.166765e-01 4.900514e-02 6.443788e-01 1.396904e-01 5.650029e+00
<VARIANCE> 25
 2.206058e+01 2.870736e+01 2.247588e+01 2.218125e+01 2.548719e+01 2.591729e+01 3.141836e+01 2.983233e+01 3.035072e+01 2.191952e+01 2.129777e+01 2.004325e+01 4.256960e+00 3.076086e+00 3.792890e+00 4.331720e+00 3.412523e+00 4.801470e+00 3.605050e+00 3.778970e+00 4.055580e+00 3.215777e+00 3.128960e+00 2.741420e+00 7.433976e+00
<GCONST> 1.020052e+02
<STATE> 4
<MEAN> 25
 4.137482e-01 -1.750991e+00 -4.496235e+00 -2.871517e+00 7.090011e-01 3.050045e-01 3.034551e-01 -1.947897e+00 2.797496e-01 6.140215e-01 1.798719e+00 6.884542e-01 2.924033e+00 -2.326268e+00 -1.059000e+00 -3.160642e+00 -1.414482e+00 2.146601e+00 -1.245285e+00 -7.110474e-03 2.618530e-01 2.555608e-01 1.074278e+00 -1.480642e+00 6.878128e+00
<VARIANCE> 25
 4.297322e+01 2.814824e+01 2.685797e+01 6.096875e+01 2.920430e+01 5.831548e+01 3.073678e+01 2.837894e+01 2.843668e+01 2.420729e+01 2.536477e+01 2.595046e+01 3.884754e+00 6.323654e+00 6.338773e+00 7.392270e+00 5.687294e+00 8.791738e+00 5.759369e+00 6.263133e+00 6.249959e+00 4.725839e+00 4.705197e+00 4.892526e+00 9.229585e+00
<GCONST> 1.109715e+02
<TRANSP> 5
 0.000000e+00 1.000000e+00 0.000000e+00 0.000000e+00 0.000000e+00
 0.000000e+00 7.538582e-01 2.461418e-01 0.000000e+00 0.000000e+00
 0.000000e+00 0.000000e+00 3.827963e-01 6.172038e-01 0.000000e+00
 0.000000e+00 0.000000e+00 0.000000e+00 4.085948e-01 5.914052e-01
 0.000000e+00 0.000000e+00 0.000000e+00 0.000000e+00 0.000000e+00
<ENDHMM>
~h "Q"
<BEGINHMM>
<NUMSTATES> 5
<STATE> 2
<MEAN> 25
 -3.793305e+00 -1.865781e-01 -4.228745e+00 1.136515e+00 4.402092e+00 -1.649197e+00 2.442333e-01 -1.902469e+00 2.701510e-01 2.838670e+00 -3.039898e-01 8.528121e-01 -3.340205e-01 -5.191447e-01 -8.831042e-01 -2.989686e-01 7.980743e-01 2.103960e-01 2.492629e-01 1.456581e-01 9.723370e-02 2.584139e-01 -3.083049e-01 2.694792e-01 4.549425e-01
<VARIANCE> 25
 4.304300e+01 6.267917e+01 5.893111e+01 4.153891e+01 5.994586e+01 7.599383e+01 5.742236e+01 5.697457e+01 4.431073e+01 4.200629e+01 4.270489e+01 3.598222e+01 4.685058e+00 7.359705e+00 5.526209e+00 5.420152e+00 6.114177e+00 6.728740e+00 5.277376e+00 5.475244e+00 4.353725e+00 4.165505e+00 4.016486e+00 3.307263e+00 1.680609e+01
<GCONST> 1.153605e+02
<STATE> 3
<MEAN> 25
 -4.050065e+00 3.753982e-01 -4.987809e+00 -7.345659e-01 3.738639e+00 -1.264280e+00 1.248373e+00 -1.688288e+00 -4.959315e-01 4.466343e+00 -7.128994e-01 1.289514e+00 1.908789e-02 5.493891e-01 5.677089e-02 1.822682e-01 -1.569148e-01 1.071347e-01 5.254027e-01 2.982244e-01 -3.482326e-01 -4.181473e-01 -2.621540e-02 5.665208e-02 -1.184769e+00
<VARIANCE> 25
 3.097104e+01 3.602470e+01 6.506871e+01 4.655477e+01 5.332882e+01 5.577116e+01 5.201316e+01 4.729731e+01 4.755192e+01 3.066228e+01 3.286179e+01 3.376171e+01 2.127924e+00 2.459343e+00 2.573840e+00 2.589243e+00 3.277755e+00 2.553605e+00 3.066256e+00 2.810567e+00 2.699163e+00 2.521491e+00 2.479187e+00 2.278332e+00 6.956714e+00
<GCONST> 1.045016e+02
<STATE> 4
<MEAN> 25
 -3.650524e+00 2.318165e+00 -1.659349e+00 3.100370e+00 2.232627e+00 -2.273557e+00 3.366934e+00 -1.322744e+00 -1.793724e+00 6.340169e-01 -9.429409e-02 1.866948e+00 8.710671e-03 1.712272e-02 2.442088e-02 -2.160970e-02 6.892730e-02 1.318980e-01 1.052989e-01 2.667256e-01 6.945889e-02 -1.626485e-01 -2.938411e-02 -5.804599e-02 -8.295837e-02
<VARIANCE> 25
 1.573445e+01 2.617347e+01 2.622651e+01 2.422249e+01 2.559880e+01 2.741663e+01 2.880287e+01 2.781485e+01 2.510223e+01 2.194601e+01 2.184402e+01 1.768490e+01 9.224216e-01 1.471073e+00 1.561946e+00 1.585749e+00 1.829301e+00 1.794444e+00 1.857129e+00 2.186507e+00 2.165843e+00 1.984912e+00 1.922807e+00 1.809084e+00 1.315176e+00
<GCONST> 9.071066e+01
<TRANSP> 5
 0.000000e+00 1.000000e+00 0.000000e+00 0.000000e+00 0.000000e+00
 0.000000e+00 7.828006e-01 2.171994e-01 0.000000e+00 0.000000e+00
 0.000000e+00 0.000000e+00 6.684695e-01 3.315305e-01 0.000000e+00
 0.000000e+00 0.000000e+00 0.000000e+00 8.218469e-01 1.781531e-01
 0.000000e+00 0.000000e+00 0.000000e+00 0.000000e+00 0.000000e+00
<ENDHMM>
~h "R"
<BEGINHMM>
<NUMSTATES> 5
<STATE> 2
<MEAN> 25
 6.090900e+00 -5.985046e+00 -4.934460e+00 -1.335033e-01 -3.776389e+00 -1.275920e+00 -4.888556e+00 2.985314e-01 6.808934e+00 2.448417e+00 1.671983e-01 -3.178692e+00 5.537603e-01 -1.210118e-02 6.156711e-02 1.823087e+00 -4.317517e-01 -3.319067e-01 -6.609176e-01 -5.896404e-01 6.780413e-01 -1.568227e-01 1.586162e-01 2.530728e-01 -9.329788e-01
<VARIANCE> 25
 1.904874e+01 2.567649e+01 4.106389e+01 3.900600e+01 4.734850e+01 4.958726e+01 5.377780e+01 7.307845e+01 5.115918e+01 4.108539e+01 4.144317e+01 3.838199e+01 2.290057e+00 2.367978e+00 3.332818e+00 5.380311e+00 5.230376e+00 5.254013e+00 5.017504e+00 5.395258e+00 5.149810e+00 4.925240e+00 4.658740e+00 3.689927e+00 3.767582e+00
<GCONST> 1.091717e+02
<STATE> 3
<MEAN> 25
 7.253723e+00 -5.496689e+00 -4.386704e+00 3.719881e+00 -4.437041e+00 -1.820590e+00 -6.393190e+00 -8.993084e-01 7.063600e+00 2.503841e+00 8.934025e-01 -2.946825e+00 -3.105591e-02 3.157885e-01 5.970241e-01 6.597180e-01 3.666539e-01 -3.471958e-01 -1.864119e-01 -3.363788e-02 -7.426535e-01 -1.092120e-01 6.932370e-02 5.255560e-01 -1.007417e+00
<VARIANCE> 25
 1.505500e+01 2.112539e+01 4.489139e+01 3.506813e+01 5.298664e+01 4.648932e+01 5.076961e+01 6.440144e+01 4.919530e+01 4.364696e+01 3.874440e+01 3.374535e+01 1.729085e+00 2.045184e+00 2.905055e+00 2.949908e+00 4.754663e+00 4.454226e+00 4.165483e+00 4.906557e+00 4.580599e+00 3.841655e+00 3.739315e+00 3.189462e+00 2.750785e+00
<GCONST> 1.056602e+02
<STATE> 4
<MEAN> 25
 3.921042e+00 -3.283624e+00 -2.168110e+00 3.508357e+00 -6.380309e-02 -2.534646e+00 -3.560066e+00 3.752607e-01 3.549884e+00 1.294231e+00 -7.621449e-02 -4.904273e-01 -2.991045e-01 2.827671e-01 4.840206e-01 -1.550576e-01 1.022784e-01 2.259981e-02 2.765601e-01 1.088628e-01 -8.095891e-01 -2.094710e-01 9.482896e-02 3.112715e-01 -5.668580e-01
<VARIANCE> 25
 3.519745e+01 2.797546e+01 5.295054e+01 3.566519e+01 5.449368e+01 5.409872e+01 5.669687e+01 5.477122e+01 4.562058e+01 4.162815e+01 4.144285e+01 3.157054e+01 2.343039e+00 2.680886e+00 2.966756e+00 2.306461e+00 3.981407e+00 3.499532e+00 3.532971e+00 3.751338e+00 3.924871e+00 2.999435e+00 2.976362e+00 2.585887e+00 3.247947e+00
<GCONST> 1.058021e+02
<TRANSP> 5
 0.000000e+00 1.000000e+00 0.000000e+00 0.000000e+00 0.000000e+00
 0.000000e+00 3.431224e-01 6.568776e-01 0.000000e+00 0.000000e+00
 0.000000e+00 0.000000e+00 4.112843e-01 5.887157e-01 0.000000e+00
 0.000000e+00 0.000000e+00 0.000000e+00 5.823418e-01 4.176582e-01
 0.000000e+00 0.000000e+00 0.000000e+00 0.000000e+00 0.000000e+00
<ENDHMM>
~h "S"
<BEGINHMM>
<NUMSTATES> 5
<STATE> 2
<MEAN> 25
 -8.062676e+00 6.544082e+00 2.338504e-01 2.021119e+00 5.554324e+00 -4.716978e+00 1.905979e+00 2.057928e+00 9.386705e-01 5.186397e-02 -1.422527e+00 2.363568e+00 -4.569163e+00 1.779218e+00 -7.073420e-01 4.568352e-01 1.555994e+00 -2.466864e-01 1.317792e+00 6.539422e-01 2.326261e-01 -3.090041e-01 5.585078e-01 8.030469e-01 -3.068196e-01
<VARIANCE> 25
 6.665262e+01 4.315022e+01 4.280221e+01 3.418106e+01 4.324179e+01 4.117764e+01 6.612517e+01 4.662181e+01 4.153318e+01 3.147478e+01 3.524366e+01 2.691726e+01 3.109348e+00 5.499369e+00 4.091822e+00 4.182590e+00 5.231591e+00 4.475691e+00 5.230493e+00 5.152349e+00 3.943822e+00 3.475040e+00 3.466482e+00 2.836232e+00 3.156944e+00
<GCONST> 1.089277e+02
<STATE> 3
<MEAN> 25
 -2.253825e+01 7.096035e+00 -4.646255e+00 1.572414e+00 6.901011e+00 -3.452075e+00 4.492121e+00 3.343347e+00 1.767339e+00 7.045023e-01 1.750142e+00 4.733166e+00 -5.870200e-01 -5.327591e-01 -3.884400e-01 -1.983762e-01 -1.885173e-01 6.290868e-02 5.944174e-02 5.608857e-02 1.272045e-01 1.054511e-01 1.661829e-01 1.809784e-01 -2.340944e-01
<VARIANCE> 25
 1.608701e+01 2.317576e+01 3.622967e+01 3.411431e+01 3.644313e+01 3.815340e+01 4.700584e+01 3.668092e+01 3.519036e+01 2.420746e+01 2.494081e+01 2.190899e+01 2.436272e+00 1.403563e+00 1.708666e+00 1.404895e+00 1.621812e+00 1.757710e+00 1.855078e+00 1.859130e+00 1.871952e+00 1.708250e+00 1.663233e+00 1.447538e+00 8.611108e-01
<GCONST> 9.301069e+01
<STATE> 4
<MEAN> 25
 -1.458189e+01 3.775656e+00 -3.206741e+00 6.348902e-01 4.569563e+00 -4.710380e+00 2.150767e+00 2.456704e+00 2.261049e+00 3.587835e-01 -1.932328e-01 3.282881e+00 4.515913e+00 -5.679921e-01 1.035876e+00 -2.766421e-01 -1.186998e+00 2.466707e-02 -1.587910e+00 -9.867936e-01 -6.917277e-02 -4.119280e-02 -7.401953e-01 -1.219395e+00 2.135495e-01
<VARIANCE> 25
 6.688815e+01 3.088150e+01 4.144751e+01 3.220705e+01 3.664982e+01 4.059848e+01 5.728995e+01 4.128920e+01 3.649334e+01 2.716619e+01 2.892010e+01 2.627526e+01 6.558194e+00 4.016647e+00 4.813848e+00 4.030405e+00 3.763686e+00 4.612479e+00 5.340124e+00 5.001209e+00 4.494290e+00 3.032293e+00 3.076356e+00 2.915626e+00 6.301858e+00
<GCONST> 1.084053e+02
<TRANSP> 5
 0.000000e+00 1.000000e+00 0.000000e+00 0.000000e+00 0.000000e+00
 0.000000e+00 7.261863e-01 2.738136e-01 0.000000e+00 0.000000e+00
 0.000000e+00 0.000000e+00 8.471106e-01 1.528894e-01 0.000000e+00
 0.000000e+00 0.000000e+00 0.000000e+00 7.036552e-01 2.963448e-01
 0.000000e+00 0.000000e+00 0.000000e+00 0.000000e+00 0.000000e+00
<ENDHMM>
~h "T"
<BEGINHMM>
<NUMSTATES> 5
<STATE> 2
<MEAN> 25
 4.646753e-01 4.543150e+00 -1.538428e+00 1.263587e+00 1.602076e+00 -3.491209e+00 -5.871732e-01 -1.374463e+00 2.498910e+00 1.536838e+00 -2.156070e+00 -9.977185e-01 -8.908696e-01 2.414413e-01 -1.689132e-01 1.719052e-01 8.282881e-02 -1.836325e-02 6.421333e-01 5.650626e-02 -1.644180e-01 -1.985409e-01 1.035729e-01 4.609841e-01 -2.050298e+00
<VARIANCE> 25
 3.159188e+01 2.498486e+01 3.565881e+01 3.143364e+01 3.389809e+01 3.593847e+01 4.494328e+01 3.978595e+01 4.024128e+01 3.091744e+01 3.308007e+01 2.870602e+01 2.110363e+00 2.569962e+00 2.124259e+00 2.529754e+00 2.952344e+00 2.565804e+00 2.903381e+00 2.759523e+00 2.639704e+00 2.347421e+00 2.359749e+00 2.105122e+00 6.529856e+00
<GCONST> 1.009977e+02
<STATE> 3
<MEAN> 25
 -3.570388e+00 4.153631e+00 -5.912228e-01 2.356876e+00 1.840164e+00 -3.194235e+00 1.502645e+00 -1.447615e+00 3.589984e-01 1.816716e-01 -9.860364e-01 1.421017e+00 -1.947237e+00 -2.242267e+00 -6.996745e-01 -1.107274e+00 4.257506e-01 -3.437086e-01 1.623369e-01 5.999722e-01 -7.099536e-03 -1.814584e-01 4.414558e-01 7.358938e-01 4.532870e+00
<VARIANCE> 25
 2.825554e+01 2.981811e+01 3.123919e+01 2.612538e+01 3.064508e+01 3.095229e+01 3.633812e+01 3.529333e+01 3.481378e+01 2.515750e+01 2.700451e+01 2.223414e+01 2.973753e+00 3.372381e+00 4.179965e+00 3.654985e+00 3.944442e+00 4.205847e+00 4.112046e+00 4.356082e+00 4.666731e+00 3.190830e+00 3.577868e+00 2.920878e+00 9.133774e+00
<GCONST> 1.045577e+02
<STATE> 4
<MEAN> 25
 -6.845346e+00 -2.777864e+00 -3.391469e+00 -2.078084e+00 2.021107e+00 -4.862252e+00 4.446554e-01 4.940215e-01 1.658695e+00 3.270500e-01 -6.099074e-01 2.014977e+00 1.555257e+00 -1.221639e+00 -1.465683e-01 -1.461291e+00 -7.859573e-01 1.927060e-01 -1.714827e+00 3.979591e-02 6.500514e-01 2.367729e-01 8.099421e-03 -1.138136e+00 6.225029e+00
<VARIANCE> 25
 2.924807e+01 2.588779e+01 2.814800e+01 2.988947e+01 3.234369e+01 3.605733e+01 4.011286e+01 3.263873e+01 3.567656e+01 2.696069e+01 2.749998e+01 2.709776e+01 4.877748e+00 4.774535e+00 6.209893e+00 5.327707e+00 5.081120e+00 5.941983e+00 6.015208e+00 6.273777e+00 7.248288e+00 3.795410e+00 4.584937e+00 4.138618e+00 1.205152e+01
<GCONST> 1.094649e+02
<TRANSP> 5
 0.000000e+00 1.000000e+00 0.000000e+00 0.000000e+00 0.000000e+00
 0.000000e+00 7.575240e-01 2.424760e-01 0.000000e+00 0.000000e+00
 0.000000e+00 0.000000e+00 4.003650e-01 5.996349e-01 0.000000e+00
 0.000000e+00 0.000000e+00 0.000000e+00 4.830721e-01 5.169278e-01
 0.000000e+00 0.000000e+00 0.000000e+00 0.000000e+00 0.000000e+00
<ENDHMM>
~h "U"
<BEGINHMM>
<NUMSTATES> 5
<STATE> 2
<MEAN> 25
 6.507733e+00 3.994885e+00 -1.574851e+00 -3.728364e+00 -4.087497e+00 3.108731e+00 -8.455242e+00 -5.630930e+00 -3.047182e+00 2.464905e-01 3.687413e+00 2.651465e-01 2.106687e+00 1.003271e+00 -2.992961e-01 -2.386128e+00 -1.925478e+00 2.457821e+00 -1.417794e+00 -1.051821e+00 -1.094447e+00 -1.054430e-01 1.588012e+00 -1.656156e-01 1.216932e+00
<VARIANCE> 25
 2.344856e+01 3.485622e+01 3.156878e+01 7.080707e+01 4.876085e+01 5.241701e+01 7.483860e+01 6.817575e+01 5.051084e+01 4.601340e+01 4.065145e+01 3.277462e+01 4.139973e+00 3.129595e+00 4.501537e+00 5.086164e+00 5.875250e+00 4.628590e+00 6.602941e+00 7.456377e+00 5.593437e+00 5.440679e+00 4.296012e+00 3.838394e+00 3.917383e+00
<GCONST> 1.121703e+02
<STATE> 3
<MEAN> 25
 9.442455e+00 7.106594e+00 -2.394646e+00 -1.081135e+01 -7.918746e+00 9.170370e+00 -7.828012e+00 -4.775916e+00 -5.773907e+00 -2.412903e+00 5.270838e+00 5.979671e-01 1.348733e-01 9.782090e-02 -1.246399e-01 -5.114112e-01 -9.113172e-02 4.675640e-01 1.745833e-01 1.397608e-02 -1.486643e-01 -6.750525e-02 1.589058e-01 1.234241e-01 -5.909382e-02
<VARIANCE> 25
 1.044722e+01 3.369463e+01 2.420065e+01 5.256091e+01 3.925950e+01 3.939100e+01 5.662899e+01 6.869419e+01 5.153446e+01 5.204222e+01 4.535501e+01 3.979517e+01 4.392142e-01 1.832549e+00 1.094255e+00 2.622061e+00 2.163261e+00 2.239600e+00 2.789716e+00 3.495996e+00 2.865280e+00 3.012960e+00 2.713539e+00 2.160890e+00 1.310297e+00
<GCONST> 9.884850e+01
<STATE> 4
<MEAN> 25
 8.204175e+00 5.259514e+00 -2.097444e+00 -6.150582e+00 -4.064604e+00 6.023129e+00 -7.022886e+00 -6.620168e+00 -4.282707e+00 7.729166e-01 4.608780e+00 4.110161e-01 -5.703604e-01 -4.602223e-01 5.963667e-01 1.887152e+00 1.149035e+00 -1.570294e+00 6.228063e-01 4.412248e-02 9.037671e-01 5.844913e-01 -1.005222e+00 -3.725243e-01 -1.273891e+00
<VARIANCE> 25
 1.417734e+01 4.017105e+01 3.292813e+01 6.398366e+01 4.900391e+01 5.142167e+01 8.071939e+01 7.116695e+01 5.463448e+01 5.505333e+01 4.830691e+01 3.984021e+01 1.422195e+00 3.219990e+00 2.842125e+00 4.061488e+00 4.546676e+00 4.006717e+00 5.575316e+00 5.611901e+00 4.735408e+00 4.882251e+00 4.455988e+00 3.883653e+00 4.323954e+00
<GCONST> 1.097732e+02
<TRANSP> 5
 0.000000e+00 1.000000e+00 0.000000e+00 0.000000e+00 0.000000e+00
 0.000000e+00 5.620881e-01 4.379119e-01 0.000000e+00 0.000000e+00
 0.000000e+00 0.000000e+00 7.524250e-01 2.475751e-01 0.000000e+00
 0.000000e+00 0.000000e+00 0.000000e+00 6.948658e-01 3.051342e-01
 0.000000e+00 0.000000e+00 0.000000e+00 0.000000e+00 0.000000e+00
<ENDHMM>
~h "V"
<BEGINHMM>
<NUMSTATES> 5
<STATE> 2
<MEAN> 25
 -2.028028e+00 2.906232e+00 -1.951635e-01 3.540948e+00 3.697734e+00 1.506158e+00 2.315688e+00 3.057998e-01 3.728127e-02 5.567523e-01 2.226730e-01 1.835246e+00 -3.921608e+00 1.637783e-03 3.983558e-02 1.569945e+00 1.205829e+00 -7.663257e-01 4.774876e-01 6.081976e-01 1.055052e+00 -7.771521e-04 -2.360341e-01 5.279552e-01 -1.159641e+00
<VARIANCE> 25
 4.051660e+01 1.907379e+01 3.793232e+01 4.476064e+01 3.146451e+01 4.177298e+01 3.168163e+01 3.696294e+01 3.142038e+01 2.336288e+01 2.491571e+01 2.021781e+01 2.225522e+00 3.883186e+00 3.872453e+00 4.728359e+00 5.267830e+00 5.146716e+00 4.215252e+00 4.963781e+00 3.782351e+00 3.607849e+00 3.565758e+00 2.534172e+00 2.153152e+00
<GCONST> 1.040881e+02
<STATE> 3
<MEAN> 25
 -1.374632e+01 -2.418435e+00 -2.870665e+00 4.275763e+00 2.584047e+00 -1.804319e+00 7.320137e-01 9.821090e-01 1.604432e+00 1.299587e+00 6.389142e-01 2.975641e+00 -6.914736e-01 -6.367930e-01 -3.216749e-01 -9.454116e-02 -1.409758e-01 -1.976417e-01 -1.269466e-01 -3.321636e-02 1.640519e-02 5.168565e-02 1.369921e-02 4.605161e-02 -7.035097e-02
<VARIANCE> 25
 1.821676e+01 2.134606e+01 2.746649e+01 2.299689e+01 2.533516e+01 2.630788e+01 2.837228e+01 2.866830e+01 2.485290e+01 2.169946e+01 2.055052e+01 1.897821e+01 2.251336e+00 1.430064e+00 1.719446e+00 1.632631e+00 1.722563e+00 1.916119e+00 1.833049e+00 1.769308e+00 1.784583e+00 1.677146e+00 1.611019e+00 1.405234e+00 1.484220e+00
<GCONST> 9.069852e+01
<STATE> 4
<MEAN> 25
 -8.703753e+00 -2.907933e+00 -2.881853e+00 3.152033e+00 2.650387e+00 -1.692228e+00 9.599939e-01 1.024050e+00 1.517558e+00 1.033236e+00 2.270499e-01 1.805858e+00 5.050963e+00 4.821506e-01 7.371001e-01 -1.885483e+00 -1.600137e+00 2.966177e-01 -5.193487e-01 -4.043785e-02 -9.050754e-01 -6.319348e-01 3.607170e-01 -1.119203e+00 1.974580e+00
<VARIANCE> 25
 5.969078e+01 2.233472e+01 3.543973e+01 4.124511e+01 2.703506e+01 3.795652e+01 2.600154e+01 2.959350e+01 2.527731e+01 2.137738e+01 1.908848e+01 1.895765e+01 4.240679e+00 4.361213e+00 6.832424e+00 7.180041e+00 4.127631e+00 7.022217e+00 4.009163e+00 4.859045e+00 5.248291e+00 3.196638e+00 3.463095e+00 3.346349e+00 3.661531e+00
<GCONST> 1.059070e+02
<TRANSP> 5
 0.000000e+00 1.000000e+00 0.000000e+00 0.000000e+00 0.000000e+00
 0.000000e+00 6.548898e-01 3.451102e-01 0.000000e+00 0.000000e+00
 0.000000e+00 0.000000e+00 8.506749e-01 1.493251e-01 0.000000e+00
 0.000000e+00 0.000000e+00 0.000000e+00 5.864367e-01 4.135633e-01
 0.000000e+00 0.000000e+00 0.000000e+00 0.000000e+00 0.000000e+00
<ENDHMM>
~h "W"
<BEGINHMM>
<NUMSTATES> 5
<STATE> 2
<MEAN> 25
 8.146126e+00 1.695359e+00 -3.697309e+00 -9.045075e+00 -3.004689e+00 7.129828e+00 -3.110954e+00 -1.806901e+00 -2.208172e+00 9.071512e-01 4.070929e+00 -6.547505e-01 1.513848e+00 1.298241e+00 1.766098e-01 -1.823895e+00 -1.449749e+00 1.081654e+00 -1.518936e-01 -1.830838e-01 -1.100759e+00 -7.199581e-01 7.463158e-01 7.939155e-01 1.671175e-01
<VARIANCE> 25
 2.851929e+01 5.957883e+01 3.532752e+01 8.215090e+01 4.439400e+01 5.846778e+01 6.400067e+01 4.553899e+01 5.025239e+01 4.699905e+01 4.545851e+01 3.773176e+01 2.332956e+00 2.429775e+00 2.592510e+00 3.987661e+00 3.952710e+00 4.444956e+00 4.024603e+00 4.058596e+00 3.521064e+00 3.453032e+00 3.570623e+00 3.585959e+00 4.772823e+00
<GCONST> 1.087525e+02
<STATE> 3
<MEAN> 25
 1.187414e+01 4.987597e+00 -2.192787e+00 -1.610267e+01 -9.056751e+00 1.016722e+01 -4.141521e+00 -2.796231e-01 -2.497624e+00 -2.794732e+00 4.161142e+00 1.567730e+00 -1.876429e-02 -4.568591e-01 -2.372011e-01 -5.809792e-01 -4.386345e-02 4.992993e-01 2.764209e-02 -1.139179e-01 1.806938e-01 1.256100e-01 3.562554e-01 1.756970e-01 5.283512e-01
<VARIANCE> 25
 9.347636e+00 3.425609e+01 2.102814e+01 4.880564e+01 3.617517e+01 3.782133e+01 3.811849e+01 4.264489e+01 4.456801e+01 3.590476e+01 3.561414e+01 3.019677e+01 3.831832e-01 2.376174e+00 1.271906e+00 2.197631e+00 2.016647e+00 2.477583e+00 1.991094e+00 1.958085e+00 1.963423e+00 2.367622e+00 2.458558e+00 1.714220e+00 1.814995e+00
<GCONST> 9.509755e+01
<STATE> 4
<MEAN> 25
 9.240935e+00 -3.724069e+00 -6.867115e+00 -1.587939e+01 -3.132077e+00 1.312184e+01 -3.001947e+00 -2.848132e+00 4.650876e-01 2.497416e+00 7.029521e+00 -2.748292e+00 -9.418787e-01 -2.045093e+00 -6.134996e-01 1.284557e+00 1.758402e+00 -5.326922e-01 -1.353674e-01 1.105105e-01 1.409884e+00 9.587192e-01 -8.960277e-01 -2.151895e+00 1.330647e+00
<VARIANCE> 25
 1.072626e+01 3.277320e+01 2.604628e+01 4.728091e+01 3.426804e+01 4.267307e+01 5.181917e+01 3.631240e+01 5.075240e+01 4.454615e+01 4.589549e+01 4.434988e+01 3.151269e-01 1.227162e+00 1.501497e+00 2.344221e+00 2.231153e+00 3.622941e+00 2.635828e+00 2.936763e+00 2.626567e+00 2.818205e+00 3.395268e+00 2.359598e+00 6.660942e-01
<GCONST> 9.721585e+01
<TRANSP> 5
 0.000000e+00 1.000000e+00 0.000000e+00 0.000000e+00 0.000000e+00
 0.000000e+00 6.941881e-01 3.058119e-01 0.000000e+00 0.000000e+00
 0.000000e+00 0.000000e+00 7.723085e-01 2.276915e-01 0.000000e+00
 0.000000e+00 0.000000e+00 0.000000e+00 6.954367e-01 3.045634e-01
 0.000000e+00 0.000000e+00 0.000000e+00 0.000000e+00 0.000000e+00
<ENDHMM>
~h "X"
<BEGINHMM>
<NUMSTATES> 5
<STATE> 2
<MEAN> 25
 -1.310173e+01 -3.377541e+00 -4.354753e+00 6.738577e+00 2.465969e-01 -8.340725e+00 3.531719e+00 2.701729e+00 1.435053e+00 1.164940e+00 4.143254e+00 4.210569e+00 -2.681547e+00 2.079620e-01 -1.391278e+00 8.419072e-01 1.631884e+00 3.865094e-01 8.838273e-02 3.422373e-01 9.290854e-01 -3.871920e-01 -9.122718e-02 8.500025e-01 1.575214e+00
<VARIANCE> 25
 7.673565e+01 2.136700e+01 6.666389e+01 2.928002e+01 3.010141e+01 2.832419e+01 3.745515e+01 4.793427e+01 4.453852e+01 3.579446e+01 2.291364e+01 3.996409e+01 6.253152e+00 4.929054e+00 7.151653e+00 2.315705e+00 4.698961e+00 4.669195e+00 4.281443e+00 6.737157e+00 4.599059e+00 3.880208e+00 3.938996e+00 3.709494e+00 8.552577e+00
<GCONST> 1.097562e+02
<STATE> 3
<MEAN> 25
 -2.090048e+01 5.728986e+00 -4.797868e+00 4.295368e+00 6.375324e+00 -4.943846e+00 3.675948e+00 4.278928e+00 4.315899e+00 4.946555e-01 2.407920e+00 5.283124e+00 7.418739e-01 4.785287e-01 3.384076e-01 -4.863829e-01 1.894833e-01 2.445534e-01 -9.724174e-02 -3.068417e-01 -3.651492e-01 -1.009597e-01 -4.920818e-02 -1.460569e-02 -1.609013e+00
<VARIANCE> 25
 3.365956e+01 1.676693e+01 6.091379e+01 1.905556e+01 1.553175e+01 3.116957e+01 3.759004e+01 2.788384e+01 2.600006e+01 2.230951e+01 1.789260e+01 2.805768e+01 1.765315e+00 1.610942e+00 3.128420e+00 1.906335e+00 1.690761e+00 2.879045e+00 3.132190e+00 1.675473e+00 2.761611e+00 1.504095e+00 1.627656e+00 1.446774e+00 3.455964e+00
<GCONST> 9.465022e+01
<STATE> 4
<MEAN> 25
 -6.788235e+00 2.844962e+00 -3.107937e+00 4.835950e+00 3.125292e+00 -2.972762e+00 3.804073e+00 -2.258106e+00 -3.561177e-01 -2.250641e+00 1.760186e+00 1.991118e+00 3.565783e-01 2.764136e-02 3.630843e-01 2.334899e-01 -1.198576e-01 3.471121e-01 -1.398438e-01 -8.518291e-02 -1.963695e-01 4.465643e-02 -1.050923e-01 -1.623313e-01 -5.685164e-01
<VARIANCE> 25
 2.565354e+01 1.780977e+01 2.049949e+01 1.087879e+01 1.650721e+01 1.397281e+01 1.898390e+01 1.986987e+01 1.320213e+01 1.724796e+01 1.261241e+01 2.532473e+01 1.099979e+00 1.097993e+00 1.093477e+00 1.028540e+00 1.186456e+00 1.601804e+00 9.988499e-01 1.255210e+00 1.377636e+00 1.100848e+00 1.036349e+00 1.915121e+00 9.662560e-01
<GCONST> 8.228895e+01
<TRANSP> 5
 0.000000e+00 1.000000e+00 0.000000e+00 0.000000e+00 0.000000e+00
 0.000000e+00 8.604763e-01 1.395237e-01 0.000000e+00 0.000000e+00
 0.000000e+00 0.000000e+00 9.026228e-01 9.737720e-02 0.000000e+00
 0.000000e+00 0.000000e+00 0.000000e+00 8.527564e-01 1.472436e-01
 0.000000e+00 0.000000e+00 0.000000e+00 0.000000e+00 0.000000e+00
<ENDHMM>
~h "Y"
<BEGINHMM>
<NUMSTATES> 5
<STATE> 2
<MEAN> 25
 -1.799448e-01 -7.519196e-01 9.355017e+00 -2.073462e+00 -7.653426e+00 -4.607460e+00 -2.401450e+00 4.027282e+00 -3.204882e+00 -6.150684e-01 2.833253e+00 7.790121e-01 -3.880718e-02 9.843152e-01 2.686216e+00 -7.510412e-02 -1.555203e+00 -3.869065e-01 -1.118076e+00 -7.085603e-01 -1.470452e+00 -1.496096e-01 1.360505e+00 4.864056e-01 7.015203e-01
<VARIANCE> 25
 3.154841e+01 6.170206e+01 6.112318e+01 3.918760e+01 6.417234e+01 5.135860e+01 5.409064e+01 6.727171e+01 5.060144e+01 4.066751e+01 3.867230e+01 2.777546e+01 2.455622e+00 2.659667e+00 3.595966e+00 2.734165e+00 4.183416e+00 3.809321e+00 4.344349e+00 4.575227e+00 3.710008e+00 4.088349e+00 3.223073e+00 2.806949e+00 5.271675e+00
<GCONST> 1.087148e+02
<STATE> 3
<MEAN> 25
 1.976386e-01 2.367536e+00 1.806936e+01 -1.686517e+00 -1.229959e+01 -4.035905e+00 -7.451216e+00 -6.088390e-01 -7.923163e+00 -1.717957e+00 6.568806e+00 1.820311e+00 1.304462e-01 -6.739646e-01 -5.589710e-01 -1.968368e-01 -5.192060e-01 -4.448968e-01 1.093554e-01 5.140418e-01 5.290322e-01 2.780732e-01 2.861223e-01 2.055137e-01 7.308450e-01
<VARIANCE> 25
 1.012027e+01 3.290664e+01 3.892704e+01 3.718872e+01 2.857293e+01 4.062670e+01 3.708286e+01 4.150293e+01 4.233775e+01 6.049171e+01 3.368781e+01 3.097061e+01 5.842303e-01 2.212929e+00 3.013996e+00 1.469345e+00 2.163849e+00 2.005293e+00 2.278253e+00 3.287734e+00 2.896878e+00 2.008971e+00 1.555857e+00 1.371253e+00 2.111785e+00
<GCONST> 9.671978e+01
<STATE> 4
<MEAN> 25
 2.308700e+00 -6.271208e+00 7.165942e+00 -5.101047e+00 -1.258728e+01 -7.222379e+00 -2.136880e+00 9.602551e+00 5.596780e-01 -6.213129e-01 3.802846e+00 7.791331e-01 4.628377e-01 -1.551127e+00 -2.834857e+00 -2.272548e-01 1.662129e+00 6.952156e-01 1.146542e+00 1.660026e+00 1.777860e+00 -6.917366e-01 -2.136449e+00 -1.122354e+00 6.620375e-01
<VARIANCE> 25
 8.480387e+00 2.068052e+01 3.836747e+01 2.822218e+01 2.672824e+01 2.821309e+01 4.594081e+01 4.602134e+01 4.350266e+01 3.743064e+01 4.113123e+01 2.610645e+01 3.501070e-01 1.165538e+00 1.925213e+00 1.245632e+00 2.465192e+00 2.045101e+00 2.798543e+00 3.548787e+00 2.741056e+00 3.224935e+00 2.440221e+00 1.782852e+00 5.394596e-01
<GCONST> 9.368156e+01
<TRANSP> 5
 0.000000e+00 1.000000e+00 0.000000e+00 0.000000e+00 0.000000e+00
 0.000000e+00 7.453843e-01 2.546158e-01 0.000000e+00 0.000000e+00
 0.000000e+00 0.000000e+00 7.820200e-01 2.179799e-01 0.000000e+00
 0.000000e+00 0.000000e+00 0.000000e+00 7.095922e-01 2.904078e-01
 0.000000e+00 0.000000e+00 0.000000e+00 0.000000e+00 0.000000e+00
<ENDHMM>
~h "Z"
<BEGINHMM>
<NUMSTATES> 5
<STATE> 2
<MEAN> 25
 -2.732391e+00 8.415323e+00 2.628671e+00 4.464878e+00 2.550779e+00 -7.585553e+00 -2.851904e+00 -2.126563e-01 9.869117e-01 -5.816638e-01 -2.076814e+00 2.982795e+00 -2.074056e+00 2.385076e+00 -3.096212e-01 9.239238e-01 1.445169e+00 -3.366669e-01 8.552430e-01 -1.194317e-01 1.876425e-01 -2.376530e-01 -2.592252e-02 5.170950e-01 -1.950355e-01
<VARIANCE> 25
 4.011963e+01 4.416431e+01 3.829749e+01 3.678653e+01 4.590115e+01 4.040865e+01 6.530479e+01 3.853289e+01 4.099850e+01 3.135333e+01 2.953712e+01 2.737964e+01 3.560827e+00 3.591733e+00 3.063440e+00 3.437017e+00 3.646622e+00 3.908218e+00 4.534885e+00 4.924950e+00 3.432648e+00 2.914056e+00 2.981977e+00 2.621722e+00 4.052680e+00
<GCONST> 1.063121e+02
<STATE> 3
<MEAN> 25
 -1.348914e+01 1.425990e+01 1.177389e+00 6.891509e+00 6.775766e+00 -5.494066e+00 9.133806e-01 9.367262e-01 7.748038e-01 -3.365974e-01 -1.611412e-01 4.114246e+00 -9.437944e-01 -1.107434e-01 -1.912893e-02 8.610679e-02 2.265120e-01 2.885352e-01 2.294488e-01 1.047099e-01 -5.558985e-02 4.936042e-02 2.395501e-01 1.439288e-01 5.639761e-02
<VARIANCE> 25
 4.986130e+01 3.374278e+01 3.860557e+01 4.385559e+01 3.377602e+01 4.288873e+01 4.676995e+01 3.492540e+01 2.988862e+01 2.300821e+01 2.738663e+01 2.103300e+01 1.545051e+00 1.412072e+00 1.335324e+00 1.129575e+00 1.541224e+00 1.629397e+00 1.689696e+00 1.636704e+00 1.595589e+00 1.391763e+00 1.353642e+00 1.225716e+00 9.243921e-01
<GCONST> 9.273019e+01
<STATE> 4
<MEAN> 25
 -9.516070e+00 8.862170e+00 3.196562e+00 4.621104e+00 2.504889e+00 -6.904057e+00 -1.688802e+00 -4.014893e-01 1.106215e+00 -4.310606e-01 1.546311e-01 4.965018e+00 2.777884e+00 -2.002530e+00 6.399664e-01 -8.892289e-01 -2.343668e+00 -3.858428e-01 -1.490263e+00 -5.249969e-01 2.608310e-01 5.567338e-02 8.945827e-02 -3.548681e-01 1.337448e+00
<VARIANCE> 25
 5.924135e+01 4.321165e+01 4.971876e+01 3.633135e+01 4.963656e+01 4.555950e+01 6.426370e+01 3.968658e+01 4.158623e+01 2.226132e+01 2.648399e+01 2.062266e+01 4.588003e+00 4.583210e+00 3.575721e+00 3.598310e+00 3.813192e+00 3.838147e+00 3.892973e+00 5.224208e+00 4.308454e+00 2.468648e+00 2.443556e+00 2.512834e+00 2.696316e+00
<GCONST> 1.064625e+02
<TRANSP> 5
 0.000000e+00 1.000000e+00 0.000000e+00 0.000000e+00 0.000000e+00
 0.000000e+00 7.494468e-01 2.505532e-01 0.000000e+00 0.000000e+00
 0.000000e+00 0.000000e+00 8.313136e-01 1.686864e-01 0.000000e+00
 0.000000e+00 0.000000e+00 0.000000e+00 7.579134e-01 2.420866e-01
 0.000000e+00 0.000000e+00 0.000000e+00 0.000000e+00 0.000000e+00
<ENDHMM>
~h "e"
<BEGINHMM>
<NUMSTATES> 5
<STATE> 2
<MEAN> 25
 4.813526e+00 -1.430395e+00 -1.408275e+00 -3.635303e+00 -2.119887e+00 -9.124210e-01 -6.157376e+00 -1.631904e+00 1.418042e+00 2.960761e+00 2.021900e+00 -1.764788e+00 2.155493e+00 -1.356789e+00 -2.328130e-01 -1.725078e+00 -1.453280e+00 6.038030e-01 -2.063423e+00 8.604769e-01 1.509228e+00 8.814103e-01 7.404527e-01 -1.576292e+00 2.746144e+00
<VARIANCE> 25
 2.498217e+01 2.497889e+01 3.742435e+01 5.089976e+01 4.002211e+01 7.196095e+01 5.022299e+01 4.893813e+01 5.100667e+01 3.705547e+01 4.413246e+01 2.873541e+01 6.160331e+00 3.428040e+00 6.104798e+00 5.234489e+00 6.148469e+00 6.200010e+00 6.603245e+00 8.625104e+00 7.921595e+00 5.196305e+00 5.431159e+00 4.271830e+00 4.649148e+00
<GCONST> 1.129935e+02
<STATE> 3
<MEAN> 25
 6.329168e+00 -4.209666e+00 -1.828346e+00 -5.295944e+00 -3.598092e+00 3.808853e-01 -8.522173e+00 4.222278e-01 3.742960e+00 3.969841e+00 2.740453e+00 -3.840236e+00 1.023431e+00 -1.006088e+00 -1.613232e-02 -5.573553e-01 -8.158829e-01 5.019723e-01 -9.959643e-01 7.502394e-01 1.061824e+00 4.658757e-01 1.699316e-01 -1.022096e+00 1.002707e+00
<VARIANCE> 25
 1.435071e+01 2.566992e+01 4.145463e+01 5.029221e+01 4.355591e+01 7.308486e+01 5.385646e+01 5.886417e+01 5.913469e+01 4.338552e+01 4.776579e+01 3.599424e+01 2.747065e+00 2.085454e+00 2.931172e+00 4.070000e+00 4.002696e+00 5.084057e+00 4.069393e+00 6.620937e+00 5.695199e+00 4.017400e+00 4.436794e+00 3.053152e+00 2.013161e+00
<GCONST> 1.078928e+02
<STATE> 4
<MEAN> 25
 5.936903e+00 -4.001404e+00 -1.205886e+00 -4.888091e+00 -3.985382e+00 -4.939095e-01 -8.686780e+00 1.432554e+00 4.545429e+00 4.088719e+00 2.114139e+00 -4.573854e+00 1.056604e-01 3.286329e-01 2.591274e-01 5.926016e-01 8.535476e-02 -1.020504e-01 3.613886e-01 -2.649885e-01 -1.803662e-01 -1.893272e-01 -2.732554e-01 1.578070e-01 -8.126491e-01
<VARIANCE> 25
 1.255762e+01 2.629753e+01 4.054409e+01 4.646615e+01 4.901590e+01 6.196056e+01 6.046321e+01 5.895695e+01 6.148253e+01 4.602724e+01 4.652898e+01 3.657048e+01 7.647997e-01 1.566285e+00 1.550123e+00 2.582155e+00 2.289692e+00 3.121170e+00 2.547465e+00 3.355808e+00 3.499954e+00 2.617374e+00 2.701564e+00 2.018949e+00 2.303587e+00
<GCONST> 1.012983e+02
<TRANSP> 5
 0.000000e+00 1.000000e+00 0.000000e+00 0.000000e+00 0.000000e+00
 0.000000e+00 1.424330e-01 8.575671e-01 0.000000e+00 0.000000e+00
 0.000000e+00 0.000000e+00 8.927539e-02 9.107246e-01 0.000000e+00
 0.000000e+00 0.000000e+00 0.000000e+00 6.497605e-01 3.502395e-01
 0.000000e+00 0.000000e+00 0.000000e+00 0.000000e+00 0.000000e+00
<ENDHMM>
~h "AI"
<BEGINHMM>
<NUMSTATES> 5
<STATE> 2
<MEAN> 25
 4.433420e+00 -1.251336e+01 -3.542764e+00 -5.720026e+00 -2.318753e+00 5.009750e-01 -9.822178e-01 8.551447e+00 5.669377e+00 -2.846017e+00 -4.079512e+00 -4.966992e+00 -3.133528e-01 -3.243062e-01 1.010850e+00 2.221217e-01 -1.085349e+00 -1.148655e+00 8.767851e-01 1.486160e+00 -5.254609e-01 -7.218141e-01 4.384376e-02 6.448153e-01 2.356791e-01
<VARIANCE> 25
 9.791498e+00 1.818508e+01 4.254284e+01 2.520645e+01 4.882680e+01 5.617979e+01 4.752698e+01 5.046884e+01 4.729626e+01 3.894097e+01 3.984675e+01 2.943522e+01 4.098794e-01 1.417740e+00 1.757394e+00 1.442706e+00 2.653900e+00 3.007462e+00 2.165805e+00 2.776779e+00 2.245152e+00 2.278007e+00 2.973779e+00 2.146868e+00 4.800660e-01
<GCONST> 9.540268e+01
<STATE> 3
<MEAN> 25
 2.549674e+00 -7.432804e+00 7.885022e+00 -5.152079e+00 -1.326705e+01 -7.382099e+00 -4.953252e-01 9.615828e+00 -1.702222e+00 5.543132e-01 4.260261e+00 -3.250745e-01 -2.713902e-01 1.166598e+00 1.720639e+00 7.496959e-02 -1.046338e+00 -3.365151e-01 -5.226938e-01 -1.353153e+00 -1.370731e+00 8.146600e-01 1.226502e+00 4.202041e-01 -6.052208e-01
<VARIANCE> 25
 8.917066e+00 1.938623e+01 3.751613e+01 2.310514e+01 2.512717e+01 3.071796e+01 4.109111e+01 4.671046e+01 4.194025e+01 3.676545e+01 3.968774e+01 2.356069e+01 2.667841e-01 8.521109e-01 1.425569e+00 8.682324e-01 1.948256e+00 1.468437e+00 1.933540e+00 2.292087e+00 1.980144e+00 1.954976e+00 2.241193e+00 1.280699e+00 2.268003e-01
<GCONST> 8.845040e+01
<STATE> 4
<MEAN> 25
 1.591477e+00 8.276998e-01 1.223784e+01 -1.354425e+00 -1.148624e+01 -5.854177e+00 -1.918150e+00 9.169785e-01 -5.622697e+00 1.461756e+00 4.068658e+00 -3.173333e-02 8.459616e-02 7.438464e-01 -5.960128e-01 7.677826e-01 1.107756e+00 2.161192e-01 1.997618e-01 -5.397663e-01 2.314180e-01 -2.098915e-01 -5.348673e-01 -8.035907e-02 -1.803662e+00
<VARIANCE> 25
 1.588336e+01 4.049571e+01 4.686834e+01 3.511350e+01 4.251058e+01 4.837657e+01 4.881418e+01 6.146872e+01 4.753806e+01 4.584708e+01 4.141796e+01 2.883100e+01 1.308649e+00 2.120395e+00 2.699851e+00 2.192544e+00 2.966388e+00 2.624023e+00 3.284979e+00 3.469551e+00 3.298411e+00 2.590641e+00 2.250538e+00 1.902013e+00 2.466930e+00
<GCONST> 1.020134e+02
<TRANSP> 5
 0.000000e+00 1.000000e+00 0.000000e+00 0.000000e+00 0.000000e+00
 0.000000e+00 7.847013e-01 2.152987e-01 0.000000e+00 0.000000e+00
 0.000000e+00 0.000000e+00 8.058894e-01 1.941106e-01 0.000000e+00
 0.000000e+00 0.000000e+00 0.000000e+00 8.495353e-01 1.504647e-01
 0.000000e+00 0.000000e+00 0.000000e+00 0.000000e+00 0.000000e+00
<ENDHMM>
~h "AU"
<BEGINHMM>
<NUMSTATES> 5
<STATE> 2
<MEAN> 25
 4.820735e+00 -7.288315e+00 -8.304360e+00 -9.910898e+00 3.339047e-01 7.662974e+00 -3.879674e+00 3.504091e-01 6.064642e+00 2.365830e+00 -7.838587e-01 -6.793769e+00 6.822991e-01 -6.641892e-01 -8.262736e-01 -1.377479e+00 4.138114e-01 1.979354e+00 -2.180150e-01 -2.527137e-01 3.265862e-01 3.993402e-02 4.988997e-01 -1.036044e+00 1.086015e+00
<VARIANCE> 25
 1.443278e+01 2.664701e+01 2.790969e+01 4.323670e+01 4.088131e+01 6.030415e+01 5.092750e+01 5.138656e+01 4.150203e+01 4.118265e+01 4.255143e+01 3.166790e+01 2.374647e+00 2.667385e+00 2.077656e+00 3.238967e+00 3.424270e+00 4.300848e+00 3.571081e+00 4.027530e+00 3.319719e+00 3.566385e+00 4.115896e+00 3.299355e+00 3.835145e+00
<GCONST> 1.048568e+02
<STATE> 3
<MEAN> 25
 7.326838e+00 -3.009926e+00 -8.384463e+00 -1.663571e+01 -2.060317e+00 1.343687e+01 -3.269079e+00 -2.585713e+00 3.026039e+00 1.231677e+00 5.565586e+00 -3.287832e+00 4.153462e-01 1.148202e+00 3.224267e-01 -7.288350e-01 -6.779625e-01 1.175444e-01 -1.394672e-01 -2.129135e-02 -9.199335e-01 -2.767597e-01 5.611331e-01 1.120600e+00 -6.963282e-01
<VARIANCE> 25
 1.043374e+01 3.326312e+01 2.060457e+01 3.462730e+01 3.477243e+01 3.129941e+01 4.210018e+01 3.468450e+01 4.074336e+01 4.371656e+01 3.817930e+01 4.621556e+01 2.394383e-01 9.145393e-01 5.912711e-01 1.176403e+00 1.283593e+00 1.430812e+00 1.528759e+00 1.547992e+00 1.636965e+00 1.821743e+00 2.012830e+00 1.930710e+00 3.168396e-01
<GCONST> 8.849418e+01
<STATE> 4
<MEAN> 25
 9.385118e+00 5.887666e+00 -4.281514e+00 -1.325703e+01 -4.797183e+00 8.064991e+00 -4.606916e+00 -1.609466e+00 -2.787511e+00 4.305085e-01 3.391277e+00 1.217801e+00 -2.885346e-01 3.315665e-01 5.599747e-01 1.928873e+00 5.016025e-01 -1.186959e+00 1.580334e-01 -1.665541e-01 -7.574275e-02 7.929593e-02 -5.874108e-01 -1.633353e-01 -1.617682e+00
<VARIANCE> 25
 1.507658e+01 3.919094e+01 2.956264e+01 7.173511e+01 4.751801e+01 4.717783e+01 6.831925e+01 5.924545e+01 4.847866e+01 5.887389e+01 4.378283e+01 3.994800e+01 1.342303e+00 2.658453e+00 1.918745e+00 3.976395e+00 3.715768e+00 3.600543e+00 3.752559e+00 3.667895e+00 3.468791e+00 3.641323e+00 3.299855e+00 2.815234e+00 2.271188e+00
<GCONST> 1.055376e+02
<TRANSP> 5
 0.000000e+00 1.000000e+00 0.000000e+00 0.000000e+00 0.000000e+00
 0.000000e+00 7.031530e-01 2.968470e-01 0.000000e+00 0.000000e+00
 0.000000e+00 0.000000e+00 8.556492e-01 1.443508e-01 0.000000e+00
 0.000000e+00 0.000000e+00 0.000000e+00 8.492476e-01 1.507524e-01
 0.000000e+00 0.000000e+00 0.000000e+00 0.000000e+00 0.000000e+00
<ENDHMM>
~h "NG"
<BEGINHMM>
<NUMSTATES> 5
<STATE> 2
<MEAN> 25
 8.090883e+00 -1.678793e+00 1.329478e-01 -1.846006e+00 -3.537163e+00 3.091357e+00 -3.336480e-01 -3.438940e+00 -2.751367e+00 2.477705e+00 -1.318054e+00 -4.628997e+00 4.761975e-01 1.005582e+00 1.729257e+00 8.107110e-01 -1.645546e+00 2.964749e-01 8.810832e-01 -1.934962e+00 -9.336600e-01 5.981823e-01 -8.053516e-01 1.311581e+00 -1.277285e+00
<VARIANCE> 25
 8.857785e+00 2.650116e+01 4.062748e+01 4.091352e+01 4.892250e+01 4.841647e+01 5.055975e+01 5.377924e+01 5.383192e+01 4.063659e+01 4.448116e+01 4.406820e+01 5.767215e-01 1.600188e+00 2.850584e+00 3.463301e+00 3.512111e+00 3.951843e+00 4.567969e+00 4.619152e+00 4.972730e+00 3.900930e+00 3.954571e+00 3.559494e+00 6.700244e-01
<GCONST> 1.028692e+02
<STATE> 3
<MEAN> 25
 8.469101e+00 5.432527e-01 4.836008e+00 -1.294591e+00 -7.461049e+00 4.460820e+00 3.893128e-02 -6.201869e+00 -3.472461e+00 1.618038e+00 -2.317751e+00 -1.233053e+00 2.603882e-02 3.734145e-01 3.681398e-01 3.566869e-01 -9.917100e-02 -7.315043e-02 1.621670e-01 -2.489958e-01 -2.251626e-01 8.437060e-02 -1.392470e-01 2.191027e-01 -4.762537e-01
<VARIANCE> 25
 8.344331e+00 2.092081e+01 2.870117e+01 4.600190e+01 4.082887e+01 4.184029e+01 5.411325e+01 4.656609e+01 4.449655e+01 4.204644e+01 3.858310e+01 3.637322e+01 2.497588e-01 7.308728e-01 9.986411e-01 1.097560e+00 1.324510e+00 1.251919e+00 1.507363e+00 1.520543e+00 1.508334e+00 1.431573e+00 1.349872e+00 1.313279e+00 4.774753e-01
<GCONST> 8.868009e+01
<STATE> 4
<MEAN> 25
 6.541363e+00 3.402333e+00 3.701094e+00 1.612816e+00 -2.867227e+00 2.206030e+00 2.410939e+00 -5.639443e+00 -4.776102e+00 2.061057e+00 -3.618470e+00 -1.124186e+00 -8.505204e-01 3.945636e-01 -5.959744e-01 2.702020e-01 1.312701e+00 -6.648371e-01 7.450272e-02 7.304515e-01 1.971631e-01 -2.384771e-01 6.750999e-02 -2.250154e-01 -9.852676e-01
<VARIANCE> 25
 2.108269e+01 3.002223e+01 3.418277e+01 4.377549e+01 6.845869e+01 4.205792e+01 4.904594e+01 5.145417e+01 4.651781e+01 4.873884e+01 4.252982e+01 3.691362e+01 1.416653e+00 2.554396e+00 2.668328e+00 3.195781e+00 3.986720e+00 3.457420e+00 3.595376e+00 4.142910e+00 3.921517e+00 3.391604e+00 2.946535e+00 3.038260e+00 3.841486e+00
<GCONST> 1.054714e+02
<TRANSP> 5
 0.000000e+00 1.000000e+00 0.000000e+00 0.000000e+00 0.000000e+00
 0.000000e+00 5.785944e-01 4.214055e-01 0.000000e+00 0.000000e+00
 0.000000e+00 0.000000e+00 7.480330e-01 2.519670e-01 0.000000e+00
 0.000000e+00 0.000000e+00 0.000000e+00 6.650781e-01 3.349219e-01
 0.000000e+00 0.000000e+00 0.000000e+00 0.000000e+00 0.000000e+00
<ENDHMM>
~h "NY"
<BEGINHMM>
<NUMSTATES> 5
<STATE> 2
<MEAN> 25
 5.637179e+00 4.418586e+00 8.631272e+00 -4.150343e-01 -5.716257e+00 -2.772825e+00 -2.753599e+00 -1.689829e+00 -6.838203e+00 -1.612573e+00 2.551739e+00 1.086444e+00 -2.789783e-01 -2.063886e-01 6.554683e-01 -7.704165e-01 -6.086408e-01 2.891897e-01 1.435335e-01 3.535227e-01 -2.659137e-01 -1.745417e-01 4.056634e-01 3.090790e-02 5.790094e-01
<VARIANCE> 25
 2.032193e+01 2.722250e+01 3.510142e+01 5.833052e+01 3.636120e+01 4.160171e+01 4.728896e+01 6.061929e+01 4.631821e+01 4.443553e+01 3.920531e+01 3.821905e+01 2.656529e+00 4.784032e+00 3.498533e+00 5.628938e+00 4.123998e+00 4.013919e+00 4.572713e+00 8.822923e+00 4.623842e+00 3.386864e+00 3.396489e+00 2.774227e+00 3.635649e+00
<GCONST> 1.084229e+02
<STATE> 3
<MEAN> 25
 2.487289e+00 -6.121788e+00 8.353430e+00 -5.474393e+00 -1.024940e+01 -2.183164e+00 4.755023e-01 9.025838e+00 -3.020808e+00 -4.838117e+00 1.747012e+00 -1.329609e-01 2.809964e-01 -2.092545e+00 -2.042264e+00 7.194247e-01 9.333305e-01 -9.286909e-02 2.939590e-01 1.647562e+00 1.558233e+00 -1.134968e+00 -1.478116e+00 -3.014358e-01 7.981987e-01
<VARIANCE> 25
 8.804881e+00 2.424359e+01 3.296297e+01 2.949409e+01 3.108755e+01 3.020921e+01 3.364431e+01 4.018615e+01 4.225961e+01 3.794514e+01 3.326019e+01 2.913174e+01 2.969546e-01 1.267496e+00 1.254630e+00 1.230433e+00 2.753189e+00 2.005376e+00 2.241174e+00 2.925334e+00 2.043598e+00 2.224112e+00 1.887290e+00 1.846398e+00 4.930870e-01
<GCONST> 9.160189e+01
<STATE> 4
<MEAN> 25
 3.806880e+00 -8.447416e+00 8.080592e-01 -5.823783e-01 6.175513e-01 1.814486e-02 -3.158581e-02 9.046880e+00 7.848637e-01 -7.838096e+00 -4.522905e+00 -4.612716e-01 4.596686e-02 9.736363e-03 -9.963198e-01 4.878618e-01 1.268956e+00 3.430086e-01 -2.392379e-01 -4.574083e-01 4.892057e-01 1.197284e-01 -4.754393e-01 -2.985790e-01 -8.960856e-01
<VARIANCE> 25
 9.801921e+00 3.124214e+01 2.730416e+01 3.994543e+01 7.110371e+01 3.434910e+01 4.620418e+01 4.074286e+01 4.283631e+01 3.573605e+01 3.349585e+01 2.557516e+01 5.198842e-01 1.285125e+00 1.575556e+00 1.567781e+00 2.094378e+00 1.536410e+00 1.843959e+00 1.679464e+00 1.924588e+00 1.655808e+00 1.706945e+00 1.570161e+00 1.136307e+00
<GCONST> 9.316622e+01
<TRANSP> 5
 0.000000e+00 1.000000e+00 0.000000e+00 0.000000e+00 0.000000e+00
 0.000000e+00 8.773519e-01 1.226481e-01 0.000000e+00 0.000000e+00
 0.000000e+00 0.000000e+00 7.145624e-01 2.854376e-01 0.000000e+00
 0.000000e+00 0.000000e+00 0.000000e+00 7.366666e-01 2.633334e-01
 0.000000e+00 0.000000e+00 0.000000e+00 0.000000e+00 0.000000e+00
<ENDHMM>
~h "OI"
<BEGINHMM>
<NUMSTATES> 5
<STATE> 2
<MEAN> 25
 8.277069e+00 3.283123e+00 -6.665574e+00 -1.607507e+01 -8.923199e+00 1.028281e+01 -7.620044e-01 -2.518006e+00 -4.182134e-01 -3.591152e+00 2.566487e+00 2.288002e+00 2.151592e+00 -6.794282e-01 -7.463439e-01 -3.431759e+00 -1.497502e+00 2.134363e+00 -1.031531e+00 -3.228987e-01 6.952500e-02 1.010763e+00 1.343133e+00 -1.129834e-01 2.224108e+00
<VARIANCE> 25
 1.079306e+01 2.332439e+01 2.003669e+01 4.226200e+01 3.958945e+01 3.387757e+01 4.473663e+01 3.583905e+01 3.197519e+01 3.527763e+01 3.999135e+01 3.582995e+01 5.886058e+00 2.960391e+00 2.602907e+00 9.659043e+00 5.396325e+00 5.238172e+00 5.781736e+00 3.676309e+00 3.294776e+00 4.295194e+00 4.069583e+00 3.818276e+00 1.623749e+00
<GCONST> 1.054522e+02
<STATE> 3
<MEAN> 25
 7.678560e+00 -3.992663e+00 -8.330741e+00 -1.394188e+01 -4.184975e+00 9.218449e+00 -4.496807e+00 -2.733659e+00 1.813887e+00 5.618103e+00 6.093093e+00 -4.559806e+00 -4.694636e-01 -1.287103e+00 7.620292e-01 2.126944e+00 4.849051e-01 -2.543389e+00 -1.251722e+00 1.097463e+00 8.164947e-01 1.412132e+00 -5.869387e-01 -1.395728e+00 4.897754e-01
<VARIANCE> 25
 9.320870e+00 3.368637e+01 2.960915e+01 4.927324e+01 2.512129e+01 5.338465e+01 6.538925e+01 4.334209e+01 4.301036e+01 5.208774e+01 5.281248e+01 5.251777e+01 2.807529e-01 8.786932e-01 1.980336e+00 2.767677e+00 2.288755e+00 6.300051e+00 2.716330e+00 5.022978e+00 2.678764e+00 4.134307e+00 3.831793e+00 3.847864e+00 3.497344e-01
<GCONST> 9.940324e+01
<STATE> 4
<MEAN> 25
 7.591981e-01 -5.178461e-01 1.133174e+01 -9.210483e-01 -1.184152e+01 -7.189995e+00 -4.402866e+00 8.924108e-02 -5.484639e+00 2.477960e+00 3.056062e+00 -8.664725e-01 -3.962471e-01 5.865812e-01 8.036137e-01 4.373499e-01 -2.128259e-01 -2.904029e-01 4.602842e-01 -2.502473e-01 -6.293186e-01 -5.530986e-01 2.927021e-02 5.150365e-01 -9.064354e-01
<VARIANCE> 25
 1.719534e+01 5.495728e+01 6.662900e+01 2.998124e+01 4.409661e+01 4.481456e+01 4.768131e+01 8.194776e+01 6.234992e+01 4.377222e+01 5.376414e+01 2.669686e+01 8.489794e-01 1.277423e+00 4.846606e+00 1.938860e+00 3.768665e+00 4.285075e+00 2.673336e+00 3.707841e+00 4.425529e+00 2.707083e+00 3.051263e+00 2.523297e+00 1.167197e+00
<GCONST> 1.035144e+02
<TRANSP> 5
 0.000000e+00 1.000000e+00 0.000000e+00 0.000000e+00 0.000000e+00
 0.000000e+00 6.734093e-01 3.265906e-01 0.000000e+00 0.000000e+00
 0.000000e+00 0.000000e+00 8.223239e-01 1.776761e-01 0.000000e+00
 0.000000e+00 0.000000e+00 0.000000e+00 9.315059e-01 6.849402e-02
 0.000000e+00 0.000000e+00 0.000000e+00 0.000000e+00 0.000000e+00
<ENDHMM>
~h "SY"
<BEGINHMM>
<NUMSTATES> 5
<STATE> 2
<MEAN> 25
 -1.059268e+01 4.686110e+00 4.501115e+00 9.142600e-01 3.177267e+00 -2.744853e+00 2.277327e+00 2.037417e+00 -4.058776e-01 -9.672409e-01 3.702682e-02 3.078628e+00 -3.852081e+00 5.330782e-01 -3.803970e-02 -5.242220e-01 8.532173e-01 4.563179e-01 6.450929e-01 2.329726e-01 4.055970e-01 1.092458e-01 6.825388e-01 3.773736e-01 4.997594e-01
<VARIANCE> 25
 7.558347e+01 3.639481e+01 4.890387e+01 3.455799e+01 4.575838e+01 4.355437e+01 4.600843e+01 4.670190e+01 3.794887e+01 3.021615e+01 3.185600e+01 2.351688e+01 4.082110e+00 4.898672e+00 4.130295e+00 3.402557e+00 4.331285e+00 4.106930e+00 4.599624e+00 4.191116e+00 3.617331e+00 3.260906e+00 3.049908e+00 2.544656e+00 3.445465e+00
<GCONST> 1.074625e+02
<STATE> 3
<MEAN> 25
 -2.421613e+01 2.872635e+00 2.762936e+00 -3.173691e+00 3.921233e+00 1.088428e+00 3.737037e+00 2.591599e+00 2.384225e+00 1.786119e+00 3.590944e+00 4.528490e+00 -1.683166e-01 -4.571461e-01 -5.646351e-02 -2.093605e-01 -4.328628e-01 6.670554e-02 1.089803e-01 -8.371938e-02 2.046636e-01 1.941193e-01 1.190258e-01 1.474453e-01 2.099059e-01
<VARIANCE> 25
 1.059361e+01 2.708632e+01 3.645906e+01 2.714511e+01 3.928516e+01 4.102848e+01 3.453785e+01 3.187411e+01 3.045501e+01 2.497677e+01 2.255088e+01 1.858870e+01 1.519244e+00 8.962764e-01 1.133950e+00 1.170866e+00 1.604981e+00 1.628364e+00 1.469357e+00 1.561303e+00 1.520710e+00 1.501990e+00 1.378988e+00 1.221135e+00 5.915721e-01
<GCONST> 8.877042e+01
<STATE> 4
<MEAN> 25
 -1.108940e+01 9.547487e-01 6.301512e+00 -1.572379e+00 -3.824937e+00 -4.029405e+00 5.803716e-01 1.068877e+00 4.113600e-01 -6.273564e-01 2.174120e+00 3.819260e+00 5.464020e+00 -8.487013e-01 8.382003e-01 3.298825e-01 -2.049404e+00 -1.520509e+00 -1.798010e+00 4.631060e-01 -4.419213e-01 -7.959866e-01 -4.108337e-01 -8.404053e-01 1.482635e+00
<VARIANCE> 25
 1.035637e+02 2.574944e+01 5.345457e+01 3.409429e+01 5.502015e+01 3.962445e+01 4.965031e+01 3.756351e+01 3.615161e+01 2.791458e+01 2.966099e+01 1.941489e+01 3.557175e+00 4.012297e+00 5.098792e+00 3.444883e+00 4.249756e+00 3.765788e+00 4.337691e+00 5.561662e+00 5.316892e+00 3.114653e+00 3.690667e+00 2.455053e+00 2.088244e+00
<GCONST> 1.070620e+02
<TRANSP> 5
 0.000000e+00 1.000000e+00 0.000000e+00 0.000000e+00 0.000000e+00
 0.000000e+00 7.982445e-01 2.017555e-01 0.000000e+00 0.000000e+00
 0.000000e+00 0.000000e+00 8.740445e-01 1.259555e-01 0.000000e+00
 0.000000e+00 0.000000e+00 0.000000e+00 7.458420e-01 2.541580e-01
 0.000000e+00 0.000000e+00 0.000000e+00 0.000000e+00 0.000000e+00
<ENDHMM>
~h "sp"
<BEGINHMM>
<NUMSTATES> 3
<STATE> 2
~s "silst"
<TRANSP> 3
 0.000000e+00 2.110050e-01 7.889950e-01
 0.000000e+00 9.511388e-01 4.886123e-02
 0.000000e+00 0.000000e+00 0.000000e+00
<ENDHMM>
~h "sil"
<BEGINHMM>
<NUMSTATES> 5
<STATE> 2
<MEAN> 25
 -6.022318e+00 7.141636e-01 -4.617358e-01 4.493572e+00 3.948179e+00 2.516275e-01 5.245270e+00 1.273122e+00 1.951879e-01 -2.600922e-01 3.614270e-01 3.720035e+00 -1.205068e-01 -2.231804e-01 -7.065509e-02 2.886707e-03 -1.405594e-01 -1.753057e-01 -4.241868e-02 6.385376e-02 -5.719157e-02 -1.004927e-01 -1.567276e-03 9.906398e-02 1.493943e-02
<VARIANCE> 25
 2.334926e+01 2.912262e+01 3.635941e+01 4.914142e+01 4.121785e+01 4.830231e+01 3.795497e+01 5.759052e+01 3.684233e+01 3.864469e+01 3.365764e+01 3.169429e+01 1.694261e+00 2.833482e+00 2.626681e+00 3.557657e+00 3.174825e+00 3.471705e+00 2.963248e+00 4.449197e+00 3.019146e+00 3.234429e+00 2.633304e+00 2.577029e+00 3.018940e+00
<GCONST> 1.035578e+02
<STATE> 3
~s "silst"
<STATE> 4
<MEAN> 25
 -4.990774e+00 4.229884e+00 -1.454276e+00 3.855322e+00 4.428461e+00 4.044407e-01 5.153293e+00 4.668455e-01 5.409912e-01 1.932449e-02 5.529994e-01 2.738548e+00 -1.142705e-02 1.945538e-02 -2.152783e-03 -1.476211e-02 1.999438e-02 2.288586e-02 2.988126e-03 -1.191700e-02 9.740425e-03 2.459600e-02 7.511217e-03 -1.865843e-02 -1.758016e-02
<VARIANCE> 25
 6.562148e+00 7.900793e+00 1.294723e+01 1.258051e+01 1.515015e+01 1.857468e+01 1.872019e+01 2.186577e+01 1.988711e+01 1.720654e+01 1.741992e+01 1.514591e+01 1.334776e-01 2.936236e-01 4.604547e-01 6.608479e-01 8.626624e-01 1.060456e+00 1.202375e+00 1.355119e+00 1.386605e+00 1.392700e+00 1.321949e+00 1.215630e+00 6.647721e-02
<GCONST> 7.244494e+01
<TRANSP> 5
 0.000000e+00 1.000000e+00 0.000000e+00 0.000000e+00 0.000000e+00
 0.000000e+00 8.114474e-01 1.177187e-01 7.083394e-02 0.000000e+00
 0.000000e+00 0.000000e+00 9.199755e-01 8.002453e-02 0.000000e+00
 0.000000e+00 3.494431e-02 0.000000e+00 9.451238e-01 1.993185e-02
 0.000000e+00 0.000000e+00 0.000000e+00 0.000000e+00 0.000000e+00
<ENDHMM>
