~h "A"
<BEGINHMM>
<NUMSTATES> 5
<STATE> 2
<MEAN> 25
 -1.104227e-08 2.420599e-09 -3.472830e-09 -4.246777e-09 -1.239522e-08 1.973595e-09 2.230325e-09 -3.852209e-09 -2.711656e-09 1.570480e-09 3.262617e-09 -2.040596e-11 4.860206e-04 2.025392e-03 -1.341709e-04 -1.592703e-03 1.170916e-04 1.148346e-03 -1.229178e-04 -2.721455e-03 -3.514933e-04 6.527482e-04 -1.189190e-03 -1.970915e-03 2.158235e-04
<VARIANCE> 25
 6.300775e+01 5.553968e+01 6.640719e+01 5.613477e+01 6.407832e+01 5.525362e+01 5.793406e+01 5.977361e+01 5.379140e+01 3.673146e+01 4.201406e+01 3.801796e+01 2.504932e+00 2.659757e+00 2.700122e+00 2.944490e+00 3.316420e+00 3.040936e+00 3.213305e+00 3.801739e+00 3.337681e+00 2.726182e+00 2.829436e+00 2.401936e+00 4.813670e+00
<GCONST> 1.080971e+02
<STATE> 3
<MEAN> 25
 -1.104227e-08 2.420599e-09 -3.472830e-09 -4.246777e-09 -1.239522e-08 1.973595e-09 2.230325e-09 -3.852209e-09 -2.711656e-09 1.570480e-09 3.262617e-09 -2.040596e-11 4.860206e-04 2.025392e-03 -1.341709e-04 -1.592703e-03 1.170916e-04 1.148346e-03 -1.229178e-04 -2.721455e-03 -3.514933e-04 6.527482e-04 -1.189190e-03 -1.970915e-03 2.158235e-04
<VARIANCE> 25
 6.300775e+01 5.553968e+01 6.640719e+01 5.613477e+01 6.407832e+01 5.525362e+01 5.793406e+01 5.977361e+01 5.379140e+01 3.673146e+01 4.201406e+01 3.801796e+01 2.504932e+00 2.659757e+00 2.700122e+00 2.944490e+00 3.316420e+00 3.040936e+00 3.213305e+00 3.801739e+00 3.337681e+00 2.726182e+00 2.829436e+00 2.401936e+00 4.813670e+00
<GCONST> 1.080971e+02
<STATE> 4
<MEAN> 25
 -1.104227e-08 2.420599e-09 -3.472830e-09 -4.246777e-09 -1.239522e-08 1.973595e-09 2.230325e-09 -3.852209e-09 -2.711656e-09 1.570480e-09 3.262617e-09 -2.040596e-11 4.860206e-04 2.025392e-03 -1.341709e-04 -1.592703e-03 1.170916e-04 1.148346e-03 -1.229178e-04 -2.721455e-03 -3.514933e-04 6.527482e-04 -1.189190e-03 -1.970915e-03 2.158235e-04
<VARIANCE> 25
 6.300775e+01 5.553968e+01 6.640719e+01 5.613477e+01 6.407832e+01 5.525362e+01 5.793406e+01 5.977361e+01 5.379140e+01 3.673146e+01 4.201406e+01 3.801796e+01 2.504932e+00 2.659757e+00 2.700122e+00 2.944490e+00 3.316420e+00 3.040936e+00 3.213305e+00 3.801739e+00 3.337681e+00 2.726182e+00 2.829436e+00 2.401936e+00 4.813670e+00
<GCONST> 1.080971e+02
<TRANSP> 5
 0.000000e+00 1.000000e+00 0.000000e+00 0.000000e+00 0.000000e+00
 0.000000e+00 6.000000e-01 4.000000e-01 0.000000e+00 0.000000e+00
 0.000000e+00 0.000000e+00 6.000000e-01 4.000000e-01 0.000000e+00
 0.000000e+00 0.000000e+00 0.000000e+00 7.000000e-01 3.000000e-01
 0.000000e+00 0.000000e+00 0.000000e+00 0.000000e+00 0.000000e+00
<ENDHMM>

~h "B"
<BEGINHMM>
<NUMSTATES> 5
<STATE> 2
<MEAN> 25
 -1.104227e-08 2.420599e-09 -3.472830e-09 -4.246777e-09 -1.239522e-08 1.973595e-09 2.230325e-09 -3.852209e-09 -2.711656e-09 1.570480e-09 3.262617e-09 -2.040596e-11 4.860206e-04 2.025392e-03 -1.341709e-04 -1.592703e-03 1.170916e-04 1.148346e-03 -1.229178e-04 -2.721455e-03 -3.514933e-04 6.527482e-04 -1.189190e-03 -1.970915e-03 2.158235e-04
<VARIANCE> 25
 6.300775e+01 5.553968e+01 6.640719e+01 5.613477e+01 6.407832e+01 5.525362e+01 5.793406e+01 5.977361e+01 5.379140e+01 3.673146e+01 4.201406e+01 3.801796e+01 2.504932e+00 2.659757e+00 2.700122e+00 2.944490e+00 3.316420e+00 3.040936e+00 3.213305e+00 3.801739e+00 3.337681e+00 2.726182e+00 2.829436e+00 2.401936e+00 4.813670e+00
<GCONST> 1.080971e+02
<STATE> 3
<MEAN> 25
 -1.104227e-08 2.420599e-09 -3.472830e-09 -4.246777e-09 -1.239522e-08 1.973595e-09 2.230325e-09 -3.852209e-09 -2.711656e-09 1.570480e-09 3.262617e-09 -2.040596e-11 4.860206e-04 2.025392e-03 -1.341709e-04 -1.592703e-03 1.170916e-04 1.148346e-03 -1.229178e-04 -2.721455e-03 -3.514933e-04 6.527482e-04 -1.189190e-03 -1.970915e-03 2.158235e-04
<VARIANCE> 25
 6.300775e+01 5.553968e+01 6.640719e+01 5.613477e+01 6.407832e+01 5.525362e+01 5.793406e+01 5.977361e+01 5.379140e+01 3.673146e+01 4.201406e+01 3.801796e+01 2.504932e+00 2.659757e+00 2.700122e+00 2.944490e+00 3.316420e+00 3.040936e+00 3.213305e+00 3.801739e+00 3.337681e+00 2.726182e+00 2.829436e+00 2.401936e+00 4.813670e+00
<GCONST> 1.080971e+02
<STATE> 4
<MEAN> 25
 -1.104227e-08 2.420599e-09 -3.472830e-09 -4.246777e-09 -1.239522e-08 1.973595e-09 2.230325e-09 -3.852209e-09 -2.711656e-09 1.570480e-09 3.262617e-09 -2.040596e-11 4.860206e-04 2.025392e-03 -1.341709e-04 -1.592703e-03 1.170916e-04 1.148346e-03 -1.229178e-04 -2.721455e-03 -3.514933e-04 6.527482e-04 -1.189190e-03 -1.970915e-03 2.158235e-04
<VARIANCE> 25
 6.300775e+01 5.553968e+01 6.640719e+01 5.613477e+01 6.407832e+01 5.525362e+01 5.793406e+01 5.977361e+01 5.379140e+01 3.673146e+01 4.201406e+01 3.801796e+01 2.504932e+00 2.659757e+00 2.700122e+00 2.944490e+00 3.316420e+00 3.040936e+00 3.213305e+00 3.801739e+00 3.337681e+00 2.726182e+00 2.829436e+00 2.401936e+00 4.813670e+00
<GCONST> 1.080971e+02
<TRANSP> 5
 0.000000e+00 1.000000e+00 0.000000e+00 0.000000e+00 0.000000e+00
 0.000000e+00 6.000000e-01 4.000000e-01 0.000000e+00 0.000000e+00
 0.000000e+00 0.000000e+00 6.000000e-01 4.000000e-01 0.000000e+00
 0.000000e+00 0.000000e+00 0.000000e+00 7.000000e-01 3.000000e-01
 0.000000e+00 0.000000e+00 0.000000e+00 0.000000e+00 0.000000e+00
<ENDHMM>

~h "D"
<BEGINHMM>
<NUMSTATES> 5
<STATE> 2
<MEAN> 25
 -1.104227e-08 2.420599e-09 -3.472830e-09 -4.246777e-09 -1.239522e-08 1.973595e-09 2.230325e-09 -3.852209e-09 -2.711656e-09 1.570480e-09 3.262617e-09 -2.040596e-11 4.860206e-04 2.025392e-03 -1.341709e-04 -1.592703e-03 1.170916e-04 1.148346e-03 -1.229178e-04 -2.721455e-03 -3.514933e-04 6.527482e-04 -1.189190e-03 -1.970915e-03 2.158235e-04
<VARIANCE> 25
 6.300775e+01 5.553968e+01 6.640719e+01 5.613477e+01 6.407832e+01 5.525362e+01 5.793406e+01 5.977361e+01 5.379140e+01 3.673146e+01 4.201406e+01 3.801796e+01 2.504932e+00 2.659757e+00 2.700122e+00 2.944490e+00 3.316420e+00 3.040936e+00 3.213305e+00 3.801739e+00 3.337681e+00 2.726182e+00 2.829436e+00 2.401936e+00 4.813670e+00
<GCONST> 1.080971e+02
<STATE> 3
<MEAN> 25
 -1.104227e-08 2.420599e-09 -3.472830e-09 -4.246777e-09 -1.239522e-08 1.973595e-09 2.230325e-09 -3.852209e-09 -2.711656e-09 1.570480e-09 3.262617e-09 -2.040596e-11 4.860206e-04 2.025392e-03 -1.341709e-04 -1.592703e-03 1.170916e-04 1.148346e-03 -1.229178e-04 -2.721455e-03 -3.514933e-04 6.527482e-04 -1.189190e-03 -1.970915e-03 2.158235e-04
<VARIANCE> 25
 6.300775e+01 5.553968e+01 6.640719e+01 5.613477e+01 6.407832e+01 5.525362e+01 5.793406e+01 5.977361e+01 5.379140e+01 3.673146e+01 4.201406e+01 3.801796e+01 2.504932e+00 2.659757e+00 2.700122e+00 2.944490e+00 3.316420e+00 3.040936e+00 3.213305e+00 3.801739e+00 3.337681e+00 2.726182e+00 2.829436e+00 2.401936e+00 4.813670e+00
<GCONST> 1.080971e+02
<STATE> 4
<MEAN> 25
 -1.104227e-08 2.420599e-09 -3.472830e-09 -4.246777e-09 -1.239522e-08 1.973595e-09 2.230325e-09 -3.852209e-09 -2.711656e-09 1.570480e-09 3.262617e-09 -2.040596e-11 4.860206e-04 2.025392e-03 -1.341709e-04 -1.592703e-03 1.170916e-04 1.148346e-03 -1.229178e-04 -2.721455e-03 -3.514933e-04 6.527482e-04 -1.189190e-03 -1.970915e-03 2.158235e-04
<VARIANCE> 25
 6.300775e+01 5.553968e+01 6.640719e+01 5.613477e+01 6.407832e+01 5.525362e+01 5.793406e+01 5.977361e+01 5.379140e+01 3.673146e+01 4.201406e+01 3.801796e+01 2.504932e+00 2.659757e+00 2.700122e+00 2.944490e+00 3.316420e+00 3.040936e+00 3.213305e+00 3.801739e+00 3.337681e+00 2.726182e+00 2.829436e+00 2.401936e+00 4.813670e+00
<GCONST> 1.080971e+02
<TRANSP> 5
 0.000000e+00 1.000000e+00 0.000000e+00 0.000000e+00 0.000000e+00
 0.000000e+00 6.000000e-01 4.000000e-01 0.000000e+00 0.000000e+00
 0.000000e+00 0.000000e+00 6.000000e-01 4.000000e-01 0.000000e+00
 0.000000e+00 0.000000e+00 0.000000e+00 7.000000e-01 3.000000e-01
 0.000000e+00 0.000000e+00 0.000000e+00 0.000000e+00 0.000000e+00
<ENDHMM>

~h "I"
<BEGINHMM>
<NUMSTATES> 5
<STATE> 2
<MEAN> 25
 -1.104227e-08 2.420599e-09 -3.472830e-09 -4.246777e-09 -1.239522e-08 1.973595e-09 2.230325e-09 -3.852209e-09 -2.711656e-09 1.570480e-09 3.262617e-09 -2.040596e-11 4.860206e-04 2.025392e-03 -1.341709e-04 -1.592703e-03 1.170916e-04 1.148346e-03 -1.229178e-04 -2.721455e-03 -3.514933e-04 6.527482e-04 -1.189190e-03 -1.970915e-03 2.158235e-04
<VARIANCE> 25
 6.300775e+01 5.553968e+01 6.640719e+01 5.613477e+01 6.407832e+01 5.525362e+01 5.793406e+01 5.977361e+01 5.379140e+01 3.673146e+01 4.201406e+01 3.801796e+01 2.504932e+00 2.659757e+00 2.700122e+00 2.944490e+00 3.316420e+00 3.040936e+00 3.213305e+00 3.801739e+00 3.337681e+00 2.726182e+00 2.829436e+00 2.401936e+00 4.813670e+00
<GCONST> 1.080971e+02
<STATE> 3
<MEAN> 25
 -1.104227e-08 2.420599e-09 -3.472830e-09 -4.246777e-09 -1.239522e-08 1.973595e-09 2.230325e-09 -3.852209e-09 -2.711656e-09 1.570480e-09 3.262617e-09 -2.040596e-11 4.860206e-04 2.025392e-03 -1.341709e-04 -1.592703e-03 1.170916e-04 1.148346e-03 -1.229178e-04 -2.721455e-03 -3.514933e-04 6.527482e-04 -1.189190e-03 -1.970915e-03 2.158235e-04
<VARIANCE> 25
 6.300775e+01 5.553968e+01 6.640719e+01 5.613477e+01 6.407832e+01 5.525362e+01 5.793406e+01 5.977361e+01 5.379140e+01 3.673146e+01 4.201406e+01 3.801796e+01 2.504932e+00 2.659757e+00 2.700122e+00 2.944490e+00 3.316420e+00 3.040936e+00 3.213305e+00 3.801739e+00 3.337681e+00 2.726182e+00 2.829436e+00 2.401936e+00 4.813670e+00
<GCONST> 1.080971e+02
<STATE> 4
<MEAN> 25
 -1.104227e-08 2.420599e-09 -3.472830e-09 -4.246777e-09 -1.239522e-08 1.973595e-09 2.230325e-09 -3.852209e-09 -2.711656e-09 1.570480e-09 3.262617e-09 -2.040596e-11 4.860206e-04 2.025392e-03 -1.341709e-04 -1.592703e-03 1.170916e-04 1.148346e-03 -1.229178e-04 -2.721455e-03 -3.514933e-04 6.527482e-04 -1.189190e-03 -1.970915e-03 2.158235e-04
<VARIANCE> 25
 6.300775e+01 5.553968e+01 6.640719e+01 5.613477e+01 6.407832e+01 5.525362e+01 5.793406e+01 5.977361e+01 5.379140e+01 3.673146e+01 4.201406e+01 3.801796e+01 2.504932e+00 2.659757e+00 2.700122e+00 2.944490e+00 3.316420e+00 3.040936e+00 3.213305e+00 3.801739e+00 3.337681e+00 2.726182e+00 2.829436e+00 2.401936e+00 4.813670e+00
<GCONST> 1.080971e+02
<TRANSP> 5
 0.000000e+00 1.000000e+00 0.000000e+00 0.000000e+00 0.000000e+00
 0.000000e+00 6.000000e-01 4.000000e-01 0.000000e+00 0.000000e+00
 0.000000e+00 0.000000e+00 6.000000e-01 4.000000e-01 0.000000e+00
 0.000000e+00 0.000000e+00 0.000000e+00 7.000000e-01 3.000000e-01
 0.000000e+00 0.000000e+00 0.000000e+00 0.000000e+00 0.000000e+00
<ENDHMM>

~h "AI"
<BEGINHMM>
<NUMSTATES> 5
<STATE> 2
<MEAN> 25
 -1.104227e-08 2.420599e-09 -3.472830e-09 -4.246777e-09 -1.239522e-08 1.973595e-09 2.230325e-09 -3.852209e-09 -2.711656e-09 1.570480e-09 3.262617e-09 -2.040596e-11 4.860206e-04 2.025392e-03 -1.341709e-04 -1.592703e-03 1.170916e-04 1.148346e-03 -1.229178e-04 -2.721455e-03 -3.514933e-04 6.527482e-04 -1.189190e-03 -1.970915e-03 2.158235e-04
<VARIANCE> 25
 6.300775e+01 5.553968e+01 6.640719e+01 5.613477e+01 6.407832e+01 5.525362e+01 5.793406e+01 5.977361e+01 5.379140e+01 3.673146e+01 4.201406e+01 3.801796e+01 2.504932e+00 2.659757e+00 2.700122e+00 2.944490e+00 3.316420e+00 3.040936e+00 3.213305e+00 3.801739e+00 3.337681e+00 2.726182e+00 2.829436e+00 2.401936e+00 4.813670e+00
<GCONST> 1.080971e+02
<STATE> 3
<MEAN> 25
 -1.104227e-08 2.420599e-09 -3.472830e-09 -4.246777e-09 -1.239522e-08 1.973595e-09 2.230325e-09 -3.852209e-09 -2.711656e-09 1.570480e-09 3.262617e-09 -2.040596e-11 4.860206e-04 2.025392e-03 -1.341709e-04 -1.592703e-03 1.170916e-04 1.148346e-03 -1.229178e-04 -2.721455e-03 -3.514933e-04 6.527482e-04 -1.189190e-03 -1.970915e-03 2.158235e-04
<VARIANCE> 25
 6.300775e+01 5.553968e+01 6.640719e+01 5.613477e+01 6.407832e+01 5.525362e+01 5.793406e+01 5.977361e+01 5.379140e+01 3.673146e+01 4.201406e+01 3.801796e+01 2.504932e+00 2.659757e+00 2.700122e+00 2.944490e+00 3.316420e+00 3.040936e+00 3.213305e+00 3.801739e+00 3.337681e+00 2.726182e+00 2.829436e+00 2.401936e+00 4.813670e+00
<GCONST> 1.080971e+02
<STATE> 4
<MEAN> 25
 -1.104227e-08 2.420599e-09 -3.472830e-09 -4.246777e-09 -1.239522e-08 1.973595e-09 2.230325e-09 -3.852209e-09 -2.711656e-09 1.570480e-09 3.262617e-09 -2.040596e-11 4.860206e-04 2.025392e-03 -1.341709e-04 -1.592703e-03 1.170916e-04 1.148346e-03 -1.229178e-04 -2.721455e-03 -3.514933e-04 6.527482e-04 -1.189190e-03 -1.970915e-03 2.158235e-04
<VARIANCE> 25
 6.300775e+01 5.553968e+01 6.640719e+01 5.613477e+01 6.407832e+01 5.525362e+01 5.793406e+01 5.977361e+01 5.379140e+01 3.673146e+01 4.201406e+01 3.801796e+01 2.504932e+00 2.659757e+00 2.700122e+00 2.944490e+00 3.316420e+00 3.040936e+00 3.213305e+00 3.801739e+00 3.337681e+00 2.726182e+00 2.829436e+00 2.401936e+00 4.813670e+00
<GCONST> 1.080971e+02
<TRANSP> 5
 0.000000e+00 1.000000e+00 0.000000e+00 0.000000e+00 0.000000e+00
 0.000000e+00 6.000000e-01 4.000000e-01 0.000000e+00 0.000000e+00
 0.000000e+00 0.000000e+00 6.000000e-01 4.000000e-01 0.000000e+00
 0.000000e+00 0.000000e+00 0.000000e+00 7.000000e-01 3.000000e-01
 0.000000e+00 0.000000e+00 0.000000e+00 0.000000e+00 0.000000e+00
<ENDHMM>

~h "K"
<BEGINHMM>
<NUMSTATES> 5
<STATE> 2
<MEAN> 25
 -1.104227e-08 2.420599e-09 -3.472830e-09 -4.246777e-09 -1.239522e-08 1.973595e-09 2.230325e-09 -3.852209e-09 -2.711656e-09 1.570480e-09 3.262617e-09 -2.040596e-11 4.860206e-04 2.025392e-03 -1.341709e-04 -1.592703e-03 1.170916e-04 1.148346e-03 -1.229178e-04 -2.721455e-03 -3.514933e-04 6.527482e-04 -1.189190e-03 -1.970915e-03 2.158235e-04
<VARIANCE> 25
 6.300775e+01 5.553968e+01 6.640719e+01 5.613477e+01 6.407832e+01 5.525362e+01 5.793406e+01 5.977361e+01 5.379140e+01 3.673146e+01 4.201406e+01 3.801796e+01 2.504932e+00 2.659757e+00 2.700122e+00 2.944490e+00 3.316420e+00 3.040936e+00 3.213305e+00 3.801739e+00 3.337681e+00 2.726182e+00 2.829436e+00 2.401936e+00 4.813670e+00
<GCONST> 1.080971e+02
<STATE> 3
<MEAN> 25
 -1.104227e-08 2.420599e-09 -3.472830e-09 -4.246777e-09 -1.239522e-08 1.973595e-09 2.230325e-09 -3.852209e-09 -2.711656e-09 1.570480e-09 3.262617e-09 -2.040596e-11 4.860206e-04 2.025392e-03 -1.341709e-04 -1.592703e-03 1.170916e-04 1.148346e-03 -1.229178e-04 -2.721455e-03 -3.514933e-04 6.527482e-04 -1.189190e-03 -1.970915e-03 2.158235e-04
<VARIANCE> 25
 6.300775e+01 5.553968e+01 6.640719e+01 5.613477e+01 6.407832e+01 5.525362e+01 5.793406e+01 5.977361e+01 5.379140e+01 3.673146e+01 4.201406e+01 3.801796e+01 2.504932e+00 2.659757e+00 2.700122e+00 2.944490e+00 3.316420e+00 3.040936e+00 3.213305e+00 3.801739e+00 3.337681e+00 2.726182e+00 2.829436e+00 2.401936e+00 4.813670e+00
<GCONST> 1.080971e+02
<STATE> 4
<MEAN> 25
 -1.104227e-08 2.420599e-09 -3.472830e-09 -4.246777e-09 -1.239522e-08 1.973595e-09 2.230325e-09 -3.852209e-09 -2.711656e-09 1.570480e-09 3.262617e-09 -2.040596e-11 4.860206e-04 2.025392e-03 -1.341709e-04 -1.592703e-03 1.170916e-04 1.148346e-03 -1.229178e-04 -2.721455e-03 -3.514933e-04 6.527482e-04 -1.189190e-03 -1.970915e-03 2.158235e-04
<VARIANCE> 25
 6.300775e+01 5.553968e+01 6.640719e+01 5.613477e+01 6.407832e+01 5.525362e+01 5.793406e+01 5.977361e+01 5.379140e+01 3.673146e+01 4.201406e+01 3.801796e+01 2.504932e+00 2.659757e+00 2.700122e+00 2.944490e+00 3.316420e+00 3.040936e+00 3.213305e+00 3.801739e+00 3.337681e+00 2.726182e+00 2.829436e+00 2.401936e+00 4.813670e+00
<GCONST> 1.080971e+02
<TRANSP> 5
 0.000000e+00 1.000000e+00 0.000000e+00 0.000000e+00 0.000000e+00
 0.000000e+00 6.000000e-01 4.000000e-01 0.000000e+00 0.000000e+00
 0.000000e+00 0.000000e+00 6.000000e-01 4.000000e-01 0.000000e+00
 0.000000e+00 0.000000e+00 0.000000e+00 7.000000e-01 3.000000e-01
 0.000000e+00 0.000000e+00 0.000000e+00 0.000000e+00 0.000000e+00
<ENDHMM>

~h "N"
<BEGINHMM>
<NUMSTATES> 5
<STATE> 2
<MEAN> 25
 -1.104227e-08 2.420599e-09 -3.472830e-09 -4.246777e-09 -1.239522e-08 1.973595e-09 2.230325e-09 -3.852209e-09 -2.711656e-09 1.570480e-09 3.262617e-09 -2.040596e-11 4.860206e-04 2.025392e-03 -1.341709e-04 -1.592703e-03 1.170916e-04 1.148346e-03 -1.229178e-04 -2.721455e-03 -3.514933e-04 6.527482e-04 -1.189190e-03 -1.970915e-03 2.158235e-04
<VARIANCE> 25
 6.300775e+01 5.553968e+01 6.640719e+01 5.613477e+01 6.407832e+01 5.525362e+01 5.793406e+01 5.977361e+01 5.379140e+01 3.673146e+01 4.201406e+01 3.801796e+01 2.504932e+00 2.659757e+00 2.700122e+00 2.944490e+00 3.316420e+00 3.040936e+00 3.213305e+00 3.801739e+00 3.337681e+00 2.726182e+00 2.829436e+00 2.401936e+00 4.813670e+00
<GCONST> 1.080971e+02
<STATE> 3
<MEAN> 25
 -1.104227e-08 2.420599e-09 -3.472830e-09 -4.246777e-09 -1.239522e-08 1.973595e-09 2.230325e-09 -3.852209e-09 -2.711656e-09 1.570480e-09 3.262617e-09 -2.040596e-11 4.860206e-04 2.025392e-03 -1.341709e-04 -1.592703e-03 1.170916e-04 1.148346e-03 -1.229178e-04 -2.721455e-03 -3.514933e-04 6.527482e-04 -1.189190e-03 -1.970915e-03 2.158235e-04
<VARIANCE> 25
 6.300775e+01 5.553968e+01 6.640719e+01 5.613477e+01 6.407832e+01 5.525362e+01 5.793406e+01 5.977361e+01 5.379140e+01 3.673146e+01 4.201406e+01 3.801796e+01 2.504932e+00 2.659757e+00 2.700122e+00 2.944490e+00 3.316420e+00 3.040936e+00 3.213305e+00 3.801739e+00 3.337681e+00 2.726182e+00 2.829436e+00 2.401936e+00 4.813670e+00
<GCONST> 1.080971e+02
<STATE> 4
<MEAN> 25
 -1.104227e-08 2.420599e-09 -3.472830e-09 -4.246777e-09 -1.239522e-08 1.973595e-09 2.230325e-09 -3.852209e-09 -2.711656e-09 1.570480e-09 3.262617e-09 -2.040596e-11 4.860206e-04 2.025392e-03 -1.341709e-04 -1.592703e-03 1.170916e-04 1.148346e-03 -1.229178e-04 -2.721455e-03 -3.514933e-04 6.527482e-04 -1.189190e-03 -1.970915e-03 2.158235e-04
<VARIANCE> 25
 6.300775e+01 5.553968e+01 6.640719e+01 5.613477e+01 6.407832e+01 5.525362e+01 5.793406e+01 5.977361e+01 5.379140e+01 3.673146e+01 4.201406e+01 3.801796e+01 2.504932e+00 2.659757e+00 2.700122e+00 2.944490e+00 3.316420e+00 3.040936e+00 3.213305e+00 3.801739e+00 3.337681e+00 2.726182e+00 2.829436e+00 2.401936e+00 4.813670e+00
<GCONST> 1.080971e+02
<TRANSP> 5
 0.000000e+00 1.000000e+00 0.000000e+00 0.000000e+00 0.000000e+00
 0.000000e+00 6.000000e-01 4.000000e-01 0.000000e+00 0.000000e+00
 0.000000e+00 0.000000e+00 6.000000e-01 4.000000e-01 0.000000e+00
 0.000000e+00 0.000000e+00 0.000000e+00 7.000000e-01 3.000000e-01
 0.000000e+00 0.000000e+00 0.000000e+00 0.000000e+00 0.000000e+00
<ENDHMM>

~h "NG"
<BEGINHMM>
<NUMSTATES> 5
<STATE> 2
<MEAN> 25
 -1.104227e-08 2.420599e-09 -3.472830e-09 -4.246777e-09 -1.239522e-08 1.973595e-09 2.230325e-09 -3.852209e-09 -2.711656e-09 1.570480e-09 3.262617e-09 -2.040596e-11 4.860206e-04 2.025392e-03 -1.341709e-04 -1.592703e-03 1.170916e-04 1.148346e-03 -1.229178e-04 -2.721455e-03 -3.514933e-04 6.527482e-04 -1.189190e-03 -1.970915e-03 2.158235e-04
<VARIANCE> 25
 6.300775e+01 5.553968e+01 6.640719e+01 5.613477e+01 6.407832e+01 5.525362e+01 5.793406e+01 5.977361e+01 5.379140e+01 3.673146e+01 4.201406e+01 3.801796e+01 2.504932e+00 2.659757e+00 2.700122e+00 2.944490e+00 3.316420e+00 3.040936e+00 3.213305e+00 3.801739e+00 3.337681e+00 2.726182e+00 2.829436e+00 2.401936e+00 4.813670e+00
<GCONST> 1.080971e+02
<STATE> 3
<MEAN> 25
 -1.104227e-08 2.420599e-09 -3.472830e-09 -4.246777e-09 -1.239522e-08 1.973595e-09 2.230325e-09 -3.852209e-09 -2.711656e-09 1.570480e-09 3.262617e-09 -2.040596e-11 4.860206e-04 2.025392e-03 -1.341709e-04 -1.592703e-03 1.170916e-04 1.148346e-03 -1.229178e-04 -2.721455e-03 -3.514933e-04 6.527482e-04 -1.189190e-03 -1.970915e-03 2.158235e-04
<VARIANCE> 25
 6.300775e+01 5.553968e+01 6.640719e+01 5.613477e+01 6.407832e+01 5.525362e+01 5.793406e+01 5.977361e+01 5.379140e+01 3.673146e+01 4.201406e+01 3.801796e+01 2.504932e+00 2.659757e+00 2.700122e+00 2.944490e+00 3.316420e+00 3.040936e+00 3.213305e+00 3.801739e+00 3.337681e+00 2.726182e+00 2.829436e+00 2.401936e+00 4.813670e+00
<GCONST> 1.080971e+02
<STATE> 4
<MEAN> 25
 -1.104227e-08 2.420599e-09 -3.472830e-09 -4.246777e-09 -1.239522e-08 1.973595e-09 2.230325e-09 -3.852209e-09 -2.711656e-09 1.570480e-09 3.262617e-09 -2.040596e-11 4.860206e-04 2.025392e-03 -1.341709e-04 -1.592703e-03 1.170916e-04 1.148346e-03 -1.229178e-04 -2.721455e-03 -3.514933e-04 6.527482e-04 -1.189190e-03 -1.970915e-03 2.158235e-04
<VARIANCE> 25
 6.300775e+01 5.553968e+01 6.640719e+01 5.613477e+01 6.407832e+01 5.525362e+01 5.793406e+01 5.977361e+01 5.379140e+01 3.673146e+01 4.201406e+01 3.801796e+01 2.504932e+00 2.659757e+00 2.700122e+00 2.944490e+00 3.316420e+00 3.040936e+00 3.213305e+00 3.801739e+00 3.337681e+00 2.726182e+00 2.829436e+00 2.401936e+00 4.813670e+00
<GCONST> 1.080971e+02
<TRANSP> 5
 0.000000e+00 1.000000e+00 0.000000e+00 0.000000e+00 0.000000e+00
 0.000000e+00 6.000000e-01 4.000000e-01 0.000000e+00 0.000000e+00
 0.000000e+00 0.000000e+00 6.000000e-01 4.000000e-01 0.000000e+00
 0.000000e+00 0.000000e+00 0.000000e+00 7.000000e-01 3.000000e-01
 0.000000e+00 0.000000e+00 0.000000e+00 0.000000e+00 0.000000e+00
<ENDHMM>

~h "Y"
<BEGINHMM>
<NUMSTATES> 5
<STATE> 2
<MEAN> 25
 -1.104227e-08 2.420599e-09 -3.472830e-09 -4.246777e-09 -1.239522e-08 1.973595e-09 2.230325e-09 -3.852209e-09 -2.711656e-09 1.570480e-09 3.262617e-09 -2.040596e-11 4.860206e-04 2.025392e-03 -1.341709e-04 -1.592703e-03 1.170916e-04 1.148346e-03 -1.229178e-04 -2.721455e-03 -3.514933e-04 6.527482e-04 -1.189190e-03 -1.970915e-03 2.158235e-04
<VARIANCE> 25
 6.300775e+01 5.553968e+01 6.640719e+01 5.613477e+01 6.407832e+01 5.525362e+01 5.793406e+01 5.977361e+01 5.379140e+01 3.673146e+01 4.201406e+01 3.801796e+01 2.504932e+00 2.659757e+00 2.700122e+00 2.944490e+00 3.316420e+00 3.040936e+00 3.213305e+00 3.801739e+00 3.337681e+00 2.726182e+00 2.829436e+00 2.401936e+00 4.813670e+00
<GCONST> 1.080971e+02
<STATE> 3
<MEAN> 25
 -1.104227e-08 2.420599e-09 -3.472830e-09 -4.246777e-09 -1.239522e-08 1.973595e-09 2.230325e-09 -3.852209e-09 -2.711656e-09 1.570480e-09 3.262617e-09 -2.040596e-11 4.860206e-04 2.025392e-03 -1.341709e-04 -1.592703e-03 1.170916e-04 1.148346e-03 -1.229178e-04 -2.721455e-03 -3.514933e-04 6.527482e-04 -1.189190e-03 -1.970915e-03 2.158235e-04
<VARIANCE> 25
 6.300775e+01 5.553968e+01 6.640719e+01 5.613477e+01 6.407832e+01 5.525362e+01 5.793406e+01 5.977361e+01 5.379140e+01 3.673146e+01 4.201406e+01 3.801796e+01 2.504932e+00 2.659757e+00 2.700122e+00 2.944490e+00 3.316420e+00 3.040936e+00 3.213305e+00 3.801739e+00 3.337681e+00 2.726182e+00 2.829436e+00 2.401936e+00 4.813670e+00
<GCONST> 1.080971e+02
<STATE> 4
<MEAN> 25
 -1.104227e-08 2.420599e-09 -3.472830e-09 -4.246777e-09 -1.239522e-08 1.973595e-09 2.230325e-09 -3.852209e-09 -2.711656e-09 1.570480e-09 3.262617e-09 -2.040596e-11 4.860206e-04 2.025392e-03 -1.341709e-04 -1.592703e-03 1.170916e-04 1.148346e-03 -1.229178e-04 -2.721455e-03 -3.514933e-04 6.527482e-04 -1.189190e-03 -1.970915e-03 2.158235e-04
<VARIANCE> 25
 6.300775e+01 5.553968e+01 6.640719e+01 5.613477e+01 6.407832e+01 5.525362e+01 5.793406e+01 5.977361e+01 5.379140e+01 3.673146e+01 4.201406e+01 3.801796e+01 2.504932e+00 2.659757e+00 2.700122e+00 2.944490e+00 3.316420e+00 3.040936e+00 3.213305e+00 3.801739e+00 3.337681e+00 2.726182e+00 2.829436e+00 2.401936e+00 4.813670e+00
<GCONST> 1.080971e+02
<TRANSP> 5
 0.000000e+00 1.000000e+00 0.000000e+00 0.000000e+00 0.000000e+00
 0.000000e+00 6.000000e-01 4.000000e-01 0.000000e+00 0.000000e+00
 0.000000e+00 0.000000e+00 6.000000e-01 4.000000e-01 0.000000e+00
 0.000000e+00 0.000000e+00 0.000000e+00 7.000000e-01 3.000000e-01
 0.000000e+00 0.000000e+00 0.000000e+00 0.000000e+00 0.000000e+00
<ENDHMM>

~h "S"
<BEGINHMM>
<NUMSTATES> 5
<STATE> 2
<MEAN> 25
 -1.104227e-08 2.420599e-09 -3.472830e-09 -4.246777e-09 -1.239522e-08 1.973595e-09 2.230325e-09 -3.852209e-09 -2.711656e-09 1.570480e-09 3.262617e-09 -2.040596e-11 4.860206e-04 2.025392e-03 -1.341709e-04 -1.592703e-03 1.170916e-04 1.148346e-03 -1.229178e-04 -2.721455e-03 -3.514933e-04 6.527482e-04 -1.189190e-03 -1.970915e-03 2.158235e-04
<VARIANCE> 25
 6.300775e+01 5.553968e+01 6.640719e+01 5.613477e+01 6.407832e+01 5.525362e+01 5.793406e+01 5.977361e+01 5.379140e+01 3.673146e+01 4.201406e+01 3.801796e+01 2.504932e+00 2.659757e+00 2.700122e+00 2.944490e+00 3.316420e+00 3.040936e+00 3.213305e+00 3.801739e+00 3.337681e+00 2.726182e+00 2.829436e+00 2.401936e+00 4.813670e+00
<GCONST> 1.080971e+02
<STATE> 3
<MEAN> 25
 -1.104227e-08 2.420599e-09 -3.472830e-09 -4.246777e-09 -1.239522e-08 1.973595e-09 2.230325e-09 -3.852209e-09 -2.711656e-09 1.570480e-09 3.262617e-09 -2.040596e-11 4.860206e-04 2.025392e-03 -1.341709e-04 -1.592703e-03 1.170916e-04 1.148346e-03 -1.229178e-04 -2.721455e-03 -3.514933e-04 6.527482e-04 -1.189190e-03 -1.970915e-03 2.158235e-04
<VARIANCE> 25
 6.300775e+01 5.553968e+01 6.640719e+01 5.613477e+01 6.407832e+01 5.525362e+01 5.793406e+01 5.977361e+01 5.379140e+01 3.673146e+01 4.201406e+01 3.801796e+01 2.504932e+00 2.659757e+00 2.700122e+00 2.944490e+00 3.316420e+00 3.040936e+00 3.213305e+00 3.801739e+00 3.337681e+00 2.726182e+00 2.829436e+00 2.401936e+00 4.813670e+00
<GCONST> 1.080971e+02
<STATE> 4
<MEAN> 25
 -1.104227e-08 2.420599e-09 -3.472830e-09 -4.246777e-09 -1.239522e-08 1.973595e-09 2.230325e-09 -3.852209e-09 -2.711656e-09 1.570480e-09 3.262617e-09 -2.040596e-11 4.860206e-04 2.025392e-03 -1.341709e-04 -1.592703e-03 1.170916e-04 1.148346e-03 -1.229178e-04 -2.721455e-03 -3.514933e-04 6.527482e-04 -1.189190e-03 -1.970915e-03 2.158235e-04
<VARIANCE> 25
 6.300775e+01 5.553968e+01 6.640719e+01 5.613477e+01 6.407832e+01 5.525362e+01 5.793406e+01 5.977361e+01 5.379140e+01 3.673146e+01 4.201406e+01 3.801796e+01 2.504932e+00 2.659757e+00 2.700122e+00 2.944490e+00 3.316420e+00 3.040936e+00 3.213305e+00 3.801739e+00 3.337681e+00 2.726182e+00 2.829436e+00 2.401936e+00 4.813670e+00
<GCONST> 1.080971e+02
<TRANSP> 5
 0.000000e+00 1.000000e+00 0.000000e+00 0.000000e+00 0.000000e+00
 0.000000e+00 6.000000e-01 4.000000e-01 0.000000e+00 0.000000e+00
 0.000000e+00 0.000000e+00 6.000000e-01 4.000000e-01 0.000000e+00
 0.000000e+00 0.000000e+00 0.000000e+00 7.000000e-01 3.000000e-01
 0.000000e+00 0.000000e+00 0.000000e+00 0.000000e+00 0.000000e+00
<ENDHMM>

~h "E"
<BEGINHMM>
<NUMSTATES> 5
<STATE> 2
<MEAN> 25
 -1.104227e-08 2.420599e-09 -3.472830e-09 -4.246777e-09 -1.239522e-08 1.973595e-09 2.230325e-09 -3.852209e-09 -2.711656e-09 1.570480e-09 3.262617e-09 -2.040596e-11 4.860206e-04 2.025392e-03 -1.341709e-04 -1.592703e-03 1.170916e-04 1.148346e-03 -1.229178e-04 -2.721455e-03 -3.514933e-04 6.527482e-04 -1.189190e-03 -1.970915e-03 2.158235e-04
<VARIANCE> 25
 6.300775e+01 5.553968e+01 6.640719e+01 5.613477e+01 6.407832e+01 5.525362e+01 5.793406e+01 5.977361e+01 5.379140e+01 3.673146e+01 4.201406e+01 3.801796e+01 2.504932e+00 2.659757e+00 2.700122e+00 2.944490e+00 3.316420e+00 3.040936e+00 3.213305e+00 3.801739e+00 3.337681e+00 2.726182e+00 2.829436e+00 2.401936e+00 4.813670e+00
<GCONST> 1.080971e+02
<STATE> 3
<MEAN> 25
 -1.104227e-08 2.420599e-09 -3.472830e-09 -4.246777e-09 -1.239522e-08 1.973595e-09 2.230325e-09 -3.852209e-09 -2.711656e-09 1.570480e-09 3.262617e-09 -2.040596e-11 4.860206e-04 2.025392e-03 -1.341709e-04 -1.592703e-03 1.170916e-04 1.148346e-03 -1.229178e-04 -2.721455e-03 -3.514933e-04 6.527482e-04 -1.189190e-03 -1.970915e-03 2.158235e-04
<VARIANCE> 25
 6.300775e+01 5.553968e+01 6.640719e+01 5.613477e+01 6.407832e+01 5.525362e+01 5.793406e+01 5.977361e+01 5.379140e+01 3.673146e+01 4.201406e+01 3.801796e+01 2.504932e+00 2.659757e+00 2.700122e+00 2.944490e+00 3.316420e+00 3.040936e+00 3.213305e+00 3.801739e+00 3.337681e+00 2.726182e+00 2.829436e+00 2.401936e+00 4.813670e+00
<GCONST> 1.080971e+02
<STATE> 4
<MEAN> 25
 -1.104227e-08 2.420599e-09 -3.472830e-09 -4.246777e-09 -1.239522e-08 1.973595e-09 2.230325e-09 -3.852209e-09 -2.711656e-09 1.570480e-09 3.262617e-09 -2.040596e-11 4.860206e-04 2.025392e-03 -1.341709e-04 -1.592703e-03 1.170916e-04 1.148346e-03 -1.229178e-04 -2.721455e-03 -3.514933e-04 6.527482e-04 -1.189190e-03 -1.970915e-03 2.158235e-04
<VARIANCE> 25
 6.300775e+01 5.553968e+01 6.640719e+01 5.613477e+01 6.407832e+01 5.525362e+01 5.793406e+01 5.977361e+01 5.379140e+01 3.673146e+01 4.201406e+01 3.801796e+01 2.504932e+00 2.659757e+00 2.700122e+00 2.944490e+00 3.316420e+00 3.040936e+00 3.213305e+00 3.801739e+00 3.337681e+00 2.726182e+00 2.829436e+00 2.401936e+00 4.813670e+00
<GCONST> 1.080971e+02
<TRANSP> 5
 0.000000e+00 1.000000e+00 0.000000e+00 0.000000e+00 0.000000e+00
 0.000000e+00 6.000000e-01 4.000000e-01 0.000000e+00 0.000000e+00
 0.000000e+00 0.000000e+00 6.000000e-01 4.000000e-01 0.000000e+00
 0.000000e+00 0.000000e+00 0.000000e+00 7.000000e-01 3.000000e-01
 0.000000e+00 0.000000e+00 0.000000e+00 0.000000e+00 0.000000e+00
<ENDHMM>

~h "L"
<BEGINHMM>
<NUMSTATES> 5
<STATE> 2
<MEAN> 25
 -1.104227e-08 2.420599e-09 -3.472830e-09 -4.246777e-09 -1.239522e-08 1.973595e-09 2.230325e-09 -3.852209e-09 -2.711656e-09 1.570480e-09 3.262617e-09 -2.040596e-11 4.860206e-04 2.025392e-03 -1.341709e-04 -1.592703e-03 1.170916e-04 1.148346e-03 -1.229178e-04 -2.721455e-03 -3.514933e-04 6.527482e-04 -1.189190e-03 -1.970915e-03 2.158235e-04
<VARIANCE> 25
 6.300775e+01 5.553968e+01 6.640719e+01 5.613477e+01 6.407832e+01 5.525362e+01 5.793406e+01 5.977361e+01 5.379140e+01 3.673146e+01 4.201406e+01 3.801796e+01 2.504932e+00 2.659757e+00 2.700122e+00 2.944490e+00 3.316420e+00 3.040936e+00 3.213305e+00 3.801739e+00 3.337681e+00 2.726182e+00 2.829436e+00 2.401936e+00 4.813670e+00
<GCONST> 1.080971e+02
<STATE> 3
<MEAN> 25
 -1.104227e-08 2.420599e-09 -3.472830e-09 -4.246777e-09 -1.239522e-08 1.973595e-09 2.230325e-09 -3.852209e-09 -2.711656e-09 1.570480e-09 3.262617e-09 -2.040596e-11 4.860206e-04 2.025392e-03 -1.341709e-04 -1.592703e-03 1.170916e-04 1.148346e-03 -1.229178e-04 -2.721455e-03 -3.514933e-04 6.527482e-04 -1.189190e-03 -1.970915e-03 2.158235e-04
<VARIANCE> 25
 6.300775e+01 5.553968e+01 6.640719e+01 5.613477e+01 6.407832e+01 5.525362e+01 5.793406e+01 5.977361e+01 5.379140e+01 3.673146e+01 4.201406e+01 3.801796e+01 2.504932e+00 2.659757e+00 2.700122e+00 2.944490e+00 3.316420e+00 3.040936e+00 3.213305e+00 3.801739e+00 3.337681e+00 2.726182e+00 2.829436e+00 2.401936e+00 4.813670e+00
<GCONST> 1.080971e+02
<STATE> 4
<MEAN> 25
 -1.104227e-08 2.420599e-09 -3.472830e-09 -4.246777e-09 -1.239522e-08 1.973595e-09 2.230325e-09 -3.852209e-09 -2.711656e-09 1.570480e-09 3.262617e-09 -2.040596e-11 4.860206e-04 2.025392e-03 -1.341709e-04 -1.592703e-03 1.170916e-04 1.148346e-03 -1.229178e-04 -2.721455e-03 -3.514933e-04 6.527482e-04 -1.189190e-03 -1.970915e-03 2.158235e-04
<VARIANCE> 25
 6.300775e+01 5.553968e+01 6.640719e+01 5.613477e+01 6.407832e+01 5.525362e+01 5.793406e+01 5.977361e+01 5.379140e+01 3.673146e+01 4.201406e+01 3.801796e+01 2.504932e+00 2.659757e+00 2.700122e+00 2.944490e+00 3.316420e+00 3.040936e+00 3.213305e+00 3.801739e+00 3.337681e+00 2.726182e+00 2.829436e+00 2.401936e+00 4.813670e+00
<GCONST> 1.080971e+02
<TRANSP> 5
 0.000000e+00 1.000000e+00 0.000000e+00 0.000000e+00 0.000000e+00
 0.000000e+00 6.000000e-01 4.000000e-01 0.000000e+00 0.000000e+00
 0.000000e+00 0.000000e+00 6.000000e-01 4.000000e-01 0.000000e+00
 0.000000e+00 0.000000e+00 0.000000e+00 7.000000e-01 3.000000e-01
 0.000000e+00 0.000000e+00 0.000000e+00 0.000000e+00 0.000000e+00
<ENDHMM>

~h "U"
<BEGINHMM>
<NUMSTATES> 5
<STATE> 2
<MEAN> 25
 -1.104227e-08 2.420599e-09 -3.472830e-09 -4.246777e-09 -1.239522e-08 1.973595e-09 2.230325e-09 -3.852209e-09 -2.711656e-09 1.570480e-09 3.262617e-09 -2.040596e-11 4.860206e-04 2.025392e-03 -1.341709e-04 -1.592703e-03 1.170916e-04 1.148346e-03 -1.229178e-04 -2.721455e-03 -3.514933e-04 6.527482e-04 -1.189190e-03 -1.970915e-03 2.158235e-04
<VARIANCE> 25
 6.300775e+01 5.553968e+01 6.640719e+01 5.613477e+01 6.407832e+01 5.525362e+01 5.793406e+01 5.977361e+01 5.379140e+01 3.673146e+01 4.201406e+01 3.801796e+01 2.504932e+00 2.659757e+00 2.700122e+00 2.944490e+00 3.316420e+00 3.040936e+00 3.213305e+00 3.801739e+00 3.337681e+00 2.726182e+00 2.829436e+00 2.401936e+00 4.813670e+00
<GCONST> 1.080971e+02
<STATE> 3
<MEAN> 25
 -1.104227e-08 2.420599e-09 -3.472830e-09 -4.246777e-09 -1.239522e-08 1.973595e-09 2.230325e-09 -3.852209e-09 -2.711656e-09 1.570480e-09 3.262617e-09 -2.040596e-11 4.860206e-04 2.025392e-03 -1.341709e-04 -1.592703e-03 1.170916e-04 1.148346e-03 -1.229178e-04 -2.721455e-03 -3.514933e-04 6.527482e-04 -1.189190e-03 -1.970915e-03 2.158235e-04
<VARIANCE> 25
 6.300775e+01 5.553968e+01 6.640719e+01 5.613477e+01 6.407832e+01 5.525362e+01 5.793406e+01 5.977361e+01 5.379140e+01 3.673146e+01 4.201406e+01 3.801796e+01 2.504932e+00 2.659757e+00 2.700122e+00 2.944490e+00 3.316420e+00 3.040936e+00 3.213305e+00 3.801739e+00 3.337681e+00 2.726182e+00 2.829436e+00 2.401936e+00 4.813670e+00
<GCONST> 1.080971e+02
<STATE> 4
<MEAN> 25
 -1.104227e-08 2.420599e-09 -3.472830e-09 -4.246777e-09 -1.239522e-08 1.973595e-09 2.230325e-09 -3.852209e-09 -2.711656e-09 1.570480e-09 3.262617e-09 -2.040596e-11 4.860206e-04 2.025392e-03 -1.341709e-04 -1.592703e-03 1.170916e-04 1.148346e-03 -1.229178e-04 -2.721455e-03 -3.514933e-04 6.527482e-04 -1.189190e-03 -1.970915e-03 2.158235e-04
<VARIANCE> 25
 6.300775e+01 5.553968e+01 6.640719e+01 5.613477e+01 6.407832e+01 5.525362e+01 5.793406e+01 5.977361e+01 5.379140e+01 3.673146e+01 4.201406e+01 3.801796e+01 2.504932e+00 2.659757e+00 2.700122e+00 2.944490e+00 3.316420e+00 3.040936e+00 3.213305e+00 3.801739e+00 3.337681e+00 2.726182e+00 2.829436e+00 2.401936e+00 4.813670e+00
<GCONST> 1.080971e+02
<TRANSP> 5
 0.000000e+00 1.000000e+00 0.000000e+00 0.000000e+00 0.000000e+00
 0.000000e+00 6.000000e-01 4.000000e-01 0.000000e+00 0.000000e+00
 0.000000e+00 0.000000e+00 6.000000e-01 4.000000e-01 0.000000e+00
 0.000000e+00 0.000000e+00 0.000000e+00 7.000000e-01 3.000000e-01
 0.000000e+00 0.000000e+00 0.000000e+00 0.000000e+00 0.000000e+00
<ENDHMM>

~h "H"
<BEGINHMM>
<NUMSTATES> 5
<STATE> 2
<MEAN> 25
 -1.104227e-08 2.420599e-09 -3.472830e-09 -4.246777e-09 -1.239522e-08 1.973595e-09 2.230325e-09 -3.852209e-09 -2.711656e-09 1.570480e-09 3.262617e-09 -2.040596e-11 4.860206e-04 2.025392e-03 -1.341709e-04 -1.592703e-03 1.170916e-04 1.148346e-03 -1.229178e-04 -2.721455e-03 -3.514933e-04 6.527482e-04 -1.189190e-03 -1.970915e-03 2.158235e-04
<VARIANCE> 25
 6.300775e+01 5.553968e+01 6.640719e+01 5.613477e+01 6.407832e+01 5.525362e+01 5.793406e+01 5.977361e+01 5.379140e+01 3.673146e+01 4.201406e+01 3.801796e+01 2.504932e+00 2.659757e+00 2.700122e+00 2.944490e+00 3.316420e+00 3.040936e+00 3.213305e+00 3.801739e+00 3.337681e+00 2.726182e+00 2.829436e+00 2.401936e+00 4.813670e+00
<GCONST> 1.080971e+02
<STATE> 3
<MEAN> 25
 -1.104227e-08 2.420599e-09 -3.472830e-09 -4.246777e-09 -1.239522e-08 1.973595e-09 2.230325e-09 -3.852209e-09 -2.711656e-09 1.570480e-09 3.262617e-09 -2.040596e-11 4.860206e-04 2.025392e-03 -1.341709e-04 -1.592703e-03 1.170916e-04 1.148346e-03 -1.229178e-04 -2.721455e-03 -3.514933e-04 6.527482e-04 -1.189190e-03 -1.970915e-03 2.158235e-04
<VARIANCE> 25
 6.300775e+01 5.553968e+01 6.640719e+01 5.613477e+01 6.407832e+01 5.525362e+01 5.793406e+01 5.977361e+01 5.379140e+01 3.673146e+01 4.201406e+01 3.801796e+01 2.504932e+00 2.659757e+00 2.700122e+00 2.944490e+00 3.316420e+00 3.040936e+00 3.213305e+00 3.801739e+00 3.337681e+00 2.726182e+00 2.829436e+00 2.401936e+00 4.813670e+00
<GCONST> 1.080971e+02
<STATE> 4
<MEAN> 25
 -1.104227e-08 2.420599e-09 -3.472830e-09 -4.246777e-09 -1.239522e-08 1.973595e-09 2.230325e-09 -3.852209e-09 -2.711656e-09 1.570480e-09 3.262617e-09 -2.040596e-11 4.860206e-04 2.025392e-03 -1.341709e-04 -1.592703e-03 1.170916e-04 1.148346e-03 -1.229178e-04 -2.721455e-03 -3.514933e-04 6.527482e-04 -1.189190e-03 -1.970915e-03 2.158235e-04
<VARIANCE> 25
 6.300775e+01 5.553968e+01 6.640719e+01 5.613477e+01 6.407832e+01 5.525362e+01 5.793406e+01 5.977361e+01 5.379140e+01 3.673146e+01 4.201406e+01 3.801796e+01 2.504932e+00 2.659757e+00 2.700122e+00 2.944490e+00 3.316420e+00 3.040936e+00 3.213305e+00 3.801739e+00 3.337681e+00 2.726182e+00 2.829436e+00 2.401936e+00 4.813670e+00
<GCONST> 1.080971e+02
<TRANSP> 5
 0.000000e+00 1.000000e+00 0.000000e+00 0.000000e+00 0.000000e+00
 0.000000e+00 6.000000e-01 4.000000e-01 0.000000e+00 0.000000e+00
 0.000000e+00 0.000000e+00 6.000000e-01 4.000000e-01 0.000000e+00
 0.000000e+00 0.000000e+00 0.000000e+00 7.000000e-01 3.000000e-01
 0.000000e+00 0.000000e+00 0.000000e+00 0.000000e+00 0.000000e+00
<ENDHMM>

~h "R"
<BEGINHMM>
<NUMSTATES> 5
<STATE> 2
<MEAN> 25
 -1.104227e-08 2.420599e-09 -3.472830e-09 -4.246777e-09 -1.239522e-08 1.973595e-09 2.230325e-09 -3.852209e-09 -2.711656e-09 1.570480e-09 3.262617e-09 -2.040596e-11 4.860206e-04 2.025392e-03 -1.341709e-04 -1.592703e-03 1.170916e-04 1.148346e-03 -1.229178e-04 -2.721455e-03 -3.514933e-04 6.527482e-04 -1.189190e-03 -1.970915e-03 2.158235e-04
<VARIANCE> 25
 6.300775e+01 5.553968e+01 6.640719e+01 5.613477e+01 6.407832e+01 5.525362e+01 5.793406e+01 5.977361e+01 5.379140e+01 3.673146e+01 4.201406e+01 3.801796e+01 2.504932e+00 2.659757e+00 2.700122e+00 2.944490e+00 3.316420e+00 3.040936e+00 3.213305e+00 3.801739e+00 3.337681e+00 2.726182e+00 2.829436e+00 2.401936e+00 4.813670e+00
<GCONST> 1.080971e+02
<STATE> 3
<MEAN> 25
 -1.104227e-08 2.420599e-09 -3.472830e-09 -4.246777e-09 -1.239522e-08 1.973595e-09 2.230325e-09 -3.852209e-09 -2.711656e-09 1.570480e-09 3.262617e-09 -2.040596e-11 4.860206e-04 2.025392e-03 -1.341709e-04 -1.592703e-03 1.170916e-04 1.148346e-03 -1.229178e-04 -2.721455e-03 -3.514933e-04 6.527482e-04 -1.189190e-03 -1.970915e-03 2.158235e-04
<VARIANCE> 25
 6.300775e+01 5.553968e+01 6.640719e+01 5.613477e+01 6.407832e+01 5.525362e+01 5.793406e+01 5.977361e+01 5.379140e+01 3.673146e+01 4.201406e+01 3.801796e+01 2.504932e+00 2.659757e+00 2.700122e+00 2.944490e+00 3.316420e+00 3.040936e+00 3.213305e+00 3.801739e+00 3.337681e+00 2.726182e+00 2.829436e+00 2.401936e+00 4.813670e+00
<GCONST> 1.080971e+02
<STATE> 4
<MEAN> 25
 -1.104227e-08 2.420599e-09 -3.472830e-09 -4.246777e-09 -1.239522e-08 1.973595e-09 2.230325e-09 -3.852209e-09 -2.711656e-09 1.570480e-09 3.262617e-09 -2.040596e-11 4.860206e-04 2.025392e-03 -1.341709e-04 -1.592703e-03 1.170916e-04 1.148346e-03 -1.229178e-04 -2.721455e-03 -3.514933e-04 6.527482e-04 -1.189190e-03 -1.970915e-03 2.158235e-04
<VARIANCE> 25
 6.300775e+01 5.553968e+01 6.640719e+01 5.613477e+01 6.407832e+01 5.525362e+01 5.793406e+01 5.977361e+01 5.379140e+01 3.673146e+01 4.201406e+01 3.801796e+01 2.504932e+00 2.659757e+00 2.700122e+00 2.944490e+00 3.316420e+00 3.040936e+00 3.213305e+00 3.801739e+00 3.337681e+00 2.726182e+00 2.829436e+00 2.401936e+00 4.813670e+00
<GCONST> 1.080971e+02
<TRANSP> 5
 0.000000e+00 1.000000e+00 0.000000e+00 0.000000e+00 0.000000e+00
 0.000000e+00 6.000000e-01 4.000000e-01 0.000000e+00 0.000000e+00
 0.000000e+00 0.000000e+00 6.000000e-01 4.000000e-01 0.000000e+00
 0.000000e+00 0.000000e+00 0.000000e+00 7.000000e-01 3.000000e-01
 0.000000e+00 0.000000e+00 0.000000e+00 0.000000e+00 0.000000e+00
<ENDHMM>

~h "M"
<BEGINHMM>
<NUMSTATES> 5
<STATE> 2
<MEAN> 25
 -1.104227e-08 2.420599e-09 -3.472830e-09 -4.246777e-09 -1.239522e-08 1.973595e-09 2.230325e-09 -3.852209e-09 -2.711656e-09 1.570480e-09 3.262617e-09 -2.040596e-11 4.860206e-04 2.025392e-03 -1.341709e-04 -1.592703e-03 1.170916e-04 1.148346e-03 -1.229178e-04 -2.721455e-03 -3.514933e-04 6.527482e-04 -1.189190e-03 -1.970915e-03 2.158235e-04
<VARIANCE> 25
 6.300775e+01 5.553968e+01 6.640719e+01 5.613477e+01 6.407832e+01 5.525362e+01 5.793406e+01 5.977361e+01 5.379140e+01 3.673146e+01 4.201406e+01 3.801796e+01 2.504932e+00 2.659757e+00 2.700122e+00 2.944490e+00 3.316420e+00 3.040936e+00 3.213305e+00 3.801739e+00 3.337681e+00 2.726182e+00 2.829436e+00 2.401936e+00 4.813670e+00
<GCONST> 1.080971e+02
<STATE> 3
<MEAN> 25
 -1.104227e-08 2.420599e-09 -3.472830e-09 -4.246777e-09 -1.239522e-08 1.973595e-09 2.230325e-09 -3.852209e-09 -2.711656e-09 1.570480e-09 3.262617e-09 -2.040596e-11 4.860206e-04 2.025392e-03 -1.341709e-04 -1.592703e-03 1.170916e-04 1.148346e-03 -1.229178e-04 -2.721455e-03 -3.514933e-04 6.527482e-04 -1.189190e-03 -1.970915e-03 2.158235e-04
<VARIANCE> 25
 6.300775e+01 5.553968e+01 6.640719e+01 5.613477e+01 6.407832e+01 5.525362e+01 5.793406e+01 5.977361e+01 5.379140e+01 3.673146e+01 4.201406e+01 3.801796e+01 2.504932e+00 2.659757e+00 2.700122e+00 2.944490e+00 3.316420e+00 3.040936e+00 3.213305e+00 3.801739e+00 3.337681e+00 2.726182e+00 2.829436e+00 2.401936e+00 4.813670e+00
<GCONST> 1.080971e+02
<STATE> 4
<MEAN> 25
 -1.104227e-08 2.420599e-09 -3.472830e-09 -4.246777e-09 -1.239522e-08 1.973595e-09 2.230325e-09 -3.852209e-09 -2.711656e-09 1.570480e-09 3.262617e-09 -2.040596e-11 4.860206e-04 2.025392e-03 -1.341709e-04 -1.592703e-03 1.170916e-04 1.148346e-03 -1.229178e-04 -2.721455e-03 -3.514933e-04 6.527482e-04 -1.189190e-03 -1.970915e-03 2.158235e-04
<VARIANCE> 25
 6.300775e+01 5.553968e+01 6.640719e+01 5.613477e+01 6.407832e+01 5.525362e+01 5.793406e+01 5.977361e+01 5.379140e+01 3.673146e+01 4.201406e+01 3.801796e+01 2.504932e+00 2.659757e+00 2.700122e+00 2.944490e+00 3.316420e+00 3.040936e+00 3.213305e+00 3.801739e+00 3.337681e+00 2.726182e+00 2.829436e+00 2.401936e+00 4.813670e+00
<GCONST> 1.080971e+02
<TRANSP> 5
 0.000000e+00 1.000000e+00 0.000000e+00 0.000000e+00 0.000000e+00
 0.000000e+00 6.000000e-01 4.000000e-01 0.000000e+00 0.000000e+00
 0.000000e+00 0.000000e+00 6.000000e-01 4.000000e-01 0.000000e+00
 0.000000e+00 0.000000e+00 0.000000e+00 7.000000e-01 3.000000e-01
 0.000000e+00 0.000000e+00 0.000000e+00 0.000000e+00 0.000000e+00
<ENDHMM>

~h "P"
<BEGINHMM>
<NUMSTATES> 5
<STATE> 2
<MEAN> 25
 -1.104227e-08 2.420599e-09 -3.472830e-09 -4.246777e-09 -1.239522e-08 1.973595e-09 2.230325e-09 -3.852209e-09 -2.711656e-09 1.570480e-09 3.262617e-09 -2.040596e-11 4.860206e-04 2.025392e-03 -1.341709e-04 -1.592703e-03 1.170916e-04 1.148346e-03 -1.229178e-04 -2.721455e-03 -3.514933e-04 6.527482e-04 -1.189190e-03 -1.970915e-03 2.158235e-04
<VARIANCE> 25
 6.300775e+01 5.553968e+01 6.640719e+01 5.613477e+01 6.407832e+01 5.525362e+01 5.793406e+01 5.977361e+01 5.379140e+01 3.673146e+01 4.201406e+01 3.801796e+01 2.504932e+00 2.659757e+00 2.700122e+00 2.944490e+00 3.316420e+00 3.040936e+00 3.213305e+00 3.801739e+00 3.337681e+00 2.726182e+00 2.829436e+00 2.401936e+00 4.813670e+00
<GCONST> 1.080971e+02
<STATE> 3
<MEAN> 25
 -1.104227e-08 2.420599e-09 -3.472830e-09 -4.246777e-09 -1.239522e-08 1.973595e-09 2.230325e-09 -3.852209e-09 -2.711656e-09 1.570480e-09 3.262617e-09 -2.040596e-11 4.860206e-04 2.025392e-03 -1.341709e-04 -1.592703e-03 1.170916e-04 1.148346e-03 -1.229178e-04 -2.721455e-03 -3.514933e-04 6.527482e-04 -1.189190e-03 -1.970915e-03 2.158235e-04
<VARIANCE> 25
 6.300775e+01 5.553968e+01 6.640719e+01 5.613477e+01 6.407832e+01 5.525362e+01 5.793406e+01 5.977361e+01 5.379140e+01 3.673146e+01 4.201406e+01 3.801796e+01 2.504932e+00 2.659757e+00 2.700122e+00 2.944490e+00 3.316420e+00 3.040936e+00 3.213305e+00 3.801739e+00 3.337681e+00 2.726182e+00 2.829436e+00 2.401936e+00 4.813670e+00
<GCONST> 1.080971e+02
<STATE> 4
<MEAN> 25
 -1.104227e-08 2.420599e-09 -3.472830e-09 -4.246777e-09 -1.239522e-08 1.973595e-09 2.230325e-09 -3.852209e-09 -2.711656e-09 1.570480e-09 3.262617e-09 -2.040596e-11 4.860206e-04 2.025392e-03 -1.341709e-04 -1.592703e-03 1.170916e-04 1.148346e-03 -1.229178e-04 -2.721455e-03 -3.514933e-04 6.527482e-04 -1.189190e-03 -1.970915e-03 2.158235e-04
<VARIANCE> 25
 6.300775e+01 5.553968e+01 6.640719e+01 5.613477e+01 6.407832e+01 5.525362e+01 5.793406e+01 5.977361e+01 5.379140e+01 3.673146e+01 4.201406e+01 3.801796e+01 2.504932e+00 2.659757e+00 2.700122e+00 2.944490e+00 3.316420e+00 3.040936e+00 3.213305e+00 3.801739e+00 3.337681e+00 2.726182e+00 2.829436e+00 2.401936e+00 4.813670e+00
<GCONST> 1.080971e+02
<TRANSP> 5
 0.000000e+00 1.000000e+00 0.000000e+00 0.000000e+00 0.000000e+00
 0.000000e+00 6.000000e-01 4.000000e-01 0.000000e+00 0.000000e+00
 0.000000e+00 0.000000e+00 6.000000e-01 4.000000e-01 0.000000e+00
 0.000000e+00 0.000000e+00 0.000000e+00 7.000000e-01 3.000000e-01
 0.000000e+00 0.000000e+00 0.000000e+00 0.000000e+00 0.000000e+00
<ENDHMM>

~h "e"
<BEGINHMM>
<NUMSTATES> 5
<STATE> 2
<MEAN> 25
 -1.104227e-08 2.420599e-09 -3.472830e-09 -4.246777e-09 -1.239522e-08 1.973595e-09 2.230325e-09 -3.852209e-09 -2.711656e-09 1.570480e-09 3.262617e-09 -2.040596e-11 4.860206e-04 2.025392e-03 -1.341709e-04 -1.592703e-03 1.170916e-04 1.148346e-03 -1.229178e-04 -2.721455e-03 -3.514933e-04 6.527482e-04 -1.189190e-03 -1.970915e-03 2.158235e-04
<VARIANCE> 25
 6.300775e+01 5.553968e+01 6.640719e+01 5.613477e+01 6.407832e+01 5.525362e+01 5.793406e+01 5.977361e+01 5.379140e+01 3.673146e+01 4.201406e+01 3.801796e+01 2.504932e+00 2.659757e+00 2.700122e+00 2.944490e+00 3.316420e+00 3.040936e+00 3.213305e+00 3.801739e+00 3.337681e+00 2.726182e+00 2.829436e+00 2.401936e+00 4.813670e+00
<GCONST> 1.080971e+02
<STATE> 3
<MEAN> 25
 -1.104227e-08 2.420599e-09 -3.472830e-09 -4.246777e-09 -1.239522e-08 1.973595e-09 2.230325e-09 -3.852209e-09 -2.711656e-09 1.570480e-09 3.262617e-09 -2.040596e-11 4.860206e-04 2.025392e-03 -1.341709e-04 -1.592703e-03 1.170916e-04 1.148346e-03 -1.229178e-04 -2.721455e-03 -3.514933e-04 6.527482e-04 -1.189190e-03 -1.970915e-03 2.158235e-04
<VARIANCE> 25
 6.300775e+01 5.553968e+01 6.640719e+01 5.613477e+01 6.407832e+01 5.525362e+01 5.793406e+01 5.977361e+01 5.379140e+01 3.673146e+01 4.201406e+01 3.801796e+01 2.504932e+00 2.659757e+00 2.700122e+00 2.944490e+00 3.316420e+00 3.040936e+00 3.213305e+00 3.801739e+00 3.337681e+00 2.726182e+00 2.829436e+00 2.401936e+00 4.813670e+00
<GCONST> 1.080971e+02
<STATE> 4
<MEAN> 25
 -1.104227e-08 2.420599e-09 -3.472830e-09 -4.246777e-09 -1.239522e-08 1.973595e-09 2.230325e-09 -3.852209e-09 -2.711656e-09 1.570480e-09 3.262617e-09 -2.040596e-11 4.860206e-04 2.025392e-03 -1.341709e-04 -1.592703e-03 1.170916e-04 1.148346e-03 -1.229178e-04 -2.721455e-03 -3.514933e-04 6.527482e-04 -1.189190e-03 -1.970915e-03 2.158235e-04
<VARIANCE> 25
 6.300775e+01 5.553968e+01 6.640719e+01 5.613477e+01 6.407832e+01 5.525362e+01 5.793406e+01 5.977361e+01 5.379140e+01 3.673146e+01 4.201406e+01 3.801796e+01 2.504932e+00 2.659757e+00 2.700122e+00 2.944490e+00 3.316420e+00 3.040936e+00 3.213305e+00 3.801739e+00 3.337681e+00 2.726182e+00 2.829436e+00 2.401936e+00 4.813670e+00
<GCONST> 1.080971e+02
<TRANSP> 5
 0.000000e+00 1.000000e+00 0.000000e+00 0.000000e+00 0.000000e+00
 0.000000e+00 6.000000e-01 4.000000e-01 0.000000e+00 0.000000e+00
 0.000000e+00 0.000000e+00 6.000000e-01 4.000000e-01 0.000000e+00
 0.000000e+00 0.000000e+00 0.000000e+00 7.000000e-01 3.000000e-01
 0.000000e+00 0.000000e+00 0.000000e+00 0.000000e+00 0.000000e+00
<ENDHMM>

~h "O"
<BEGINHMM>
<NUMSTATES> 5
<STATE> 2
<MEAN> 25
 -1.104227e-08 2.420599e-09 -3.472830e-09 -4.246777e-09 -1.239522e-08 1.973595e-09 2.230325e-09 -3.852209e-09 -2.711656e-09 1.570480e-09 3.262617e-09 -2.040596e-11 4.860206e-04 2.025392e-03 -1.341709e-04 -1.592703e-03 1.170916e-04 1.148346e-03 -1.229178e-04 -2.721455e-03 -3.514933e-04 6.527482e-04 -1.189190e-03 -1.970915e-03 2.158235e-04
<VARIANCE> 25
 6.300775e+01 5.553968e+01 6.640719e+01 5.613477e+01 6.407832e+01 5.525362e+01 5.793406e+01 5.977361e+01 5.379140e+01 3.673146e+01 4.201406e+01 3.801796e+01 2.504932e+00 2.659757e+00 2.700122e+00 2.944490e+00 3.316420e+00 3.040936e+00 3.213305e+00 3.801739e+00 3.337681e+00 2.726182e+00 2.829436e+00 2.401936e+00 4.813670e+00
<GCONST> 1.080971e+02
<STATE> 3
<MEAN> 25
 -1.104227e-08 2.420599e-09 -3.472830e-09 -4.246777e-09 -1.239522e-08 1.973595e-09 2.230325e-09 -3.852209e-09 -2.711656e-09 1.570480e-09 3.262617e-09 -2.040596e-11 4.860206e-04 2.025392e-03 -1.341709e-04 -1.592703e-03 1.170916e-04 1.148346e-03 -1.229178e-04 -2.721455e-03 -3.514933e-04 6.527482e-04 -1.189190e-03 -1.970915e-03 2.158235e-04
<VARIANCE> 25
 6.300775e+01 5.553968e+01 6.640719e+01 5.613477e+01 6.407832e+01 5.525362e+01 5.793406e+01 5.977361e+01 5.379140e+01 3.673146e+01 4.201406e+01 3.801796e+01 2.504932e+00 2.659757e+00 2.700122e+00 2.944490e+00 3.316420e+00 3.040936e+00 3.213305e+00 3.801739e+00 3.337681e+00 2.726182e+00 2.829436e+00 2.401936e+00 4.813670e+00
<GCONST> 1.080971e+02
<STATE> 4
<MEAN> 25
 -1.104227e-08 2.420599e-09 -3.472830e-09 -4.246777e-09 -1.239522e-08 1.973595e-09 2.230325e-09 -3.852209e-09 -2.711656e-09 1.570480e-09 3.262617e-09 -2.040596e-11 4.860206e-04 2.025392e-03 -1.341709e-04 -1.592703e-03 1.170916e-04 1.148346e-03 -1.229178e-04 -2.721455e-03 -3.514933e-04 6.527482e-04 -1.189190e-03 -1.970915e-03 2.158235e-04
<VARIANCE> 25
 6.300775e+01 5.553968e+01 6.640719e+01 5.613477e+01 6.407832e+01 5.525362e+01 5.793406e+01 5.977361e+01 5.379140e+01 3.673146e+01 4.201406e+01 3.801796e+01 2.504932e+00 2.659757e+00 2.700122e+00 2.944490e+00 3.316420e+00 3.040936e+00 3.213305e+00 3.801739e+00 3.337681e+00 2.726182e+00 2.829436e+00 2.401936e+00 4.813670e+00
<GCONST> 1.080971e+02
<TRANSP> 5
 0.000000e+00 1.000000e+00 0.000000e+00 0.000000e+00 0.000000e+00
 0.000000e+00 6.000000e-01 4.000000e-01 0.000000e+00 0.000000e+00
 0.000000e+00 0.000000e+00 6.000000e-01 4.000000e-01 0.000000e+00
 0.000000e+00 0.000000e+00 0.000000e+00 7.000000e-01 3.000000e-01
 0.000000e+00 0.000000e+00 0.000000e+00 0.000000e+00 0.000000e+00
<ENDHMM>

~h "G"
<BEGINHMM>
<NUMSTATES> 5
<STATE> 2
<MEAN> 25
 -1.104227e-08 2.420599e-09 -3.472830e-09 -4.246777e-09 -1.239522e-08 1.973595e-09 2.230325e-09 -3.852209e-09 -2.711656e-09 1.570480e-09 3.262617e-09 -2.040596e-11 4.860206e-04 2.025392e-03 -1.341709e-04 -1.592703e-03 1.170916e-04 1.148346e-03 -1.229178e-04 -2.721455e-03 -3.514933e-04 6.527482e-04 -1.189190e-03 -1.970915e-03 2.158235e-04
<VARIANCE> 25
 6.300775e+01 5.553968e+01 6.640719e+01 5.613477e+01 6.407832e+01 5.525362e+01 5.793406e+01 5.977361e+01 5.379140e+01 3.673146e+01 4.201406e+01 3.801796e+01 2.504932e+00 2.659757e+00 2.700122e+00 2.944490e+00 3.316420e+00 3.040936e+00 3.213305e+00 3.801739e+00 3.337681e+00 2.726182e+00 2.829436e+00 2.401936e+00 4.813670e+00
<GCONST> 1.080971e+02
<STATE> 3
<MEAN> 25
 -1.104227e-08 2.420599e-09 -3.472830e-09 -4.246777e-09 -1.239522e-08 1.973595e-09 2.230325e-09 -3.852209e-09 -2.711656e-09 1.570480e-09 3.262617e-09 -2.040596e-11 4.860206e-04 2.025392e-03 -1.341709e-04 -1.592703e-03 1.170916e-04 1.148346e-03 -1.229178e-04 -2.721455e-03 -3.514933e-04 6.527482e-04 -1.189190e-03 -1.970915e-03 2.158235e-04
<VARIANCE> 25
 6.300775e+01 5.553968e+01 6.640719e+01 5.613477e+01 6.407832e+01 5.525362e+01 5.793406e+01 5.977361e+01 5.379140e+01 3.673146e+01 4.201406e+01 3.801796e+01 2.504932e+00 2.659757e+00 2.700122e+00 2.944490e+00 3.316420e+00 3.040936e+00 3.213305e+00 3.801739e+00 3.337681e+00 2.726182e+00 2.829436e+00 2.401936e+00 4.813670e+00
<GCONST> 1.080971e+02
<STATE> 4
<MEAN> 25
 -1.104227e-08 2.420599e-09 -3.472830e-09 -4.246777e-09 -1.239522e-08 1.973595e-09 2.230325e-09 -3.852209e-09 -2.711656e-09 1.570480e-09 3.262617e-09 -2.040596e-11 4.860206e-04 2.025392e-03 -1.341709e-04 -1.592703e-03 1.170916e-04 1.148346e-03 -1.229178e-04 -2.721455e-03 -3.514933e-04 6.527482e-04 -1.189190e-03 -1.970915e-03 2.158235e-04
<VARIANCE> 25
 6.300775e+01 5.553968e+01 6.640719e+01 5.613477e+01 6.407832e+01 5.525362e+01 5.793406e+01 5.977361e+01 5.379140e+01 3.673146e+01 4.201406e+01 3.801796e+01 2.504932e+00 2.659757e+00 2.700122e+00 2.944490e+00 3.316420e+00 3.040936e+00 3.213305e+00 3.801739e+00 3.337681e+00 2.726182e+00 2.829436e+00 2.401936e+00 4.813670e+00
<GCONST> 1.080971e+02
<TRANSP> 5
 0.000000e+00 1.000000e+00 0.000000e+00 0.000000e+00 0.000000e+00
 0.000000e+00 6.000000e-01 4.000000e-01 0.000000e+00 0.000000e+00
 0.000000e+00 0.000000e+00 6.000000e-01 4.000000e-01 0.000000e+00
 0.000000e+00 0.000000e+00 0.000000e+00 7.000000e-01 3.000000e-01
 0.000000e+00 0.000000e+00 0.000000e+00 0.000000e+00 0.000000e+00
<ENDHMM>

~h "NY"
<BEGINHMM>
<NUMSTATES> 5
<STATE> 2
<MEAN> 25
 -1.104227e-08 2.420599e-09 -3.472830e-09 -4.246777e-09 -1.239522e-08 1.973595e-09 2.230325e-09 -3.852209e-09 -2.711656e-09 1.570480e-09 3.262617e-09 -2.040596e-11 4.860206e-04 2.025392e-03 -1.341709e-04 -1.592703e-03 1.170916e-04 1.148346e-03 -1.229178e-04 -2.721455e-03 -3.514933e-04 6.527482e-04 -1.189190e-03 -1.970915e-03 2.158235e-04
<VARIANCE> 25
 6.300775e+01 5.553968e+01 6.640719e+01 5.613477e+01 6.407832e+01 5.525362e+01 5.793406e+01 5.977361e+01 5.379140e+01 3.673146e+01 4.201406e+01 3.801796e+01 2.504932e+00 2.659757e+00 2.700122e+00 2.944490e+00 3.316420e+00 3.040936e+00 3.213305e+00 3.801739e+00 3.337681e+00 2.726182e+00 2.829436e+00 2.401936e+00 4.813670e+00
<GCONST> 1.080971e+02
<STATE> 3
<MEAN> 25
 -1.104227e-08 2.420599e-09 -3.472830e-09 -4.246777e-09 -1.239522e-08 1.973595e-09 2.230325e-09 -3.852209e-09 -2.711656e-09 1.570480e-09 3.262617e-09 -2.040596e-11 4.860206e-04 2.025392e-03 -1.341709e-04 -1.592703e-03 1.170916e-04 1.148346e-03 -1.229178e-04 -2.721455e-03 -3.514933e-04 6.527482e-04 -1.189190e-03 -1.970915e-03 2.158235e-04
<VARIANCE> 25
 6.300775e+01 5.553968e+01 6.640719e+01 5.613477e+01 6.407832e+01 5.525362e+01 5.793406e+01 5.977361e+01 5.379140e+01 3.673146e+01 4.201406e+01 3.801796e+01 2.504932e+00 2.659757e+00 2.700122e+00 2.944490e+00 3.316420e+00 3.040936e+00 3.213305e+00 3.801739e+00 3.337681e+00 2.726182e+00 2.829436e+00 2.401936e+00 4.813670e+00
<GCONST> 1.080971e+02
<STATE> 4
<MEAN> 25
 -1.104227e-08 2.420599e-09 -3.472830e-09 -4.246777e-09 -1.239522e-08 1.973595e-09 2.230325e-09 -3.852209e-09 -2.711656e-09 1.570480e-09 3.262617e-09 -2.040596e-11 4.860206e-04 2.025392e-03 -1.341709e-04 -1.592703e-03 1.170916e-04 1.148346e-03 -1.229178e-04 -2.721455e-03 -3.514933e-04 6.527482e-04 -1.189190e-03 -1.970915e-03 2.158235e-04
<VARIANCE> 25
 6.300775e+01 5.553968e+01 6.640719e+01 5.613477e+01 6.407832e+01 5.525362e+01 5.793406e+01 5.977361e+01 5.379140e+01 3.673146e+01 4.201406e+01 3.801796e+01 2.504932e+00 2.659757e+00 2.700122e+00 2.944490e+00 3.316420e+00 3.040936e+00 3.213305e+00 3.801739e+00 3.337681e+00 2.726182e+00 2.829436e+00 2.401936e+00 4.813670e+00
<GCONST> 1.080971e+02
<TRANSP> 5
 0.000000e+00 1.000000e+00 0.000000e+00 0.000000e+00 0.000000e+00
 0.000000e+00 6.000000e-01 4.000000e-01 0.000000e+00 0.000000e+00
 0.000000e+00 0.000000e+00 6.000000e-01 4.000000e-01 0.000000e+00
 0.000000e+00 0.000000e+00 0.000000e+00 7.000000e-01 3.000000e-01
 0.000000e+00 0.000000e+00 0.000000e+00 0.000000e+00 0.000000e+00
<ENDHMM>

~h "T"
<BEGINHMM>
<NUMSTATES> 5
<STATE> 2
<MEAN> 25
 -1.104227e-08 2.420599e-09 -3.472830e-09 -4.246777e-09 -1.239522e-08 1.973595e-09 2.230325e-09 -3.852209e-09 -2.711656e-09 1.570480e-09 3.262617e-09 -2.040596e-11 4.860206e-04 2.025392e-03 -1.341709e-04 -1.592703e-03 1.170916e-04 1.148346e-03 -1.229178e-04 -2.721455e-03 -3.514933e-04 6.527482e-04 -1.189190e-03 -1.970915e-03 2.158235e-04
<VARIANCE> 25
 6.300775e+01 5.553968e+01 6.640719e+01 5.613477e+01 6.407832e+01 5.525362e+01 5.793406e+01 5.977361e+01 5.379140e+01 3.673146e+01 4.201406e+01 3.801796e+01 2.504932e+00 2.659757e+00 2.700122e+00 2.944490e+00 3.316420e+00 3.040936e+00 3.213305e+00 3.801739e+00 3.337681e+00 2.726182e+00 2.829436e+00 2.401936e+00 4.813670e+00
<GCONST> 1.080971e+02
<STATE> 3
<MEAN> 25
 -1.104227e-08 2.420599e-09 -3.472830e-09 -4.246777e-09 -1.239522e-08 1.973595e-09 2.230325e-09 -3.852209e-09 -2.711656e-09 1.570480e-09 3.262617e-09 -2.040596e-11 4.860206e-04 2.025392e-03 -1.341709e-04 -1.592703e-03 1.170916e-04 1.148346e-03 -1.229178e-04 -2.721455e-03 -3.514933e-04 6.527482e-04 -1.189190e-03 -1.970915e-03 2.158235e-04
<VARIANCE> 25
 6.300775e+01 5.553968e+01 6.640719e+01 5.613477e+01 6.407832e+01 5.525362e+01 5.793406e+01 5.977361e+01 5.379140e+01 3.673146e+01 4.201406e+01 3.801796e+01 2.504932e+00 2.659757e+00 2.700122e+00 2.944490e+00 3.316420e+00 3.040936e+00 3.213305e+00 3.801739e+00 3.337681e+00 2.726182e+00 2.829436e+00 2.401936e+00 4.813670e+00
<GCONST> 1.080971e+02
<STATE> 4
<MEAN> 25
 -1.104227e-08 2.420599e-09 -3.472830e-09 -4.246777e-09 -1.239522e-08 1.973595e-09 2.230325e-09 -3.852209e-09 -2.711656e-09 1.570480e-09 3.262617e-09 -2.040596e-11 4.860206e-04 2.025392e-03 -1.341709e-04 -1.592703e-03 1.170916e-04 1.148346e-03 -1.229178e-04 -2.721455e-03 -3.514933e-04 6.527482e-04 -1.189190e-03 -1.970915e-03 2.158235e-04
<VARIANCE> 25
 6.300775e+01 5.553968e+01 6.640719e+01 5.613477e+01 6.407832e+01 5.525362e+01 5.793406e+01 5.977361e+01 5.379140e+01 3.673146e+01 4.201406e+01 3.801796e+01 2.504932e+00 2.659757e+00 2.700122e+00 2.944490e+00 3.316420e+00 3.040936e+00 3.213305e+00 3.801739e+00 3.337681e+00 2.726182e+00 2.829436e+00 2.401936e+00 4.813670e+00
<GCONST> 1.080971e+02
<TRANSP> 5
 0.000000e+00 1.000000e+00 0.000000e+00 0.000000e+00 0.000000e+00
 0.000000e+00 6.000000e-01 4.000000e-01 0.000000e+00 0.000000e+00
 0.000000e+00 0.000000e+00 6.000000e-01 4.000000e-01 0.000000e+00
 0.000000e+00 0.000000e+00 0.000000e+00 7.000000e-01 3.000000e-01
 0.000000e+00 0.000000e+00 0.000000e+00 0.000000e+00 0.000000e+00
<ENDHMM>

~h "Z"
<BEGINHMM>
<NUMSTATES> 5
<STATE> 2
<MEAN> 25
 -1.104227e-08 2.420599e-09 -3.472830e-09 -4.246777e-09 -1.239522e-08 1.973595e-09 2.230325e-09 -3.852209e-09 -2.711656e-09 1.570480e-09 3.262617e-09 -2.040596e-11 4.860206e-04 2.025392e-03 -1.341709e-04 -1.592703e-03 1.170916e-04 1.148346e-03 -1.229178e-04 -2.721455e-03 -3.514933e-04 6.527482e-04 -1.189190e-03 -1.970915e-03 2.158235e-04
<VARIANCE> 25
 6.300775e+01 5.553968e+01 6.640719e+01 5.613477e+01 6.407832e+01 5.525362e+01 5.793406e+01 5.977361e+01 5.379140e+01 3.673146e+01 4.201406e+01 3.801796e+01 2.504932e+00 2.659757e+00 2.700122e+00 2.944490e+00 3.316420e+00 3.040936e+00 3.213305e+00 3.801739e+00 3.337681e+00 2.726182e+00 2.829436e+00 2.401936e+00 4.813670e+00
<GCONST> 1.080971e+02
<STATE> 3
<MEAN> 25
 -1.104227e-08 2.420599e-09 -3.472830e-09 -4.246777e-09 -1.239522e-08 1.973595e-09 2.230325e-09 -3.852209e-09 -2.711656e-09 1.570480e-09 3.262617e-09 -2.040596e-11 4.860206e-04 2.025392e-03 -1.341709e-04 -1.592703e-03 1.170916e-04 1.148346e-03 -1.229178e-04 -2.721455e-03 -3.514933e-04 6.527482e-04 -1.189190e-03 -1.970915e-03 2.158235e-04
<VARIANCE> 25
 6.300775e+01 5.553968e+01 6.640719e+01 5.613477e+01 6.407832e+01 5.525362e+01 5.793406e+01 5.977361e+01 5.379140e+01 3.673146e+01 4.201406e+01 3.801796e+01 2.504932e+00 2.659757e+00 2.700122e+00 2.944490e+00 3.316420e+00 3.040936e+00 3.213305e+00 3.801739e+00 3.337681e+00 2.726182e+00 2.829436e+00 2.401936e+00 4.813670e+00
<GCONST> 1.080971e+02
<STATE> 4
<MEAN> 25
 -1.104227e-08 2.420599e-09 -3.472830e-09 -4.246777e-09 -1.239522e-08 1.973595e-09 2.230325e-09 -3.852209e-09 -2.711656e-09 1.570480e-09 3.262617e-09 -2.040596e-11 4.860206e-04 2.025392e-03 -1.341709e-04 -1.592703e-03 1.170916e-04 1.148346e-03 -1.229178e-04 -2.721455e-03 -3.514933e-04 6.527482e-04 -1.189190e-03 -1.970915e-03 2.158235e-04
<VARIANCE> 25
 6.300775e+01 5.553968e+01 6.640719e+01 5.613477e+01 6.407832e+01 5.525362e+01 5.793406e+01 5.977361e+01 5.379140e+01 3.673146e+01 4.201406e+01 3.801796e+01 2.504932e+00 2.659757e+00 2.700122e+00 2.944490e+00 3.316420e+00 3.040936e+00 3.213305e+00 3.801739e+00 3.337681e+00 2.726182e+00 2.829436e+00 2.401936e+00 4.813670e+00
<GCONST> 1.080971e+02
<TRANSP> 5
 0.000000e+00 1.000000e+00 0.000000e+00 0.000000e+00 0.000000e+00
 0.000000e+00 6.000000e-01 4.000000e-01 0.000000e+00 0.000000e+00
 0.000000e+00 0.000000e+00 6.000000e-01 4.000000e-01 0.000000e+00
 0.000000e+00 0.000000e+00 0.000000e+00 7.000000e-01 3.000000e-01
 0.000000e+00 0.000000e+00 0.000000e+00 0.000000e+00 0.000000e+00
<ENDHMM>

~h "C"
<BEGINHMM>
<NUMSTATES> 5
<STATE> 2
<MEAN> 25
 -1.104227e-08 2.420599e-09 -3.472830e-09 -4.246777e-09 -1.239522e-08 1.973595e-09 2.230325e-09 -3.852209e-09 -2.711656e-09 1.570480e-09 3.262617e-09 -2.040596e-11 4.860206e-04 2.025392e-03 -1.341709e-04 -1.592703e-03 1.170916e-04 1.148346e-03 -1.229178e-04 -2.721455e-03 -3.514933e-04 6.527482e-04 -1.189190e-03 -1.970915e-03 2.158235e-04
<VARIANCE> 25
 6.300775e+01 5.553968e+01 6.640719e+01 5.613477e+01 6.407832e+01 5.525362e+01 5.793406e+01 5.977361e+01 5.379140e+01 3.673146e+01 4.201406e+01 3.801796e+01 2.504932e+00 2.659757e+00 2.700122e+00 2.944490e+00 3.316420e+00 3.040936e+00 3.213305e+00 3.801739e+00 3.337681e+00 2.726182e+00 2.829436e+00 2.401936e+00 4.813670e+00
<GCONST> 1.080971e+02
<STATE> 3
<MEAN> 25
 -1.104227e-08 2.420599e-09 -3.472830e-09 -4.246777e-09 -1.239522e-08 1.973595e-09 2.230325e-09 -3.852209e-09 -2.711656e-09 1.570480e-09 3.262617e-09 -2.040596e-11 4.860206e-04 2.025392e-03 -1.341709e-04 -1.592703e-03 1.170916e-04 1.148346e-03 -1.229178e-04 -2.721455e-03 -3.514933e-04 6.527482e-04 -1.189190e-03 -1.970915e-03 2.158235e-04
<VARIANCE> 25
 6.300775e+01 5.553968e+01 6.640719e+01 5.613477e+01 6.407832e+01 5.525362e+01 5.793406e+01 5.977361e+01 5.379140e+01 3.673146e+01 4.201406e+01 3.801796e+01 2.504932e+00 2.659757e+00 2.700122e+00 2.944490e+00 3.316420e+00 3.040936e+00 3.213305e+00 3.801739e+00 3.337681e+00 2.726182e+00 2.829436e+00 2.401936e+00 4.813670e+00
<GCONST> 1.080971e+02
<STATE> 4
<MEAN> 25
 -1.104227e-08 2.420599e-09 -3.472830e-09 -4.246777e-09 -1.239522e-08 1.973595e-09 2.230325e-09 -3.852209e-09 -2.711656e-09 1.570480e-09 3.262617e-09 -2.040596e-11 4.860206e-04 2.025392e-03 -1.341709e-04 -1.592703e-03 1.170916e-04 1.148346e-03 -1.229178e-04 -2.721455e-03 -3.514933e-04 6.527482e-04 -1.189190e-03 -1.970915e-03 2.158235e-04
<VARIANCE> 25
 6.300775e+01 5.553968e+01 6.640719e+01 5.613477e+01 6.407832e+01 5.525362e+01 5.793406e+01 5.977361e+01 5.379140e+01 3.673146e+01 4.201406e+01 3.801796e+01 2.504932e+00 2.659757e+00 2.700122e+00 2.944490e+00 3.316420e+00 3.040936e+00 3.213305e+00 3.801739e+00 3.337681e+00 2.726182e+00 2.829436e+00 2.401936e+00 4.813670e+00
<GCONST> 1.080971e+02
<TRANSP> 5
 0.000000e+00 1.000000e+00 0.000000e+00 0.000000e+00 0.000000e+00
 0.000000e+00 6.000000e-01 4.000000e-01 0.000000e+00 0.000000e+00
 0.000000e+00 0.000000e+00 6.000000e-01 4.000000e-01 0.000000e+00
 0.000000e+00 0.000000e+00 0.000000e+00 7.000000e-01 3.000000e-01
 0.000000e+00 0.000000e+00 0.000000e+00 0.000000e+00 0.000000e+00
<ENDHMM>

~h "W"
<BEGINHMM>
<NUMSTATES> 5
<STATE> 2
<MEAN> 25
 -1.104227e-08 2.420599e-09 -3.472830e-09 -4.246777e-09 -1.239522e-08 1.973595e-09 2.230325e-09 -3.852209e-09 -2.711656e-09 1.570480e-09 3.262617e-09 -2.040596e-11 4.860206e-04 2.025392e-03 -1.341709e-04 -1.592703e-03 1.170916e-04 1.148346e-03 -1.229178e-04 -2.721455e-03 -3.514933e-04 6.527482e-04 -1.189190e-03 -1.970915e-03 2.158235e-04
<VARIANCE> 25
 6.300775e+01 5.553968e+01 6.640719e+01 5.613477e+01 6.407832e+01 5.525362e+01 5.793406e+01 5.977361e+01 5.379140e+01 3.673146e+01 4.201406e+01 3.801796e+01 2.504932e+00 2.659757e+00 2.700122e+00 2.944490e+00 3.316420e+00 3.040936e+00 3.213305e+00 3.801739e+00 3.337681e+00 2.726182e+00 2.829436e+00 2.401936e+00 4.813670e+00
<GCONST> 1.080971e+02
<STATE> 3
<MEAN> 25
 -1.104227e-08 2.420599e-09 -3.472830e-09 -4.246777e-09 -1.239522e-08 1.973595e-09 2.230325e-09 -3.852209e-09 -2.711656e-09 1.570480e-09 3.262617e-09 -2.040596e-11 4.860206e-04 2.025392e-03 -1.341709e-04 -1.592703e-03 1.170916e-04 1.148346e-03 -1.229178e-04 -2.721455e-03 -3.514933e-04 6.527482e-04 -1.189190e-03 -1.970915e-03 2.158235e-04
<VARIANCE> 25
 6.300775e+01 5.553968e+01 6.640719e+01 5.613477e+01 6.407832e+01 5.525362e+01 5.793406e+01 5.977361e+01 5.379140e+01 3.673146e+01 4.201406e+01 3.801796e+01 2.504932e+00 2.659757e+00 2.700122e+00 2.944490e+00 3.316420e+00 3.040936e+00 3.213305e+00 3.801739e+00 3.337681e+00 2.726182e+00 2.829436e+00 2.401936e+00 4.813670e+00
<GCONST> 1.080971e+02
<STATE> 4
<MEAN> 25
 -1.104227e-08 2.420599e-09 -3.472830e-09 -4.246777e-09 -1.239522e-08 1.973595e-09 2.230325e-09 -3.852209e-09 -2.711656e-09 1.570480e-09 3.262617e-09 -2.040596e-11 4.860206e-04 2.025392e-03 -1.341709e-04 -1.592703e-03 1.170916e-04 1.148346e-03 -1.229178e-04 -2.721455e-03 -3.514933e-04 6.527482e-04 -1.189190e-03 -1.970915e-03 2.158235e-04
<VARIANCE> 25
 6.300775e+01 5.553968e+01 6.640719e+01 5.613477e+01 6.407832e+01 5.525362e+01 5.793406e+01 5.977361e+01 5.379140e+01 3.673146e+01 4.201406e+01 3.801796e+01 2.504932e+00 2.659757e+00 2.700122e+00 2.944490e+00 3.316420e+00 3.040936e+00 3.213305e+00 3.801739e+00 3.337681e+00 2.726182e+00 2.829436e+00 2.401936e+00 4.813670e+00
<GCONST> 1.080971e+02
<TRANSP> 5
 0.000000e+00 1.000000e+00 0.000000e+00 0.000000e+00 0.000000e+00
 0.000000e+00 6.000000e-01 4.000000e-01 0.000000e+00 0.000000e+00
 0.000000e+00 0.000000e+00 6.000000e-01 4.000000e-01 0.000000e+00
 0.000000e+00 0.000000e+00 0.000000e+00 7.000000e-01 3.000000e-01
 0.000000e+00 0.000000e+00 0.000000e+00 0.000000e+00 0.000000e+00
<ENDHMM>

~h "J"
<BEGINHMM>
<NUMSTATES> 5
<STATE> 2
<MEAN> 25
 -1.104227e-08 2.420599e-09 -3.472830e-09 -4.246777e-09 -1.239522e-08 1.973595e-09 2.230325e-09 -3.852209e-09 -2.711656e-09 1.570480e-09 3.262617e-09 -2.040596e-11 4.860206e-04 2.025392e-03 -1.341709e-04 -1.592703e-03 1.170916e-04 1.148346e-03 -1.229178e-04 -2.721455e-03 -3.514933e-04 6.527482e-04 -1.189190e-03 -1.970915e-03 2.158235e-04
<VARIANCE> 25
 6.300775e+01 5.553968e+01 6.640719e+01 5.613477e+01 6.407832e+01 5.525362e+01 5.793406e+01 5.977361e+01 5.379140e+01 3.673146e+01 4.201406e+01 3.801796e+01 2.504932e+00 2.659757e+00 2.700122e+00 2.944490e+00 3.316420e+00 3.040936e+00 3.213305e+00 3.801739e+00 3.337681e+00 2.726182e+00 2.829436e+00 2.401936e+00 4.813670e+00
<GCONST> 1.080971e+02
<STATE> 3
<MEAN> 25
 -1.104227e-08 2.420599e-09 -3.472830e-09 -4.246777e-09 -1.239522e-08 1.973595e-09 2.230325e-09 -3.852209e-09 -2.711656e-09 1.570480e-09 3.262617e-09 -2.040596e-11 4.860206e-04 2.025392e-03 -1.341709e-04 -1.592703e-03 1.170916e-04 1.148346e-03 -1.229178e-04 -2.721455e-03 -3.514933e-04 6.527482e-04 -1.189190e-03 -1.970915e-03 2.158235e-04
<VARIANCE> 25
 6.300775e+01 5.553968e+01 6.640719e+01 5.613477e+01 6.407832e+01 5.525362e+01 5.793406e+01 5.977361e+01 5.379140e+01 3.673146e+01 4.201406e+01 3.801796e+01 2.504932e+00 2.659757e+00 2.700122e+00 2.944490e+00 3.316420e+00 3.040936e+00 3.213305e+00 3.801739e+00 3.337681e+00 2.726182e+00 2.829436e+00 2.401936e+00 4.813670e+00
<GCONST> 1.080971e+02
<STATE> 4
<MEAN> 25
 -1.104227e-08 2.420599e-09 -3.472830e-09 -4.246777e-09 -1.239522e-08 1.973595e-09 2.230325e-09 -3.852209e-09 -2.711656e-09 1.570480e-09 3.262617e-09 -2.040596e-11 4.860206e-04 2.025392e-03 -1.341709e-04 -1.592703e-03 1.170916e-04 1.148346e-03 -1.229178e-04 -2.721455e-03 -3.514933e-04 6.527482e-04 -1.189190e-03 -1.970915e-03 2.158235e-04
<VARIANCE> 25
 6.300775e+01 5.553968e+01 6.640719e+01 5.613477e+01 6.407832e+01 5.525362e+01 5.793406e+01 5.977361e+01 5.379140e+01 3.673146e+01 4.201406e+01 3.801796e+01 2.504932e+00 2.659757e+00 2.700122e+00 2.944490e+00 3.316420e+00 3.040936e+00 3.213305e+00 3.801739e+00 3.337681e+00 2.726182e+00 2.829436e+00 2.401936e+00 4.813670e+00
<GCONST> 1.080971e+02
<TRANSP> 5
 0.000000e+00 1.000000e+00 0.000000e+00 0.000000e+00 0.000000e+00
 0.000000e+00 6.000000e-01 4.000000e-01 0.000000e+00 0.000000e+00
 0.000000e+00 0.000000e+00 6.000000e-01 4.000000e-01 0.000000e+00
 0.000000e+00 0.000000e+00 0.000000e+00 7.000000e-01 3.000000e-01
 0.000000e+00 0.000000e+00 0.000000e+00 0.000000e+00 0.000000e+00
<ENDHMM>

~h "V"
<BEGINHMM>
<NUMSTATES> 5
<STATE> 2
<MEAN> 25
 -1.104227e-08 2.420599e-09 -3.472830e-09 -4.246777e-09 -1.239522e-08 1.973595e-09 2.230325e-09 -3.852209e-09 -2.711656e-09 1.570480e-09 3.262617e-09 -2.040596e-11 4.860206e-04 2.025392e-03 -1.341709e-04 -1.592703e-03 1.170916e-04 1.148346e-03 -1.229178e-04 -2.721455e-03 -3.514933e-04 6.527482e-04 -1.189190e-03 -1.970915e-03 2.158235e-04
<VARIANCE> 25
 6.300775e+01 5.553968e+01 6.640719e+01 5.613477e+01 6.407832e+01 5.525362e+01 5.793406e+01 5.977361e+01 5.379140e+01 3.673146e+01 4.201406e+01 3.801796e+01 2.504932e+00 2.659757e+00 2.700122e+00 2.944490e+00 3.316420e+00 3.040936e+00 3.213305e+00 3.801739e+00 3.337681e+00 2.726182e+00 2.829436e+00 2.401936e+00 4.813670e+00
<GCONST> 1.080971e+02
<STATE> 3
<MEAN> 25
 -1.104227e-08 2.420599e-09 -3.472830e-09 -4.246777e-09 -1.239522e-08 1.973595e-09 2.230325e-09 -3.852209e-09 -2.711656e-09 1.570480e-09 3.262617e-09 -2.040596e-11 4.860206e-04 2.025392e-03 -1.341709e-04 -1.592703e-03 1.170916e-04 1.148346e-03 -1.229178e-04 -2.721455e-03 -3.514933e-04 6.527482e-04 -1.189190e-03 -1.970915e-03 2.158235e-04
<VARIANCE> 25
 6.300775e+01 5.553968e+01 6.640719e+01 5.613477e+01 6.407832e+01 5.525362e+01 5.793406e+01 5.977361e+01 5.379140e+01 3.673146e+01 4.201406e+01 3.801796e+01 2.504932e+00 2.659757e+00 2.700122e+00 2.944490e+00 3.316420e+00 3.040936e+00 3.213305e+00 3.801739e+00 3.337681e+00 2.726182e+00 2.829436e+00 2.401936e+00 4.813670e+00
<GCONST> 1.080971e+02
<STATE> 4
<MEAN> 25
 -1.104227e-08 2.420599e-09 -3.472830e-09 -4.246777e-09 -1.239522e-08 1.973595e-09 2.230325e-09 -3.852209e-09 -2.711656e-09 1.570480e-09 3.262617e-09 -2.040596e-11 4.860206e-04 2.025392e-03 -1.341709e-04 -1.592703e-03 1.170916e-04 1.148346e-03 -1.229178e-04 -2.721455e-03 -3.514933e-04 6.527482e-04 -1.189190e-03 -1.970915e-03 2.158235e-04
<VARIANCE> 25
 6.300775e+01 5.553968e+01 6.640719e+01 5.613477e+01 6.407832e+01 5.525362e+01 5.793406e+01 5.977361e+01 5.379140e+01 3.673146e+01 4.201406e+01 3.801796e+01 2.504932e+00 2.659757e+00 2.700122e+00 2.944490e+00 3.316420e+00 3.040936e+00 3.213305e+00 3.801739e+00 3.337681e+00 2.726182e+00 2.829436e+00 2.401936e+00 4.813670e+00
<GCONST> 1.080971e+02
<TRANSP> 5
 0.000000e+00 1.000000e+00 0.000000e+00 0.000000e+00 0.000000e+00
 0.000000e+00 6.000000e-01 4.000000e-01 0.000000e+00 0.000000e+00
 0.000000e+00 0.000000e+00 6.000000e-01 4.000000e-01 0.000000e+00
 0.000000e+00 0.000000e+00 0.000000e+00 7.000000e-01 3.000000e-01
 0.000000e+00 0.000000e+00 0.000000e+00 0.000000e+00 0.000000e+00
<ENDHMM>

~h "F"
<BEGINHMM>
<NUMSTATES> 5
<STATE> 2
<MEAN> 25
 -1.104227e-08 2.420599e-09 -3.472830e-09 -4.246777e-09 -1.239522e-08 1.973595e-09 2.230325e-09 -3.852209e-09 -2.711656e-09 1.570480e-09 3.262617e-09 -2.040596e-11 4.860206e-04 2.025392e-03 -1.341709e-04 -1.592703e-03 1.170916e-04 1.148346e-03 -1.229178e-04 -2.721455e-03 -3.514933e-04 6.527482e-04 -1.189190e-03 -1.970915e-03 2.158235e-04
<VARIANCE> 25
 6.300775e+01 5.553968e+01 6.640719e+01 5.613477e+01 6.407832e+01 5.525362e+01 5.793406e+01 5.977361e+01 5.379140e+01 3.673146e+01 4.201406e+01 3.801796e+01 2.504932e+00 2.659757e+00 2.700122e+00 2.944490e+00 3.316420e+00 3.040936e+00 3.213305e+00 3.801739e+00 3.337681e+00 2.726182e+00 2.829436e+00 2.401936e+00 4.813670e+00
<GCONST> 1.080971e+02
<STATE> 3
<MEAN> 25
 -1.104227e-08 2.420599e-09 -3.472830e-09 -4.246777e-09 -1.239522e-08 1.973595e-09 2.230325e-09 -3.852209e-09 -2.711656e-09 1.570480e-09 3.262617e-09 -2.040596e-11 4.860206e-04 2.025392e-03 -1.341709e-04 -1.592703e-03 1.170916e-04 1.148346e-03 -1.229178e-04 -2.721455e-03 -3.514933e-04 6.527482e-04 -1.189190e-03 -1.970915e-03 2.158235e-04
<VARIANCE> 25
 6.300775e+01 5.553968e+01 6.640719e+01 5.613477e+01 6.407832e+01 5.525362e+01 5.793406e+01 5.977361e+01 5.379140e+01 3.673146e+01 4.201406e+01 3.801796e+01 2.504932e+00 2.659757e+00 2.700122e+00 2.944490e+00 3.316420e+00 3.040936e+00 3.213305e+00 3.801739e+00 3.337681e+00 2.726182e+00 2.829436e+00 2.401936e+00 4.813670e+00
<GCONST> 1.080971e+02
<STATE> 4
<MEAN> 25
 -1.104227e-08 2.420599e-09 -3.472830e-09 -4.246777e-09 -1.239522e-08 1.973595e-09 2.230325e-09 -3.852209e-09 -2.711656e-09 1.570480e-09 3.262617e-09 -2.040596e-11 4.860206e-04 2.025392e-03 -1.341709e-04 -1.592703e-03 1.170916e-04 1.148346e-03 -1.229178e-04 -2.721455e-03 -3.514933e-04 6.527482e-04 -1.189190e-03 -1.970915e-03 2.158235e-04
<VARIANCE> 25
 6.300775e+01 5.553968e+01 6.640719e+01 5.613477e+01 6.407832e+01 5.525362e+01 5.793406e+01 5.977361e+01 5.379140e+01 3.673146e+01 4.201406e+01 3.801796e+01 2.504932e+00 2.659757e+00 2.700122e+00 2.944490e+00 3.316420e+00 3.040936e+00 3.213305e+00 3.801739e+00 3.337681e+00 2.726182e+00 2.829436e+00 2.401936e+00 4.813670e+00
<GCONST> 1.080971e+02
<TRANSP> 5
 0.000000e+00 1.000000e+00 0.000000e+00 0.000000e+00 0.000000e+00
 0.000000e+00 6.000000e-01 4.000000e-01 0.000000e+00 0.000000e+00
 0.000000e+00 0.000000e+00 6.000000e-01 4.000000e-01 0.000000e+00
 0.000000e+00 0.000000e+00 0.000000e+00 7.000000e-01 3.000000e-01
 0.000000e+00 0.000000e+00 0.000000e+00 0.000000e+00 0.000000e+00
<ENDHMM>

~h "Q"
<BEGINHMM>
<NUMSTATES> 5
<STATE> 2
<MEAN> 25
 -1.104227e-08 2.420599e-09 -3.472830e-09 -4.246777e-09 -1.239522e-08 1.973595e-09 2.230325e-09 -3.852209e-09 -2.711656e-09 1.570480e-09 3.262617e-09 -2.040596e-11 4.860206e-04 2.025392e-03 -1.341709e-04 -1.592703e-03 1.170916e-04 1.148346e-03 -1.229178e-04 -2.721455e-03 -3.514933e-04 6.527482e-04 -1.189190e-03 -1.970915e-03 2.158235e-04
<VARIANCE> 25
 6.300775e+01 5.553968e+01 6.640719e+01 5.613477e+01 6.407832e+01 5.525362e+01 5.793406e+01 5.977361e+01 5.379140e+01 3.673146e+01 4.201406e+01 3.801796e+01 2.504932e+00 2.659757e+00 2.700122e+00 2.944490e+00 3.316420e+00 3.040936e+00 3.213305e+00 3.801739e+00 3.337681e+00 2.726182e+00 2.829436e+00 2.401936e+00 4.813670e+00
<GCONST> 1.080971e+02
<STATE> 3
<MEAN> 25
 -1.104227e-08 2.420599e-09 -3.472830e-09 -4.246777e-09 -1.239522e-08 1.973595e-09 2.230325e-09 -3.852209e-09 -2.711656e-09 1.570480e-09 3.262617e-09 -2.040596e-11 4.860206e-04 2.025392e-03 -1.341709e-04 -1.592703e-03 1.170916e-04 1.148346e-03 -1.229178e-04 -2.721455e-03 -3.514933e-04 6.527482e-04 -1.189190e-03 -1.970915e-03 2.158235e-04
<VARIANCE> 25
 6.300775e+01 5.553968e+01 6.640719e+01 5.613477e+01 6.407832e+01 5.525362e+01 5.793406e+01 5.977361e+01 5.379140e+01 3.673146e+01 4.201406e+01 3.801796e+01 2.504932e+00 2.659757e+00 2.700122e+00 2.944490e+00 3.316420e+00 3.040936e+00 3.213305e+00 3.801739e+00 3.337681e+00 2.726182e+00 2.829436e+00 2.401936e+00 4.813670e+00
<GCONST> 1.080971e+02
<STATE> 4
<MEAN> 25
 -1.104227e-08 2.420599e-09 -3.472830e-09 -4.246777e-09 -1.239522e-08 1.973595e-09 2.230325e-09 -3.852209e-09 -2.711656e-09 1.570480e-09 3.262617e-09 -2.040596e-11 4.860206e-04 2.025392e-03 -1.341709e-04 -1.592703e-03 1.170916e-04 1.148346e-03 -1.229178e-04 -2.721455e-03 -3.514933e-04 6.527482e-04 -1.189190e-03 -1.970915e-03 2.158235e-04
<VARIANCE> 25
 6.300775e+01 5.553968e+01 6.640719e+01 5.613477e+01 6.407832e+01 5.525362e+01 5.793406e+01 5.977361e+01 5.379140e+01 3.673146e+01 4.201406e+01 3.801796e+01 2.504932e+00 2.659757e+00 2.700122e+00 2.944490e+00 3.316420e+00 3.040936e+00 3.213305e+00 3.801739e+00 3.337681e+00 2.726182e+00 2.829436e+00 2.401936e+00 4.813670e+00
<GCONST> 1.080971e+02
<TRANSP> 5
 0.000000e+00 1.000000e+00 0.000000e+00 0.000000e+00 0.000000e+00
 0.000000e+00 6.000000e-01 4.000000e-01 0.000000e+00 0.000000e+00
 0.000000e+00 0.000000e+00 6.000000e-01 4.000000e-01 0.000000e+00
 0.000000e+00 0.000000e+00 0.000000e+00 7.000000e-01 3.000000e-01
 0.000000e+00 0.000000e+00 0.000000e+00 0.000000e+00 0.000000e+00
<ENDHMM>

~h "SY"
<BEGINHMM>
<NUMSTATES> 5
<STATE> 2
<MEAN> 25
 -1.104227e-08 2.420599e-09 -3.472830e-09 -4.246777e-09 -1.239522e-08 1.973595e-09 2.230325e-09 -3.852209e-09 -2.711656e-09 1.570480e-09 3.262617e-09 -2.040596e-11 4.860206e-04 2.025392e-03 -1.341709e-04 -1.592703e-03 1.170916e-04 1.148346e-03 -1.229178e-04 -2.721455e-03 -3.514933e-04 6.527482e-04 -1.189190e-03 -1.970915e-03 2.158235e-04
<VARIANCE> 25
 6.300775e+01 5.553968e+01 6.640719e+01 5.613477e+01 6.407832e+01 5.525362e+01 5.793406e+01 5.977361e+01 5.379140e+01 3.673146e+01 4.201406e+01 3.801796e+01 2.504932e+00 2.659757e+00 2.700122e+00 2.944490e+00 3.316420e+00 3.040936e+00 3.213305e+00 3.801739e+00 3.337681e+00 2.726182e+00 2.829436e+00 2.401936e+00 4.813670e+00
<GCONST> 1.080971e+02
<STATE> 3
<MEAN> 25
 -1.104227e-08 2.420599e-09 -3.472830e-09 -4.246777e-09 -1.239522e-08 1.973595e-09 2.230325e-09 -3.852209e-09 -2.711656e-09 1.570480e-09 3.262617e-09 -2.040596e-11 4.860206e-04 2.025392e-03 -1.341709e-04 -1.592703e-03 1.170916e-04 1.148346e-03 -1.229178e-04 -2.721455e-03 -3.514933e-04 6.527482e-04 -1.189190e-03 -1.970915e-03 2.158235e-04
<VARIANCE> 25
 6.300775e+01 5.553968e+01 6.640719e+01 5.613477e+01 6.407832e+01 5.525362e+01 5.793406e+01 5.977361e+01 5.379140e+01 3.673146e+01 4.201406e+01 3.801796e+01 2.504932e+00 2.659757e+00 2.700122e+00 2.944490e+00 3.316420e+00 3.040936e+00 3.213305e+00 3.801739e+00 3.337681e+00 2.726182e+00 2.829436e+00 2.401936e+00 4.813670e+00
<GCONST> 1.080971e+02
<STATE> 4
<MEAN> 25
 -1.104227e-08 2.420599e-09 -3.472830e-09 -4.246777e-09 -1.239522e-08 1.973595e-09 2.230325e-09 -3.852209e-09 -2.711656e-09 1.570480e-09 3.262617e-09 -2.040596e-11 4.860206e-04 2.025392e-03 -1.341709e-04 -1.592703e-03 1.170916e-04 1.148346e-03 -1.229178e-04 -2.721455e-03 -3.514933e-04 6.527482e-04 -1.189190e-03 -1.970915e-03 2.158235e-04
<VARIANCE> 25
 6.300775e+01 5.553968e+01 6.640719e+01 5.613477e+01 6.407832e+01 5.525362e+01 5.793406e+01 5.977361e+01 5.379140e+01 3.673146e+01 4.201406e+01 3.801796e+01 2.504932e+00 2.659757e+00 2.700122e+00 2.944490e+00 3.316420e+00 3.040936e+00 3.213305e+00 3.801739e+00 3.337681e+00 2.726182e+00 2.829436e+00 2.401936e+00 4.813670e+00
<GCONST> 1.080971e+02
<TRANSP> 5
 0.000000e+00 1.000000e+00 0.000000e+00 0.000000e+00 0.000000e+00
 0.000000e+00 6.000000e-01 4.000000e-01 0.000000e+00 0.000000e+00
 0.000000e+00 0.000000e+00 6.000000e-01 4.000000e-01 0.000000e+00
 0.000000e+00 0.000000e+00 0.000000e+00 7.000000e-01 3.000000e-01
 0.000000e+00 0.000000e+00 0.000000e+00 0.000000e+00 0.000000e+00
<ENDHMM>

~h "X"
<BEGINHMM>
<NUMSTATES> 5
<STATE> 2
<MEAN> 25
 -1.104227e-08 2.420599e-09 -3.472830e-09 -4.246777e-09 -1.239522e-08 1.973595e-09 2.230325e-09 -3.852209e-09 -2.711656e-09 1.570480e-09 3.262617e-09 -2.040596e-11 4.860206e-04 2.025392e-03 -1.341709e-04 -1.592703e-03 1.170916e-04 1.148346e-03 -1.229178e-04 -2.721455e-03 -3.514933e-04 6.527482e-04 -1.189190e-03 -1.970915e-03 2.158235e-04
<VARIANCE> 25
 6.300775e+01 5.553968e+01 6.640719e+01 5.613477e+01 6.407832e+01 5.525362e+01 5.793406e+01 5.977361e+01 5.379140e+01 3.673146e+01 4.201406e+01 3.801796e+01 2.504932e+00 2.659757e+00 2.700122e+00 2.944490e+00 3.316420e+00 3.040936e+00 3.213305e+00 3.801739e+00 3.337681e+00 2.726182e+00 2.829436e+00 2.401936e+00 4.813670e+00
<GCONST> 1.080971e+02
<STATE> 3
<MEAN> 25
 -1.104227e-08 2.420599e-09 -3.472830e-09 -4.246777e-09 -1.239522e-08 1.973595e-09 2.230325e-09 -3.852209e-09 -2.711656e-09 1.570480e-09 3.262617e-09 -2.040596e-11 4.860206e-04 2.025392e-03 -1.341709e-04 -1.592703e-03 1.170916e-04 1.148346e-03 -1.229178e-04 -2.721455e-03 -3.514933e-04 6.527482e-04 -1.189190e-03 -1.970915e-03 2.158235e-04
<VARIANCE> 25
 6.300775e+01 5.553968e+01 6.640719e+01 5.613477e+01 6.407832e+01 5.525362e+01 5.793406e+01 5.977361e+01 5.379140e+01 3.673146e+01 4.201406e+01 3.801796e+01 2.504932e+00 2.659757e+00 2.700122e+00 2.944490e+00 3.316420e+00 3.040936e+00 3.213305e+00 3.801739e+00 3.337681e+00 2.726182e+00 2.829436e+00 2.401936e+00 4.813670e+00
<GCONST> 1.080971e+02
<STATE> 4
<MEAN> 25
 -1.104227e-08 2.420599e-09 -3.472830e-09 -4.246777e-09 -1.239522e-08 1.973595e-09 2.230325e-09 -3.852209e-09 -2.711656e-09 1.570480e-09 3.262617e-09 -2.040596e-11 4.860206e-04 2.025392e-03 -1.341709e-04 -1.592703e-03 1.170916e-04 1.148346e-03 -1.229178e-04 -2.721455e-03 -3.514933e-04 6.527482e-04 -1.189190e-03 -1.970915e-03 2.158235e-04
<VARIANCE> 25
 6.300775e+01 5.553968e+01 6.640719e+01 5.613477e+01 6.407832e+01 5.525362e+01 5.793406e+01 5.977361e+01 5.379140e+01 3.673146e+01 4.201406e+01 3.801796e+01 2.504932e+00 2.659757e+00 2.700122e+00 2.944490e+00 3.316420e+00 3.040936e+00 3.213305e+00 3.801739e+00 3.337681e+00 2.726182e+00 2.829436e+00 2.401936e+00 4.813670e+00
<GCONST> 1.080971e+02
<TRANSP> 5
 0.000000e+00 1.000000e+00 0.000000e+00 0.000000e+00 0.000000e+00
 0.000000e+00 6.000000e-01 4.000000e-01 0.000000e+00 0.000000e+00
 0.000000e+00 0.000000e+00 6.000000e-01 4.000000e-01 0.000000e+00
 0.000000e+00 0.000000e+00 0.000000e+00 7.000000e-01 3.000000e-01
 0.000000e+00 0.000000e+00 0.000000e+00 0.000000e+00 0.000000e+00
<ENDHMM>

~h "AU"
<BEGINHMM>
<NUMSTATES> 5
<STATE> 2
<MEAN> 25
 -1.104227e-08 2.420599e-09 -3.472830e-09 -4.246777e-09 -1.239522e-08 1.973595e-09 2.230325e-09 -3.852209e-09 -2.711656e-09 1.570480e-09 3.262617e-09 -2.040596e-11 4.860206e-04 2.025392e-03 -1.341709e-04 -1.592703e-03 1.170916e-04 1.148346e-03 -1.229178e-04 -2.721455e-03 -3.514933e-04 6.527482e-04 -1.189190e-03 -1.970915e-03 2.158235e-04
<VARIANCE> 25
 6.300775e+01 5.553968e+01 6.640719e+01 5.613477e+01 6.407832e+01 5.525362e+01 5.793406e+01 5.977361e+01 5.379140e+01 3.673146e+01 4.201406e+01 3.801796e+01 2.504932e+00 2.659757e+00 2.700122e+00 2.944490e+00 3.316420e+00 3.040936e+00 3.213305e+00 3.801739e+00 3.337681e+00 2.726182e+00 2.829436e+00 2.401936e+00 4.813670e+00
<GCONST> 1.080971e+02
<STATE> 3
<MEAN> 25
 -1.104227e-08 2.420599e-09 -3.472830e-09 -4.246777e-09 -1.239522e-08 1.973595e-09 2.230325e-09 -3.852209e-09 -2.711656e-09 1.570480e-09 3.262617e-09 -2.040596e-11 4.860206e-04 2.025392e-03 -1.341709e-04 -1.592703e-03 1.170916e-04 1.148346e-03 -1.229178e-04 -2.721455e-03 -3.514933e-04 6.527482e-04 -1.189190e-03 -1.970915e-03 2.158235e-04
<VARIANCE> 25
 6.300775e+01 5.553968e+01 6.640719e+01 5.613477e+01 6.407832e+01 5.525362e+01 5.793406e+01 5.977361e+01 5.379140e+01 3.673146e+01 4.201406e+01 3.801796e+01 2.504932e+00 2.659757e+00 2.700122e+00 2.944490e+00 3.316420e+00 3.040936e+00 3.213305e+00 3.801739e+00 3.337681e+00 2.726182e+00 2.829436e+00 2.401936e+00 4.813670e+00
<GCONST> 1.080971e+02
<STATE> 4
<MEAN> 25
 -1.104227e-08 2.420599e-09 -3.472830e-09 -4.246777e-09 -1.239522e-08 1.973595e-09 2.230325e-09 -3.852209e-09 -2.711656e-09 1.570480e-09 3.262617e-09 -2.040596e-11 4.860206e-04 2.025392e-03 -1.341709e-04 -1.592703e-03 1.170916e-04 1.148346e-03 -1.229178e-04 -2.721455e-03 -3.514933e-04 6.527482e-04 -1.189190e-03 -1.970915e-03 2.158235e-04
<VARIANCE> 25
 6.300775e+01 5.553968e+01 6.640719e+01 5.613477e+01 6.407832e+01 5.525362e+01 5.793406e+01 5.977361e+01 5.379140e+01 3.673146e+01 4.201406e+01 3.801796e+01 2.504932e+00 2.659757e+00 2.700122e+00 2.944490e+00 3.316420e+00 3.040936e+00 3.213305e+00 3.801739e+00 3.337681e+00 2.726182e+00 2.829436e+00 2.401936e+00 4.813670e+00
<GCONST> 1.080971e+02
<TRANSP> 5
 0.000000e+00 1.000000e+00 0.000000e+00 0.000000e+00 0.000000e+00
 0.000000e+00 6.000000e-01 4.000000e-01 0.000000e+00 0.000000e+00
 0.000000e+00 0.000000e+00 6.000000e-01 4.000000e-01 0.000000e+00
 0.000000e+00 0.000000e+00 0.000000e+00 7.000000e-01 3.000000e-01
 0.000000e+00 0.000000e+00 0.000000e+00 0.000000e+00 0.000000e+00
<ENDHMM>

~h "OI"
<BEGINHMM>
<NUMSTATES> 5
<STATE> 2
<MEAN> 25
 -1.104227e-08 2.420599e-09 -3.472830e-09 -4.246777e-09 -1.239522e-08 1.973595e-09 2.230325e-09 -3.852209e-09 -2.711656e-09 1.570480e-09 3.262617e-09 -2.040596e-11 4.860206e-04 2.025392e-03 -1.341709e-04 -1.592703e-03 1.170916e-04 1.148346e-03 -1.229178e-04 -2.721455e-03 -3.514933e-04 6.527482e-04 -1.189190e-03 -1.970915e-03 2.158235e-04
<VARIANCE> 25
 6.300775e+01 5.553968e+01 6.640719e+01 5.613477e+01 6.407832e+01 5.525362e+01 5.793406e+01 5.977361e+01 5.379140e+01 3.673146e+01 4.201406e+01 3.801796e+01 2.504932e+00 2.659757e+00 2.700122e+00 2.944490e+00 3.316420e+00 3.040936e+00 3.213305e+00 3.801739e+00 3.337681e+00 2.726182e+00 2.829436e+00 2.401936e+00 4.813670e+00
<GCONST> 1.080971e+02
<STATE> 3
<MEAN> 25
 -1.104227e-08 2.420599e-09 -3.472830e-09 -4.246777e-09 -1.239522e-08 1.973595e-09 2.230325e-09 -3.852209e-09 -2.711656e-09 1.570480e-09 3.262617e-09 -2.040596e-11 4.860206e-04 2.025392e-03 -1.341709e-04 -1.592703e-03 1.170916e-04 1.148346e-03 -1.229178e-04 -2.721455e-03 -3.514933e-04 6.527482e-04 -1.189190e-03 -1.970915e-03 2.158235e-04
<VARIANCE> 25
 6.300775e+01 5.553968e+01 6.640719e+01 5.613477e+01 6.407832e+01 5.525362e+01 5.793406e+01 5.977361e+01 5.379140e+01 3.673146e+01 4.201406e+01 3.801796e+01 2.504932e+00 2.659757e+00 2.700122e+00 2.944490e+00 3.316420e+00 3.040936e+00 3.213305e+00 3.801739e+00 3.337681e+00 2.726182e+00 2.829436e+00 2.401936e+00 4.813670e+00
<GCONST> 1.080971e+02
<STATE> 4
<MEAN> 25
 -1.104227e-08 2.420599e-09 -3.472830e-09 -4.246777e-09 -1.239522e-08 1.973595e-09 2.230325e-09 -3.852209e-09 -2.711656e-09 1.570480e-09 3.262617e-09 -2.040596e-11 4.860206e-04 2.025392e-03 -1.341709e-04 -1.592703e-03 1.170916e-04 1.148346e-03 -1.229178e-04 -2.721455e-03 -3.514933e-04 6.527482e-04 -1.189190e-03 -1.970915e-03 2.158235e-04
<VARIANCE> 25
 6.300775e+01 5.553968e+01 6.640719e+01 5.613477e+01 6.407832e+01 5.525362e+01 5.793406e+01 5.977361e+01 5.379140e+01 3.673146e+01 4.201406e+01 3.801796e+01 2.504932e+00 2.659757e+00 2.700122e+00 2.944490e+00 3.316420e+00 3.040936e+00 3.213305e+00 3.801739e+00 3.337681e+00 2.726182e+00 2.829436e+00 2.401936e+00 4.813670e+00
<GCONST> 1.080971e+02
<TRANSP> 5
 0.000000e+00 1.000000e+00 0.000000e+00 0.000000e+00 0.000000e+00
 0.000000e+00 6.000000e-01 4.000000e-01 0.000000e+00 0.000000e+00
 0.000000e+00 0.000000e+00 6.000000e-01 4.000000e-01 0.000000e+00
 0.000000e+00 0.000000e+00 0.000000e+00 7.000000e-01 3.000000e-01
 0.000000e+00 0.000000e+00 0.000000e+00 0.000000e+00 0.000000e+00
<ENDHMM>

~h "sil"
<BEGINHMM>
<NUMSTATES> 5
<STATE> 2
<MEAN> 25
 -1.104227e-08 2.420599e-09 -3.472830e-09 -4.246777e-09 -1.239522e-08 1.973595e-09 2.230325e-09 -3.852209e-09 -2.711656e-09 1.570480e-09 3.262617e-09 -2.040596e-11 4.860206e-04 2.025392e-03 -1.341709e-04 -1.592703e-03 1.170916e-04 1.148346e-03 -1.229178e-04 -2.721455e-03 -3.514933e-04 6.527482e-04 -1.189190e-03 -1.970915e-03 2.158235e-04
<VARIANCE> 25
 6.300775e+01 5.553968e+01 6.640719e+01 5.613477e+01 6.407832e+01 5.525362e+01 5.793406e+01 5.977361e+01 5.379140e+01 3.673146e+01 4.201406e+01 3.801796e+01 2.504932e+00 2.659757e+00 2.700122e+00 2.944490e+00 3.316420e+00 3.040936e+00 3.213305e+00 3.801739e+00 3.337681e+00 2.726182e+00 2.829436e+00 2.401936e+00 4.813670e+00
<GCONST> 1.080971e+02
<STATE> 3
<MEAN> 25
 -1.104227e-08 2.420599e-09 -3.472830e-09 -4.246777e-09 -1.239522e-08 1.973595e-09 2.230325e-09 -3.852209e-09 -2.711656e-09 1.570480e-09 3.262617e-09 -2.040596e-11 4.860206e-04 2.025392e-03 -1.341709e-04 -1.592703e-03 1.170916e-04 1.148346e-03 -1.229178e-04 -2.721455e-03 -3.514933e-04 6.527482e-04 -1.189190e-03 -1.970915e-03 2.158235e-04
<VARIANCE> 25
 6.300775e+01 5.553968e+01 6.640719e+01 5.613477e+01 6.407832e+01 5.525362e+01 5.793406e+01 5.977361e+01 5.379140e+01 3.673146e+01 4.201406e+01 3.801796e+01 2.504932e+00 2.659757e+00 2.700122e+00 2.944490e+00 3.316420e+00 3.040936e+00 3.213305e+00 3.801739e+00 3.337681e+00 2.726182e+00 2.829436e+00 2.401936e+00 4.813670e+00
<GCONST> 1.080971e+02
<STATE> 4
<MEAN> 25
 -1.104227e-08 2.420599e-09 -3.472830e-09 -4.246777e-09 -1.239522e-08 1.973595e-09 2.230325e-09 -3.852209e-09 -2.711656e-09 1.570480e-09 3.262617e-09 -2.040596e-11 4.860206e-04 2.025392e-03 -1.341709e-04 -1.592703e-03 1.170916e-04 1.148346e-03 -1.229178e-04 -2.721455e-03 -3.514933e-04 6.527482e-04 -1.189190e-03 -1.970915e-03 2.158235e-04
<VARIANCE> 25
 6.300775e+01 5.553968e+01 6.640719e+01 5.613477e+01 6.407832e+01 5.525362e+01 5.793406e+01 5.977361e+01 5.379140e+01 3.673146e+01 4.201406e+01 3.801796e+01 2.504932e+00 2.659757e+00 2.700122e+00 2.944490e+00 3.316420e+00 3.040936e+00 3.213305e+00 3.801739e+00 3.337681e+00 2.726182e+00 2.829436e+00 2.401936e+00 4.813670e+00
<GCONST> 1.080971e+02
<TRANSP> 5
 0.000000e+00 1.000000e+00 0.000000e+00 0.000000e+00 0.000000e+00
 0.000000e+00 6.000000e-01 4.000000e-01 0.000000e+00 0.000000e+00
 0.000000e+00 0.000000e+00 6.000000e-01 4.000000e-01 0.000000e+00
 0.000000e+00 0.000000e+00 0.000000e+00 7.000000e-01 3.000000e-01
 0.000000e+00 0.000000e+00 0.000000e+00 0.000000e+00 0.000000e+00
<ENDHMM>
