~o
<STREAMINFO> 1 25
<VECSIZE> 25<NULLD><MFCC_D_N_Z_0><DIAGC>
~s "silst"
<MEAN> 25
 -6.330447e+00 7.751515e-01 -1.822378e+00 5.027679e+00 4.508848e+00 -1.115597e+00 5.746782e+00 1.793675e+00 5.035023e-01 -9.760569e-01 8.855832e-01 4.106402e+00 -1.955927e-02 4.377741e-02 -5.480889e-03 -1.114906e-02 -2.492220e-03 1.063618e-02 3.407470e-03 -1.996023e-02 2.113580e-02 3.051520e-02 1.049667e-02 -1.154069e-02 -6.576379e-02
<VARIANCE> 25
 1.125135e+01 3.151854e+01 2.060244e+01 2.844752e+01 2.261190e+01 2.813905e+01 2.621453e+01 3.770145e+01 2.956218e+01 2.607298e+01 2.234849e+01 2.270719e+01 4.122340e-01 9.466862e-01 8.850580e-01 1.560217e+00 1.432857e+00 1.764214e+00 1.601583e+00 2.448016e+00 1.879273e+00 1.973763e+00 1.665926e+00 1.727183e+00 5.085372e-01
<GCONST> 8.778685e+01
~h "A"
<BEGINHMM>
<NUMSTATES> 5
<STATE> 2
<MEAN> 25
 4.639829e+00 -9.579832e+00 -5.076435e+00 -6.852135e+00 -2.972137e-01 2.525310e+00 -2.447481e+00 5.199192e+00 6.018280e+00 -3.952864e-01 -2.914883e+00 -5.639180e+00 3.276084e-01 -1.568670e+00 -1.008882e+00 -5.663953e-01 9.694794e-01 9.310949e-01 4.657503e-01 5.724990e-01 7.715454e-01 -7.995218e-01 -1.102072e+00 -1.106353e+00 1.324839e+00
<VARIANCE> 25
 1.720064e+01 2.769481e+01 3.680968e+01 3.794463e+01 5.069442e+01 6.481467e+01 4.630984e+01 6.438465e+01 4.250982e+01 3.970301e+01 4.316687e+01 3.444958e+01 1.884734e+00 2.554242e+00 2.574152e+00 3.016538e+00 3.446351e+00 3.949502e+00 3.642137e+00 4.894773e+00 3.505948e+00 3.226461e+00 3.452720e+00 2.992695e+00 3.933185e+00
<GCONST> 1.054318e+02
<STATE> 3
<MEAN> 25
 5.118814e+00 -1.143177e+01 -6.573124e+00 -7.131667e+00 2.101939e+00 4.174274e+00 -1.593166e+00 4.503051e+00 6.600067e+00 -1.853995e+00 -4.674924e+00 -7.141818e+00 7.612817e-03 1.502682e-01 -4.729773e-02 2.922845e-01 3.340122e-01 -1.549355e-01 2.428136e-01 -1.241332e-01 -6.866363e-02 -1.190948e-01 -2.000607e-01 2.549640e-02 -5.308862e-01
<VARIANCE> 25
 1.022786e+01 2.270500e+01 3.012458e+01 3.038003e+01 3.725432e+01 5.145837e+01 4.094125e+01 5.381042e+01 3.740642e+01 3.733235e+01 3.776491e+01 2.968175e+01 6.263090e-01 1.641643e+00 1.282250e+00 1.657172e+00 2.093495e+00 2.772686e+00 2.254631e+00 2.872528e+00 2.017664e+00 2.326033e+00 2.313580e+00 1.831432e+00 2.687643e+00
<GCONST> 9.612051e+01
<STATE> 4
<MEAN> 25
 3.127661e+00 -6.845295e+00 -5.990802e+00 -3.051289e+00 3.042954e+00 1.307911e+00 4.786095e-01 3.197044e+00 4.434209e+00 -1.601606e+00 -4.291487e+00 -4.161736e+00 -5.702753e-02 8.739972e-01 4.735297e-01 5.456203e-01 -2.184640e-01 -3.757935e-01 -6.360191e-02 -2.199403e-01 -3.706014e-01 2.697721e-01 2.452373e-01 4.032714e-01 -1.305742e+00
<VARIANCE> 25
 2.282755e+01 3.965113e+01 3.129317e+01 4.036646e+01 4.013759e+01 4.382056e+01 4.092603e+01 4.656857e+01 3.965946e+01 3.522541e+01 3.571045e+01 3.610954e+01 9.088490e-01 1.796040e+00 1.588786e+00 1.906465e+00 2.141780e+00 2.360337e+00 2.375822e+00 2.738324e+00 2.296056e+00 2.293619e+00 2.194054e+00 1.892894e+00 2.409818e+00
<GCONST> 9.838171e+01
<TRANSP> 5
 0.000000e+00 1.000000e+00 0.000000e+00 0.000000e+00 0.000000e+00
 0.000000e+00 5.833165e-01 4.166835e-01 0.000000e+00 0.000000e+00
 0.000000e+00 0.000000e+00 6.574537e-01 3.425463e-01 0.000000e+00
 0.000000e+00 0.000000e+00 0.000000e+00 8.012714e-01 1.987286e-01
 0.000000e+00 0.000000e+00 0.000000e+00 0.000000e+00 0.000000e+00
<ENDHMM>
~h "B"
<BEGINHMM>
<NUMSTATES> 5
<STATE> 2
<MEAN> 25
 8.626233e+00 7.133534e+00 3.760073e+00 2.335278e+00 1.429317e+00 4.216877e+00 4.393861e-01 -5.438478e+00 -4.642169e+00 -2.576315e-01 2.750834e-01 -1.521563e+00 7.849690e-01 1.533907e+00 5.201989e-01 5.098289e-01 6.995955e-01 3.531068e-01 8.717859e-01 -4.982760e-01 -4.805497e-01 -1.732090e-01 -2.855487e-01 -8.742966e-02 -1.265014e+00
<VARIANCE> 25
 4.342301e+01 4.052942e+01 3.067039e+01 4.110578e+01 3.467176e+01 3.762399e+01 4.463545e+01 4.102936e+01 4.691828e+01 3.079435e+01 4.016681e+01 2.789804e+01 2.409095e+00 3.027852e+00 2.799200e+00 3.568767e+00 2.971323e+00 2.964741e+00 3.798951e+00 3.571132e+00 4.049331e+00 2.972569e+00 3.291912e+00 2.392782e+00 6.418626e+00
<GCONST> 1.050263e+02
<STATE> 3
<MEAN> 25
 1.025736e+01 9.414072e+00 4.199362e+00 2.048240e+00 1.967835e+00 4.813880e+00 1.520591e+00 -6.353872e+00 -5.155181e+00 -2.205622e-01 2.901084e-01 -1.502672e+00 -4.476857e-01 -1.083925e+00 -8.543505e-01 -1.076201e+00 -1.179448e-02 -3.809964e-01 -9.228348e-01 4.085873e-01 9.650387e-01 4.799033e-01 6.673317e-01 1.905416e-01 2.028950e+00
<VARIANCE> 25
 2.573465e+01 3.542917e+01 2.551367e+01 3.683287e+01 3.098355e+01 3.472425e+01 3.480690e+01 3.398792e+01 4.160832e+01 3.052167e+01 3.929432e+01 2.791171e+01 2.628737e+00 5.403959e+00 3.597792e+00 6.075037e+00 3.464221e+00 3.669791e+00 4.771428e+00 3.855188e+00 5.582388e+00 3.830104e+00 4.393037e+00 3.303712e+00 8.807988e+00
<GCONST> 1.069176e+02
<STATE> 4
<MEAN> 25
 8.042942e+00 4.897202e+00 1.443780e+00 -1.007240e+00 1.308014e+00 3.420996e+00 -1.774671e+00 -4.491977e+00 -1.673841e+00 1.451922e+00 1.969871e+00 -1.233161e+00 -1.054587e+00 -2.585118e+00 -1.212584e+00 -1.493680e+00 -9.796705e-01 -5.629179e-01 -1.671560e+00 1.024683e+00 1.499266e+00 5.846859e-01 5.720955e-01 -1.112242e-01 3.704039e+00
<VARIANCE> 25
 2.945221e+01 6.108022e+01 3.815613e+01 7.682210e+01 3.665216e+01 4.623901e+01 4.497929e+01 3.301997e+01 4.427280e+01 4.062396e+01 4.338271e+01 3.167327e+01 2.260786e+00 4.534855e+00 4.918688e+00 6.830783e+00 4.821905e+00 5.460507e+00 4.644782e+00 5.146225e+00 7.762159e+00 5.236075e+00 5.187830e+00 5.999454e+00 6.389583e+00
<GCONST> 1.121681e+02
<TRANSP> 5
 0.000000e+00 1.000000e+00 0.000000e+00 0.000000e+00 0.000000e+00
 0.000000e+00 7.096410e-01 2.903590e-01 0.000000e+00 0.000000e+00
 0.000000e+00 0.000000e+00 4.739645e-01 5.260355e-01 0.000000e+00
 0.000000e+00 0.000000e+00 0.000000e+00 5.488511e-01 4.511489e-01
 0.000000e+00 0.000000e+00 0.000000e+00 0.000000e+00 0.000000e+00
<ENDHMM>
~h "C"
<BEGINHMM>
<NUMSTATES> 5
<STATE> 2
<MEAN> 25
 -2.534324e+00 5.593781e+00 2.246074e+00 3.547854e+00 1.377008e+00 -5.474651e+00 8.603019e-01 1.219334e-01 -4.943060e-01 -8.763769e-01 -7.682704e-01 2.194581e+00 -1.806725e+00 1.001115e-02 -7.042153e-01 -4.188051e-01 8.009953e-01 8.271998e-02 5.169290e-01 -1.091193e-01 1.187952e-01 1.392363e-01 1.545147e-01 1.944497e-01 -9.157308e-01
<VARIANCE> 25
 3.864651e+01 3.375301e+01 3.588140e+01 2.832104e+01 4.103697e+01 4.128873e+01 4.694457e+01 4.235463e+01 3.862241e+01 2.739294e+01 2.658039e+01 2.236112e+01 4.955364e+00 4.709601e+00 3.114707e+00 3.399572e+00 4.140630e+00 3.161031e+00 3.646447e+00 3.491762e+00 3.201475e+00 2.760163e+00 2.662837e+00 2.463414e+00 1.226417e+01
<GCONST> 1.056183e+02
<STATE> 3
<MEAN> 25
 -1.533124e+01 2.566350e+00 -1.852680e+00 -2.060421e+00 3.853601e+00 -3.427619e+00 2.200331e+00 3.259045e-01 4.517213e-02 7.259423e-01 1.539795e+00 3.856467e+00 -2.048222e+00 -4.278771e-01 -6.896955e-02 -1.062966e+00 -4.475921e-01 -9.270224e-02 -2.472615e-02 5.391597e-01 2.778918e-01 8.535880e-02 4.537840e-01 5.088729e-01 3.883857e+00
<VARIANCE> 25
 5.395406e+01 2.821649e+01 3.135358e+01 3.225259e+01 3.336954e+01 3.703650e+01 3.853294e+01 3.142785e+01 2.830307e+01 2.179675e+01 2.177052e+01 1.706885e+01 1.063040e+01 3.338460e+00 4.204048e+00 3.731913e+00 4.254672e+00 3.751671e+00 3.695349e+00 3.770929e+00 3.162601e+00 2.519076e+00 2.640426e+00 1.873474e+00 8.127583e+00
<GCONST> 1.042513e+02
<STATE> 4
<MEAN> 25
 -9.844566e+00 8.508657e-01 2.039628e+00 -2.226187e+00 -1.811172e+00 -5.478961e+00 -6.268480e-01 2.992258e+00 1.921277e+00 -7.636006e-01 6.073235e-01 3.667747e+00 4.686683e+00 -1.486275e+00 9.932185e-01 2.435279e-01 -1.778811e+00 -2.240678e-01 -1.575059e+00 7.225525e-01 7.235503e-01 -3.602489e-01 -6.130148e-01 -1.016209e+00 2.197112e+00
<VARIANCE> 25
 1.041989e+02 3.167564e+01 3.843295e+01 3.225086e+01 4.216367e+01 3.974139e+01 5.530143e+01 4.325885e+01 3.424080e+01 2.406115e+01 2.763611e+01 1.981105e+01 7.860394e+00 5.686475e+00 6.313834e+00 4.544704e+00 4.910061e+00 5.017116e+00 5.248086e+00 7.314022e+00 5.851265e+00 3.703195e+00 3.548278e+00 2.850843e+00 2.632847e+00
<GCONST> 1.097610e+02
<TRANSP> 5
 0.000000e+00 1.000000e+00 0.000000e+00 0.000000e+00 0.000000e+00
 0.000000e+00 8.104212e-01 1.895788e-01 0.000000e+00 0.000000e+00
 0.000000e+00 0.000000e+00 7.071379e-01 2.928621e-01 0.000000e+00
 0.000000e+00 0.000000e+00 0.000000e+00 6.904580e-01 3.095420e-01
 0.000000e+00 0.000000e+00 0.000000e+00 0.000000e+00 0.000000e+00
<ENDHMM>
~h "D"
<BEGINHMM>
<NUMSTATES> 5
<STATE> 2
<MEAN> 25
 6.726122e+00 4.375760e+00 6.239802e+00 6.530250e+00 -5.031375e-01 -3.015622e+00 -2.878602e+00 -1.635305e-01 1.726260e+00 -1.191003e+00 -3.907580e+00 -1.119685e+00 7.148300e-01 1.071962e+00 9.194914e-01 9.064027e-01 6.628535e-01 -4.567149e-01 -7.911223e-02 4.542544e-02 2.367167e-01 -2.682336e-01 -5.349294e-01 -5.188145e-02 -9.502152e-01
<VARIANCE> 25
 4.331801e+01 5.754676e+01 3.698232e+01 3.727597e+01 5.084492e+01 3.605340e+01 5.745029e+01 6.982436e+01 4.593052e+01 3.818480e+01 3.977028e+01 3.138615e+01 3.141943e+00 4.768259e+00 2.975946e+00 3.850976e+00 4.556914e+00 3.203904e+00 4.372843e+00 5.967241e+00 4.122646e+00 3.255876e+00 3.919809e+00 2.961470e+00 8.327731e+00
<GCONST> 1.096633e+02
<STATE> 3
<MEAN> 25
 6.950822e+00 4.104762e+00 8.450215e+00 6.453950e+00 7.669282e-02 -4.130199e+00 -4.076295e+00 1.187117e+00 1.611061e+00 -1.866812e+00 -3.411058e+00 -6.870641e-02 -1.206207e+00 -2.153789e+00 -6.950051e-02 -1.665425e+00 -9.690249e-01 -4.165817e-01 -8.924059e-01 1.422439e+00 -1.373373e-01 -2.224710e-02 1.276089e+00 9.011988e-01 3.342332e+00
<VARIANCE> 25
 3.248021e+01 5.173241e+01 2.902870e+01 4.064584e+01 4.441874e+01 3.687051e+01 5.700322e+01 5.206561e+01 4.599205e+01 3.539357e+01 3.659198e+01 3.445969e+01 3.248288e+00 5.465508e+00 4.074758e+00 5.117606e+00 6.807955e+00 3.841990e+00 5.760426e+00 8.161770e+00 6.455290e+00 4.065960e+00 4.699245e+00 3.575157e+00 9.219681e+00
<GCONST> 1.117171e+02
<STATE> 4
<MEAN> 25
 3.981050e+00 -2.183188e+00 6.878812e+00 1.113386e+00 -5.456023e+00 -5.112473e+00 -6.352827e+00 5.238398e+00 1.829424e+00 -1.104297e+00 4.441932e-01 1.680056e+00 -8.189327e-01 -1.643910e+00 -8.106233e-01 -1.685628e+00 -1.469499e+00 1.664432e-01 -1.981810e-01 8.299578e-01 1.588797e-01 3.008834e-01 8.274513e-01 -1.443624e-01 3.104928e+00
<VARIANCE> 25
 2.287248e+01 4.586345e+01 4.554661e+01 4.824176e+01 6.989247e+01 3.799062e+01 6.875769e+01 6.989994e+01 6.550624e+01 3.207835e+01 3.896735e+01 2.789328e+01 2.983316e+00 3.632018e+00 5.906702e+00 4.388382e+00 7.368756e+00 4.121035e+00 6.462895e+00 8.710864e+00 8.868914e+00 4.180097e+00 6.373795e+00 4.137919e+00 6.528544e+00
<GCONST> 1.134442e+02
<TRANSP> 5
 0.000000e+00 1.000000e+00 0.000000e+00 0.000000e+00 0.000000e+00
 0.000000e+00 6.985449e-01 3.014551e-01 0.000000e+00 0.000000e+00
 0.000000e+00 0.000000e+00 5.308617e-01 4.691383e-01 0.000000e+00
 0.000000e+00 0.000000e+00 0.000000e+00 4.893081e-01 5.106919e-01
 0.000000e+00 0.000000e+00 0.000000e+00 0.000000e+00 0.000000e+00
<ENDHMM>
~h "E"
<BEGINHMM>
<NUMSTATES> 5
<STATE> 2
<MEAN> 25
 2.753233e+00 -7.901975e+00 5.109383e+00 -1.771901e+00 -1.007030e+01 -6.834592e+00 -6.490006e-01 8.051459e+00 -4.592854e-02 -2.760850e-01 2.665153e+00 -4.818695e-01 1.880174e-01 -1.183343e+00 1.066842e+00 -9.373378e-01 -1.985936e+00 -3.863000e-01 9.057300e-01 1.532882e+00 -4.367899e-01 -1.827650e-01 7.657545e-01 -1.165504e-01 1.969410e+00
<VARIANCE> 25
 2.344842e+01 3.977421e+01 4.873037e+01 3.427190e+01 5.389179e+01 4.096428e+01 6.487183e+01 5.296191e+01 4.934949e+01 3.958535e+01 4.861178e+01 3.050821e+01 2.632035e+00 3.548528e+00 3.124169e+00 2.913230e+00 4.774447e+00 3.378429e+00 4.810637e+00 5.540502e+00 4.331915e+00 3.921596e+00 3.568309e+00 2.555443e+00 6.467913e+00
<GCONST> 1.083425e+02
<STATE> 3
<MEAN> 25
 3.065732e+00 -8.546576e+00 8.364018e+00 -4.016576e+00 -1.363287e+01 -7.610768e+00 1.264242e+00 8.955985e+00 -1.882725e+00 1.049254e+00 4.975930e+00 -1.148701e+00 -6.210946e-02 3.170246e-01 1.410909e-02 3.895303e-02 6.411462e-02 -5.194191e-02 3.881007e-01 -2.084431e-01 -7.996314e-02 9.332985e-02 -2.755450e-02 -9.110297e-02 -4.285209e-01
<VARIANCE> 25
 9.209267e+00 2.608070e+01 4.146326e+01 3.043724e+01 3.448421e+01 3.704092e+01 5.324471e+01 4.748426e+01 4.685334e+01 4.498220e+01 4.638335e+01 2.800822e+01 5.836232e-01 1.314693e+00 1.316650e+00 1.437328e+00 1.848666e+00 1.482088e+00 2.130558e+00 2.082041e+00 2.058478e+00 1.724323e+00 1.726459e+00 1.189333e+00 3.037152e+00
<GCONST> 9.434719e+01
<STATE> 4
<MEAN> 25
 1.528791e-01 -2.834219e+00 4.152683e+00 -1.070595e-01 -7.572022e+00 -5.812994e+00 3.290380e+00 3.749352e+00 -9.677095e-01 2.729250e-01 2.224883e+00 1.859745e-01 -3.335533e-02 4.525201e-01 -3.615062e-01 3.602313e-01 7.054471e-01 1.756028e-01 -1.413146e-01 -3.505653e-01 1.056865e-01 -2.760390e-02 -3.440964e-01 4.915130e-02 -9.060772e-01
<VARIANCE> 25
 2.338327e+01 4.344106e+01 5.609468e+01 3.223853e+01 6.905377e+01 4.509875e+01 4.480648e+01 4.885539e+01 3.945129e+01 3.619828e+01 3.789355e+01 2.560358e+01 8.573961e-01 1.425703e+00 1.394409e+00 1.478728e+00 2.244101e+00 1.827795e+00 2.379436e+00 2.180493e+00 2.018330e+00 1.933674e+00 1.845598e+00 1.472427e+00 2.373903e+00
<GCONST> 9.745533e+01
<TRANSP> 5
 0.000000e+00 1.000000e+00 0.000000e+00 0.000000e+00 0.000000e+00
 0.000000e+00 6.407177e-01 3.592822e-01 0.000000e+00 0.000000e+00
 0.000000e+00 0.000000e+00 7.694889e-01 2.305112e-01 0.000000e+00
 0.000000e+00 0.000000e+00 0.000000e+00 8.590192e-01 1.409808e-01
 0.000000e+00 0.000000e+00 0.000000e+00 0.000000e+00 0.000000e+00
<ENDHMM>
~h "F"
<BEGINHMM>
<NUMSTATES> 5
<STATE> 2
<MEAN> 25
 -3.578003e+00 2.172519e+00 -6.207513e-01 3.523851e+00 3.131614e+00 -6.939816e-02 1.108394e+00 -2.614719e-01 2.380800e-02 8.591102e-01 2.860944e-01 1.147437e+00 -2.989786e+00 -8.263516e-02 -5.023535e-01 1.041824e+00 6.755942e-01 -5.254503e-01 3.562641e-01 3.776309e-01 5.475622e-01 6.318201e-02 -6.522764e-02 4.956068e-01 -1.039422e+00
<VARIANCE> 25
 5.099973e+01 2.515337e+01 3.373389e+01 3.850608e+01 3.545641e+01 4.575536e+01 3.698003e+01 3.487212e+01 3.171566e+01 2.705783e+01 2.534300e+01 2.277191e+01 4.123822e+00 3.905791e+00 3.554139e+00 4.367049e+00 4.984998e+00 4.794521e+00 3.948024e+00 4.040426e+00 3.580009e+00 3.307597e+00 3.149808e+00 2.459585e+00 2.289071e+00
<GCONST> 1.047515e+02
<STATE> 3
<MEAN> 25
 -1.149650e+01 -6.050574e-01 -2.971600e+00 4.132617e+00 2.892868e+00 -1.406405e+00 1.147222e+00 7.249302e-01 9.526682e-01 1.018336e+00 8.476538e-01 2.790897e+00 -6.082219e-01 -4.587905e-01 -3.145967e-01 -7.209193e-02 -6.447066e-02 -3.386671e-02 -1.106714e-02 6.372947e-02 5.841313e-02 1.590007e-02 6.347480e-02 1.151282e-01 -1.636463e-01
<VARIANCE> 25
 2.869709e+01 2.268042e+01 2.170981e+01 2.036731e+01 2.416185e+01 2.482509e+01 2.822329e+01 2.596800e+01 2.455761e+01 2.148247e+01 1.940375e+01 1.818428e+01 2.247567e+00 1.471064e+00 1.515315e+00 1.563703e+00 1.733376e+00 1.974941e+00 1.933006e+00 1.883914e+00 1.841784e+00 1.837974e+00 1.663046e+00 1.533597e+00 1.831865e+00
<GCONST> 9.098740e+01
<STATE> 4
<MEAN> 25
 -8.804836e+00 -2.377864e+00 -4.681264e+00 2.609758e+00 3.033935e+00 -3.686009e-01 1.502187e+00 1.267729e+00 8.701907e-01 6.775376e-01 9.750370e-01 2.108902e+00 1.587820e+00 1.839993e-01 2.073799e-01 -5.150508e-01 -3.330930e-01 2.099025e-01 -9.931506e-02 -1.643963e-01 -1.978843e-01 -9.695033e-02 2.808422e-02 -3.466567e-01 4.982142e-01
<VARIANCE> 25
 5.062164e+01 3.143744e+01 2.841630e+01 2.745636e+01 2.918703e+01 2.838390e+01 2.612971e+01 2.713984e+01 2.601623e+01 2.260024e+01 2.130120e+01 1.850691e+01 7.262297e+00 2.540776e+00 2.711369e+00 3.540473e+00 2.684823e+00 3.263197e+00 2.590230e+00 2.634800e+00 2.615208e+00 2.303814e+00 2.149517e+00 2.176113e+00 3.683555e+00
<GCONST> 9.952641e+01
<TRANSP> 5
 0.000000e+00 1.000000e+00 0.000000e+00 0.000000e+00 0.000000e+00
 0.000000e+00 7.036443e-01 2.963556e-01 0.000000e+00 0.000000e+00
 0.000000e+00 0.000000e+00 8.392388e-01 1.607612e-01 0.000000e+00
 0.000000e+00 0.000000e+00 0.000000e+00 8.502371e-01 1.497629e-01
 0.000000e+00 0.000000e+00 0.000000e+00 0.000000e+00 0.000000e+00
<ENDHMM>
~h "G"
<BEGINHMM>
<NUMSTATES> 5
<STATE> 2
<MEAN> 25
 7.094128e+00 5.193238e+00 6.479098e+00 4.450195e+00 -1.632197e+00 -3.455183e+00 -1.943069e+00 -1.535935e+00 -3.369318e+00 2.955768e+00 -1.026282e+00 -2.933260e+00 1.671404e-02 9.529212e-01 5.189828e-01 1.175174e+00 6.824924e-01 -8.241863e-01 4.463143e-01 -2.119306e-01 -4.348970e-01 -8.248540e-02 -3.013268e-01 2.006948e-01 -1.193398e+00
<VARIANCE> 25
 2.964970e+01 5.010948e+01 4.508240e+01 4.239519e+01 5.868357e+01 5.199096e+01 6.221989e+01 5.739376e+01 4.953025e+01 4.072456e+01 3.803888e+01 3.546925e+01 3.443194e+00 5.147567e+00 4.806052e+00 3.796488e+00 6.158062e+00 4.452641e+00 5.350013e+00 5.113091e+00 5.798371e+00 3.753102e+00 3.594344e+00 3.434466e+00 8.548669e+00
<GCONST> 1.119649e+02
<STATE> 3
<MEAN> 25
 3.466577e+00 4.069841e+00 4.809418e+00 5.755782e+00 9.484591e-01 -5.586396e+00 -1.929713e+00 -6.754020e-01 -3.405043e+00 2.615526e+00 -1.135208e+00 -4.222490e-01 -1.079435e+00 -1.421682e+00 -8.508195e-01 -9.271356e-01 -2.867841e-01 -5.718790e-01 -9.983496e-01 1.033981e+00 3.111165e-01 1.043986e-01 6.277800e-01 6.239228e-01 2.671533e+00
<VARIANCE> 25
 4.060761e+01 5.276593e+01 5.963940e+01 3.443597e+01 7.922532e+01 4.949595e+01 6.210986e+01 4.518504e+01 4.207127e+01 3.421618e+01 3.485578e+01 3.550508e+01 4.610644e+00 5.718534e+00 7.031104e+00 4.289826e+00 1.207755e+01 4.764363e+00 5.815871e+00 5.978525e+00 6.094517e+00 3.902215e+00 4.721645e+00 4.073916e+00 7.643170e+00
<GCONST> 1.142904e+02
<STATE> 4
<MEAN> 25
 2.639516e+00 4.690560e-01 3.681760e+00 1.117917e+00 -3.779128e+00 -5.450500e+00 -4.422011e+00 2.667264e+00 -1.502474e+00 2.856856e+00 1.211429e+00 -4.497676e-01 -1.095942e-01 -1.180313e+00 -6.507356e-01 -1.743666e+00 -9.635295e-01 7.453210e-01 -2.604563e-01 1.006035e+00 9.906796e-01 -5.637309e-02 2.488353e-01 -3.562490e-01 2.008348e+00
<VARIANCE> 25
 2.799453e+01 4.765178e+01 5.964989e+01 4.082383e+01 8.184216e+01 5.041856e+01 6.125985e+01 5.998355e+01 5.665171e+01 3.717163e+01 4.348703e+01 3.049705e+01 3.028085e+00 2.983462e+00 5.088341e+00 3.676701e+00 7.953091e+00 3.877135e+00 4.406006e+00 5.595554e+00 6.822666e+00 3.179841e+00 5.010180e+00 4.000131e+00 3.961470e+00
<GCONST> 1.115326e+02
<TRANSP> 5
 0.000000e+00 1.000000e+00 0.000000e+00 0.000000e+00 0.000000e+00
 0.000000e+00 6.715671e-01 3.284329e-01 0.000000e+00 0.000000e+00
 0.000000e+00 0.000000e+00 6.002941e-01 3.997059e-01 0.000000e+00
 0.000000e+00 0.000000e+00 0.000000e+00 5.480207e-01 4.519793e-01
 0.000000e+00 0.000000e+00 0.000000e+00 0.000000e+00 0.000000e+00
<ENDHMM>
~h "H"
<BEGINHMM>
<NUMSTATES> 5
<STATE> 2
<MEAN> 25
 4.574043e-01 -3.263809e+00 -2.441684e+00 5.309412e-01 7.220885e+00 3.740910e+00 3.119553e+00 2.316536e+00 1.481605e+00 -1.014694e+00 -2.426079e+00 8.019221e-02 -8.540394e-01 -7.288633e-02 -6.429159e-02 7.746714e-01 1.153820e+00 3.522743e-01 6.444435e-01 2.127927e-01 2.417248e-01 -1.548796e-01 8.740593e-03 4.463648e-01 -9.203962e-01
<VARIANCE> 25
 2.684579e+01 4.158968e+01 4.820466e+01 4.778434e+01 7.063554e+01 5.514225e+01 5.342624e+01 5.092397e+01 4.496933e+01 4.180906e+01 4.078926e+01 3.519253e+01 1.782412e+00 3.279635e+00 3.482533e+00 3.645164e+00 4.104741e+00 3.483991e+00 3.774090e+00 3.573035e+00 3.313792e+00 3.075599e+00 3.045607e+00 2.688933e+00 2.513499e+00
<GCONST> 1.066063e+02
<STATE> 3
<MEAN> 25
 -1.558003e+00 -3.913197e+00 -3.247402e+00 1.194432e+00 8.332798e+00 3.819384e+00 3.638780e+00 2.525100e+00 2.093261e+00 -1.194936e+00 -2.110312e+00 7.520823e-01 -3.797491e-01 3.175930e-02 -1.030851e-01 -1.164004e-04 -1.373117e-01 -1.620052e-01 2.531150e-02 -1.464620e-01 -5.743613e-02 -1.428827e-02 1.333479e-01 1.375970e-01 -9.240475e-01
<VARIANCE> 25
 3.082738e+01 4.364207e+01 4.586660e+01 4.453278e+01 6.699726e+01 5.224264e+01 5.397857e+01 4.981299e+01 4.306171e+01 4.239912e+01 3.849179e+01 3.309176e+01 1.651177e+00 2.662322e+00 2.697512e+00 2.694679e+00 3.359712e+00 3.052952e+00 3.238035e+00 3.118464e+00 2.878142e+00 2.713637e+00 2.611629e+00 2.290680e+00 3.019311e+00
<GCONST> 1.045441e+02
<STATE> 4
<MEAN> 25
 -3.873401e+00 -2.521851e+00 -4.449057e+00 1.705191e+00 5.082699e+00 1.117742e+00 3.092460e+00 1.169461e+00 8.500100e-01 -1.331080e+00 -7.674021e-01 1.301661e+00 1.261889e-01 1.774044e-01 4.848709e-02 -8.628771e-02 -2.535724e-01 -8.819731e-02 -6.099825e-02 -1.158668e-01 -8.928259e-02 3.328912e-02 3.177712e-02 -6.170399e-02 -1.512561e-01
<VARIANCE> 25
 2.382322e+01 5.158799e+01 3.294316e+01 3.123713e+01 4.145705e+01 3.584200e+01 3.503640e+01 3.214066e+01 3.151965e+01 2.795124e+01 2.695110e+01 2.334653e+01 1.227215e+00 1.697701e+00 1.587293e+00 1.574675e+00 1.880261e+00 1.854114e+00 2.084018e+00 2.051098e+00 2.039356e+00 1.948277e+00 1.819506e+00 1.679404e+00 1.929620e+00
<GCONST> 9.505860e+01
<TRANSP> 5
 0.000000e+00 1.000000e+00 0.000000e+00 0.000000e+00 0.000000e+00
 0.000000e+00 5.016965e-01 4.983035e-01 0.000000e+00 0.000000e+00
 0.000000e+00 0.000000e+00 4.642766e-01 5.357234e-01 0.000000e+00
 0.000000e+00 0.000000e+00 0.000000e+00 8.650175e-01 1.349825e-01
 0.000000e+00 0.000000e+00 0.000000e+00 0.000000e+00 0.000000e+00
<ENDHMM>
~h "I"
<BEGINHMM>
<NUMSTATES> 5
<STATE> 2
<MEAN> 25
 -2.771930e-01 1.308213e+00 1.363565e+01 2.039738e+00 -8.992790e+00 -5.426353e+00 -3.294982e+00 -2.303529e+00 -7.399081e+00 -6.228280e-01 3.669577e+00 7.489108e-01 4.054093e-01 5.659230e-02 2.822587e+00 -4.385120e-01 -2.765879e+00 2.733038e-01 -1.171962e+00 -6.663973e-01 -1.824350e+00 6.663466e-02 1.185196e+00 -3.490915e-01 1.688565e+00
<VARIANCE> 25
 3.022289e+01 3.574166e+01 5.111933e+01 3.909912e+01 5.374840e+01 4.400937e+01 5.199978e+01 5.164780e+01 4.747665e+01 3.855029e+01 3.287879e+01 2.773548e+01 5.316396e+00 3.147736e+00 4.915503e+00 4.358172e+00 4.972861e+00 4.512581e+00 6.065589e+00 5.806445e+00 5.411056e+00 4.641031e+00 3.582787e+00 3.232820e+00 4.429771e+00
<GCONST> 1.102399e+02
<STATE> 3
<MEAN> 25
 4.999650e-01 2.024699e+00 1.866232e+01 5.852175e-02 -1.408069e+01 -3.115433e+00 -6.204515e+00 -4.003887e+00 -1.030804e+01 3.046628e-01 5.623825e+00 -8.357875e-01 1.376481e-01 2.480047e-01 -1.315979e-01 -5.386899e-02 -8.063070e-02 6.943336e-02 1.292454e-01 -9.942216e-02 1.927211e-01 1.174277e-01 -9.547601e-03 -6.778319e-02 -3.571517e-01
<VARIANCE> 25
 1.268840e+01 2.615574e+01 3.302935e+01 3.973119e+01 2.784024e+01 4.336729e+01 3.846905e+01 4.423708e+01 4.030315e+01 5.475025e+01 3.436773e+01 3.234873e+01 1.077418e+00 1.843714e+00 2.627999e+00 2.190572e+00 3.222296e+00 2.732440e+00 2.988379e+00 3.260622e+00 2.991789e+00 2.449155e+00 2.101443e+00 1.704742e+00 2.914622e+00
<GCONST> 9.940580e+01
<STATE> 4
<MEAN> 25
 -2.108209e-02 4.537425e+00 1.300800e+01 1.786326e+00 -8.797223e+00 -3.396439e+00 -2.091191e+00 -4.314606e+00 -6.253831e+00 -5.869245e-02 2.510776e+00 2.564335e-01 6.988613e-02 8.588937e-02 -1.200410e+00 2.790055e-01 1.021590e+00 -1.267359e-01 4.585272e-01 3.211935e-01 6.779845e-01 -5.203508e-02 -4.820129e-01 1.522330e-01 -1.158139e+00
<VARIANCE> 25
 2.045584e+01 3.177821e+01 5.975722e+01 3.707746e+01 5.364922e+01 5.312181e+01 4.577554e+01 5.218919e+01 4.099806e+01 3.619465e+01 3.449463e+01 2.860193e+01 1.435865e+00 1.871231e+00 2.354334e+00 2.002507e+00 3.146104e+00 2.527553e+00 2.916527e+00 3.206440e+00 2.926180e+00 2.341347e+00 2.279505e+00 1.824509e+00 3.055280e+00
<GCONST> 1.013722e+02
<TRANSP> 5
 0.000000e+00 1.000000e+00 0.000000e+00 0.000000e+00 0.000000e+00
 0.000000e+00 6.628090e-01 3.371910e-01 0.000000e+00 0.000000e+00
 0.000000e+00 0.000000e+00 7.319915e-01 2.680085e-01 0.000000e+00
 0.000000e+00 0.000000e+00 0.000000e+00 8.418246e-01 1.581754e-01
 0.000000e+00 0.000000e+00 0.000000e+00 0.000000e+00 0.000000e+00
<ENDHMM>
~h "J"
<BEGINHMM>
<NUMSTATES> 5
<STATE> 2
<MEAN> 25
 3.147036e+00 8.148993e+00 8.926865e+00 5.209283e+00 -1.362265e+00 -4.214261e+00 7.681429e-03 1.165628e+00 -1.581177e+00 -2.722956e+00 -2.611210e-01 1.380171e+00 -4.452125e-01 1.205307e+00 5.264865e-01 2.514449e-01 7.804825e-01 -2.812827e-02 8.014930e-01 -3.522808e-02 9.648214e-02 -1.102737e-01 -1.457700e-01 6.077360e-02 -9.117156e-01
<VARIANCE> 25
 4.284690e+01 4.555844e+01 4.198315e+01 3.005525e+01 4.822497e+01 4.428065e+01 4.977374e+01 3.996521e+01 3.964795e+01 3.036969e+01 2.636614e+01 2.571215e+01 5.828306e+00 3.515762e+00 3.371145e+00 3.149894e+00 4.260216e+00 3.427497e+00 4.362297e+00 4.026936e+00 4.106910e+00 2.996374e+00 2.686591e+00 2.650957e+00 7.560553e+00
<GCONST> 1.069643e+02
<STATE> 3
<MEAN> 25
 -6.592988e+00 8.761428e+00 8.933633e+00 3.018438e+00 2.079994e+00 -3.625651e+00 1.264929e+00 -6.229481e-01 -2.394451e+00 -1.659578e+00 1.028017e+00 3.253510e+00 -1.355681e+00 -1.342453e+00 3.526711e-01 -4.989547e-01 -1.373310e+00 -8.341730e-01 -1.094202e+00 -2.255781e-01 -4.621403e-01 -3.286850e-02 9.444727e-01 8.977031e-01 3.191865e+00
<VARIANCE> 25
 7.309448e+01 3.795519e+01 4.473213e+01 3.179043e+01 5.684793e+01 4.717161e+01 3.764808e+01 3.088122e+01 3.062973e+01 2.306225e+01 2.264658e+01 2.114637e+01 1.321388e+01 3.929716e+00 4.547100e+00 4.212650e+00 1.003481e+01 4.571651e+00 4.320448e+00 4.692594e+00 4.040932e+00 2.701596e+00 2.583943e+00 2.277518e+00 4.146910e+00
<GCONST> 1.081420e+02
<STATE> 4
<MEAN> 25
 -4.301853e-01 -1.280453e-01 1.009804e+01 6.779287e-01 -9.704996e+00 -8.208671e+00 -6.247328e+00 3.342256e+00 -1.415174e+00 -1.913957e+00 4.758013e+00 4.805186e+00 2.230177e+00 -2.533296e+00 -1.433143e+00 -1.002484e+00 -1.392940e+00 2.851017e-01 -1.267238e+00 1.877518e+00 1.494742e+00 5.092325e-01 -2.212211e-01 -1.122652e+00 1.401877e+00
<VARIANCE> 25
 2.773709e+01 3.523341e+01 3.396375e+01 4.057101e+01 3.910034e+01 2.610057e+01 3.797650e+01 5.957026e+01 4.716006e+01 2.844990e+01 2.731488e+01 2.190199e+01 3.653330e+00 3.212693e+00 4.964893e+00 3.137834e+00 8.042555e+00 3.870484e+00 5.889298e+00 7.433087e+00 5.294035e+00 3.101184e+00 4.938376e+00 3.324219e+00 1.633786e+00
<GCONST> 1.068214e+02
<TRANSP> 5
 0.000000e+00 1.000000e+00 0.000000e+00 0.000000e+00 0.000000e+00
 0.000000e+00 8.161028e-01 1.838972e-01 0.000000e+00 0.000000e+00
 0.000000e+00 0.000000e+00 7.513010e-01 2.486990e-01 0.000000e+00
 0.000000e+00 0.000000e+00 0.000000e+00 6.648811e-01 3.351190e-01
 0.000000e+00 0.000000e+00 0.000000e+00 0.000000e+00 0.000000e+00
<ENDHMM>
~h "K"
<BEGINHMM>
<NUMSTATES> 5
<STATE> 2
<MEAN> 25
 -1.337308e+00 3.260162e+00 -1.342030e+00 1.853422e+00 1.701809e+00 -2.679497e+00 1.447683e+00 -7.331155e-01 -7.191514e-01 1.279138e+00 -7.274030e-01 3.520920e-01 -1.172569e+00 -6.110100e-01 -9.307070e-01 2.579901e-01 1.004481e+00 -4.599061e-01 -8.884361e-02 3.809048e-01 1.408666e-01 2.312284e-01 -2.226448e-01 5.304360e-01 -3.793017e-01
<VARIANCE> 25
 3.313315e+01 3.552263e+01 4.066797e+01 3.726669e+01 4.604457e+01 4.696698e+01 4.471339e+01 4.434710e+01 4.211949e+01 3.565139e+01 3.215810e+01 3.099163e+01 2.441182e+00 5.538478e+00 4.545799e+00 3.477117e+00 5.097144e+00 4.359116e+00 4.422328e+00 4.249833e+00 3.862480e+00 3.685523e+00 3.167893e+00 2.705022e+00 1.220806e+01
<GCONST> 1.085363e+02
<STATE> 3
<MEAN> 25
 -4.879543e+00 -2.378224e+00 -6.531034e+00 7.854072e-01 5.543581e+00 -4.199832e+00 -5.753771e-01 1.402993e+00 -2.895711e-01 3.028300e+00 -1.832537e+00 1.791817e+00 -5.564069e-01 -1.548244e+00 -1.505231e+00 -8.537203e-01 8.318686e-01 -4.211022e-01 -7.490174e-01 7.590796e-01 1.288337e-01 6.608967e-01 -4.483009e-01 3.546788e-02 3.626184e+00
<VARIANCE> 25
 3.071644e+01 5.553119e+01 6.317567e+01 4.372998e+01 5.789845e+01 5.539868e+01 5.605750e+01 4.542231e+01 4.489461e+01 3.793563e+01 3.242567e+01 3.266732e+01 4.264465e+00 5.870725e+00 7.541896e+00 4.982633e+00 6.986471e+00 5.937275e+00 5.893810e+00 5.318035e+00 5.114354e+00 4.567511e+00 4.045496e+00 4.044287e+00 1.547598e+01
<GCONST> 1.143360e+02
<STATE> 4
<MEAN> 25
 -4.057358e+00 -2.707566e+00 -6.256847e+00 -1.155837e+00 4.353712e+00 -3.493305e+00 -2.838646e-01 2.636757e+00 4.275823e-01 2.762460e+00 -2.248149e+00 5.859710e-01 1.325668e+00 -8.547068e-03 7.923340e-01 -8.065362e-01 -1.046107e+00 5.644293e-01 4.697607e-02 2.038610e-01 1.290890e-01 -3.039773e-01 1.958470e-01 -8.724521e-01 2.218416e+00
<VARIANCE> 25
 3.700540e+01 4.445170e+01 5.704308e+01 4.276813e+01 5.121441e+01 5.281183e+01 4.994916e+01 4.332522e+01 4.305516e+01 3.657744e+01 3.198489e+01 3.536233e+01 4.856282e+00 4.495433e+00 5.991023e+00 4.520751e+00 5.387578e+00 4.691727e+00 5.091095e+00 4.519744e+00 4.702862e+00 3.744910e+00 3.513166e+00 4.012039e+00 8.379309e+00
<GCONST> 1.115156e+02
<TRANSP> 5
 0.000000e+00 1.000000e+00 0.000000e+00 0.000000e+00 0.000000e+00
 0.000000e+00 6.447623e-01 3.552377e-01 0.000000e+00 0.000000e+00
 0.000000e+00 0.000000e+00 5.262170e-01 4.737830e-01 0.000000e+00
 0.000000e+00 0.000000e+00 0.000000e+00 6.716307e-01 3.283694e-01
 0.000000e+00 0.000000e+00 0.000000e+00 0.000000e+00 0.000000e+00
<ENDHMM>
~h "L"
<BEGINHMM>
<NUMSTATES> 5
<STATE> 2
<MEAN> 25
 6.771750e+00 -4.801324e+00 -3.506587e-01 -6.375021e+00 -2.584088e+00 2.262445e+00 -7.779608e+00 -5.364019e+00 5.142091e+00 4.709473e+00 1.811493e+00 -2.757813e+00 4.595401e-01 7.402503e-02 3.910383e-01 -7.379801e-01 4.058287e-01 1.762382e-01 -1.180976e+00 -1.128541e+00 4.626707e-01 1.018949e+00 3.074397e-01 -1.938432e-01 -1.936405e-01
<VARIANCE> 25
 1.697111e+01 2.736656e+01 4.979773e+01 5.790851e+01 4.699170e+01 6.440123e+01 7.429184e+01 9.445152e+01 5.930359e+01 4.581638e+01 4.945365e+01 4.148892e+01 1.034615e+00 1.773477e+00 2.733294e+00 3.998833e+00 4.217075e+00 4.721210e+00 4.492350e+00 5.427172e+00 4.446634e+00 3.641015e+00 3.956414e+00 2.899425e+00 1.377919e+00
<GCONST> 1.071879e+02
<STATE> 3
<MEAN> 25
 7.516708e+00 -4.398257e+00 3.501714e-01 -8.084143e+00 -1.836498e+00 3.067310e+00 -9.982978e+00 -7.412963e+00 5.488788e+00 6.578450e+00 2.694605e+00 -2.999950e+00 -9.696703e-02 1.825094e-04 -2.863721e-02 -1.927896e-01 2.470177e-01 -4.703157e-02 -1.116420e-01 4.102498e-01 6.068844e-02 -7.933878e-02 -2.551230e-01 -8.621584e-02 -1.303834e-02
<VARIANCE> 25
 1.305173e+01 2.524669e+01 4.820183e+01 6.028104e+01 4.474962e+01 5.524232e+01 8.066037e+01 8.122113e+01 5.794678e+01 4.676080e+01 4.676216e+01 3.970238e+01 6.558594e-01 1.658103e+00 2.785256e+00 3.164364e+00 2.746138e+00 3.857131e+00 4.220120e+00 6.376891e+00 3.871482e+00 3.418524e+00 3.850374e+00 2.678869e+00 1.221780e+00
<GCONST> 1.047798e+02
<STATE> 4
<MEAN> 25
 6.201953e+00 -3.834529e+00 -1.286133e+00 -8.349395e+00 3.367066e-01 2.972507e+00 -7.242575e+00 -3.780917e+00 4.843526e+00 4.699538e+00 4.626030e-01 -2.924604e+00 -4.173205e-01 -1.413197e-01 -3.181896e-01 6.053419e-01 2.923988e-02 -1.343559e-01 9.604086e-01 1.021336e+00 -2.577440e-01 -9.057206e-01 -6.461471e-01 3.303605e-02 -6.693180e-02
<VARIANCE> 25
 1.803525e+01 3.644505e+01 5.786335e+01 6.892778e+01 4.833204e+01 6.048540e+01 7.961668e+01 7.406658e+01 5.689645e+01 4.768747e+01 5.055611e+01 4.163696e+01 7.072981e-01 2.134726e+00 2.510942e+00 2.897404e+00 3.132932e+00 3.573064e+00 4.125830e+00 4.847282e+00 3.623727e+00 3.277849e+00 3.850552e+00 2.547893e+00 1.871479e+00
<GCONST> 1.061393e+02
<TRANSP> 5
 0.000000e+00 1.000000e+00 0.000000e+00 0.000000e+00 0.000000e+00
 0.000000e+00 5.579171e-01 4.420829e-01 0.000000e+00 0.000000e+00
 0.000000e+00 0.000000e+00 5.284631e-01 4.715369e-01 0.000000e+00
 0.000000e+00 0.000000e+00 0.000000e+00 6.343015e-01 3.656985e-01
 0.000000e+00 0.000000e+00 0.000000e+00 0.000000e+00 0.000000e+00
<ENDHMM>
~h "M"
<BEGINHMM>
<NUMSTATES> 5
<STATE> 2
<MEAN> 25
 8.250093e+00 -1.077234e+00 1.060186e+00 -4.052793e-01 -1.355844e+00 5.590172e+00 -1.033353e+00 -6.865152e+00 -5.753006e+00 -4.821168e-01 1.869191e+00 -2.740732e+00 3.700149e-01 1.034477e+00 1.520491e+00 1.910804e+00 6.477509e-02 5.813985e-01 5.508549e-01 -2.385206e+00 -2.606051e+00 -3.622943e-01 -3.834219e-01 4.355512e-01 -9.207969e-01
<VARIANCE> 25
 2.119974e+01 3.375897e+01 4.211028e+01 5.981744e+01 3.834207e+01 4.927715e+01 5.350290e+01 6.594003e+01 6.336121e+01 4.136257e+01 4.915122e+01 3.779244e+01 1.498473e+00 2.322353e+00 3.427935e+00 4.087154e+00 3.172469e+00 3.417467e+00 4.350601e+00 5.454890e+00 5.554637e+00 3.910155e+00 5.550167e+00 3.619287e+00 3.214405e+00
<GCONST> 1.081455e+02
<STATE> 3
<MEAN> 25
 8.501033e+00 8.298810e-01 4.822096e+00 3.528726e+00 -1.716562e+00 6.857000e+00 -9.845802e-02 -1.202607e+01 -1.131077e+01 -1.485041e+00 2.028786e-01 -1.314156e+00 -2.250607e-02 9.883732e-02 3.191779e-01 1.785241e-01 7.195865e-02 2.805788e-01 1.008855e-01 -1.708997e-01 -4.133834e-01 -3.088543e-01 -3.321218e-01 1.251057e-01 8.271912e-03
<VARIANCE> 25
 1.228605e+01 2.422874e+01 2.560180e+01 4.068996e+01 3.626842e+01 4.967958e+01 6.450565e+01 6.501138e+01 5.270474e+01 5.294772e+01 5.985376e+01 4.066078e+01 6.800746e-01 1.571427e+00 2.082534e+00 2.973721e+00 1.936822e+00 2.271935e+00 2.479742e+00 3.715169e+00 3.946495e+00 2.463645e+00 3.243118e+00 2.203496e+00 2.167017e+00
<GCONST> 1.007671e+02
<STATE> 4
<MEAN> 25
 6.531152e+00 7.492626e-01 3.182944e+00 1.826218e+00 -6.153387e-01 6.187899e+00 6.596950e-02 -7.181378e+00 -7.818482e+00 -2.565032e+00 -1.256115e+00 -1.040328e+00 -1.349529e-01 -1.954873e-01 -6.876586e-01 -7.584980e-01 3.099114e-02 -2.743295e-01 -8.766129e-02 9.400100e-01 1.025116e+00 1.847862e-01 2.319011e-01 -1.899938e-01 3.147250e-01
<VARIANCE> 25
 2.660350e+01 2.856039e+01 4.092546e+01 4.949549e+01 4.473639e+01 5.450681e+01 5.102057e+01 5.591516e+01 5.925426e+01 4.224811e+01 5.336629e+01 3.660617e+01 6.462400e-01 1.621444e+00 2.741727e+00 3.317554e+00 2.202794e+00 2.200590e+00 2.406590e+00 3.642234e+00 4.356961e+00 2.381387e+00 3.075224e+00 2.267883e+00 2.112539e+00
<GCONST> 1.023850e+02
<TRANSP> 5
 0.000000e+00 1.000000e+00 0.000000e+00 0.000000e+00 0.000000e+00
 0.000000e+00 6.116675e-01 3.883325e-01 0.000000e+00 0.000000e+00
 0.000000e+00 0.000000e+00 6.086962e-01 3.913038e-01 0.000000e+00
 0.000000e+00 0.000000e+00 0.000000e+00 7.861768e-01 2.138232e-01
 0.000000e+00 0.000000e+00 0.000000e+00 0.000000e+00 0.000000e+00
<ENDHMM>
~h "N"
<BEGINHMM>
<NUMSTATES> 5
<STATE> 2
<MEAN> 25
 7.608728e+00 -3.298975e+00 3.502940e+00 2.226082e+00 -3.897454e+00 -2.050854e+00 -4.590554e+00 -1.458933e+00 1.415877e+00 1.038347e+00 -4.246942e+00 -3.043261e+00 5.137937e-01 1.931649e+00 1.644276e+00 1.937532e+00 -5.157372e-01 -5.159835e-01 1.169386e-01 -3.131938e+00 -9.430622e-01 9.070361e-01 -5.679200e-01 5.745157e-01 -1.855057e+00
<VARIANCE> 25
 1.092188e+01 3.456305e+01 4.060721e+01 3.965496e+01 3.802866e+01 4.453711e+01 4.679531e+01 1.020379e+02 5.548267e+01 4.190123e+01 4.102754e+01 3.692441e+01 7.375460e-01 2.244203e+00 3.278943e+00 2.961560e+00 3.463350e+00 4.458418e+00 4.771224e+00 6.977030e+00 4.880590e+00 4.409213e+00 4.404989e+00 3.046846e+00 1.500108e+00
<GCONST> 1.053357e+02
<STATE> 3
<MEAN> 25
 8.301823e+00 1.514741e+00 6.731100e+00 5.718439e+00 -5.192368e+00 -1.848051e+00 -3.325439e+00 -9.387937e+00 -1.426416e+00 3.175525e+00 -4.887909e+00 -1.379123e+00 1.977433e-02 8.108152e-01 3.008553e-01 3.807971e-01 1.088992e-01 1.402797e-01 2.909719e-01 -6.282550e-01 -5.429335e-01 1.345576e-01 -1.177383e-01 3.294042e-01 -8.318410e-01
<VARIANCE> 25
 9.898813e+00 2.146983e+01 2.721374e+01 3.048374e+01 3.315034e+01 4.453386e+01 5.503460e+01 6.964270e+01 5.319365e+01 4.669286e+01 4.803041e+01 4.179519e+01 6.449521e-01 1.805575e+00 1.854153e+00 1.798236e+00 2.432021e+00 2.485510e+00 3.014352e+00 5.429090e+00 3.282042e+00 2.717261e+00 2.531146e+00 2.150088e+00 1.687832e+00
<GCONST> 9.935432e+01
<STATE> 4
<MEAN> 25
 5.061553e+00 3.510319e+00 5.182882e+00 6.250685e+00 -1.634565e+00 -1.465228e+00 -1.125715e+00 -5.907795e+00 -2.055351e+00 8.480122e-01 -4.599140e+00 3.132892e-01 -5.616881e-01 1.074432e-01 -3.809347e-01 -2.692075e-01 5.911366e-01 1.572774e-01 1.822605e-01 7.524524e-01 -4.249363e-02 -3.909443e-01 3.157106e-01 4.191652e-03 -6.975486e-01
<VARIANCE> 25
 3.281000e+01 3.055045e+01 3.401567e+01 3.273871e+01 4.484643e+01 3.699580e+01 4.995230e+01 6.219653e+01 4.510486e+01 4.368428e+01 4.705156e+01 3.582448e+01 1.136674e+00 2.133176e+00 1.998641e+00 2.261074e+00 2.553705e+00 2.468551e+00 2.842499e+00 4.379046e+00 2.946654e+00 2.678669e+00 2.563249e+00 2.114165e+00 2.623019e+00
<GCONST> 1.018207e+02
<TRANSP> 5
 0.000000e+00 1.000000e+00 0.000000e+00 0.000000e+00 0.000000e+00
 0.000000e+00 6.454597e-01 3.545403e-01 0.000000e+00 0.000000e+00
 0.000000e+00 0.000000e+00 6.106292e-01 3.893708e-01 0.000000e+00
 0.000000e+00 0.000000e+00 0.000000e+00 8.004643e-01 1.995357e-01
 0.000000e+00 0.000000e+00 0.000000e+00 0.000000e+00 0.000000e+00
<ENDHMM>
~h "O"
<BEGINHMM>
<NUMSTATES> 5
<STATE> 2
<MEAN> 25
 5.801254e+00 -8.195746e-02 -6.040991e+00 -9.313190e+00 -2.650056e+00 6.403720e+00 -4.337955e+00 -1.783812e+00 6.582780e-01 1.859632e+00 4.176477e+00 -3.672325e-01 1.642202e+00 -3.264779e-01 -7.101135e-01 -2.890653e+00 -1.279454e+00 2.410310e+00 -2.755186e-01 -1.058043e-01 4.016098e-01 -7.667998e-02 1.330258e+00 -3.183353e-01 1.977961e+00
<VARIANCE> 25
 3.249329e+01 3.415868e+01 4.792466e+01 7.602514e+01 6.095360e+01 5.534251e+01 7.163841e+01 5.249889e+01 5.983693e+01 5.442717e+01 4.388808e+01 3.564071e+01 4.202588e+00 2.967876e+00 5.905631e+00 6.292009e+00 7.010742e+00 5.463765e+00 5.411976e+00 5.968294e+00 5.396263e+00 5.337151e+00 4.482354e+00 3.715047e+00 5.474116e+00
<GCONST> 1.140917e+02
<STATE> 3
<MEAN> 25
 8.446460e+00 -1.343341e+00 -6.939528e+00 -1.508175e+01 -5.120315e+00 1.187008e+01 -3.940430e+00 -2.274148e+00 1.354107e+00 7.500265e-01 7.378354e+00 -5.744587e-01 2.273337e-01 -1.922732e-01 -1.839068e-01 -8.769693e-01 -5.469089e-02 8.520118e-01 3.445520e-01 -3.413917e-02 -4.552037e-03 -2.178515e-01 3.739238e-01 4.725740e-02 2.869865e-01
<VARIANCE> 25
 1.213626e+01 2.965288e+01 2.807606e+01 5.107128e+01 4.377513e+01 4.114996e+01 6.042615e+01 4.770756e+01 4.733472e+01 5.837465e+01 4.544044e+01 3.940278e+01 8.466178e-01 1.967410e+00 1.633612e+00 3.806333e+00 2.908123e+00 3.032927e+00 3.271446e+00 3.058597e+00 3.777576e+00 3.799199e+00 2.719265e+00 2.540513e+00 2.361129e+00
<GCONST> 1.022516e+02
<STATE> 4
<MEAN> 25
 7.967858e+00 -1.136098e-01 -6.327164e+00 -1.407714e+01 -3.370311e+00 9.841581e+00 -2.200073e+00 -2.118626e+00 9.543608e-01 7.284505e-01 5.066911e+00 -1.829915e-01 -2.154220e-01 1.383058e-01 3.180180e-01 1.240915e+00 3.773392e-01 -9.153724e-01 7.173824e-02 -8.250438e-02 4.176885e-02 1.865338e-01 -5.960602e-01 -9.787559e-02 -9.622313e-01
<VARIANCE> 25
 1.508902e+01 3.748226e+01 2.906535e+01 6.050924e+01 4.433006e+01 4.641228e+01 6.322335e+01 4.616884e+01 4.793776e+01 5.364865e+01 4.045639e+01 3.963763e+01 8.301128e-01 1.657112e+00 1.612389e+00 3.672747e+00 2.518289e+00 3.017149e+00 2.883146e+00 2.815487e+00 2.974438e+00 3.012370e+00 2.516569e+00 2.149408e+00 2.524162e+00
<GCONST> 1.016239e+02
<TRANSP> 5
 0.000000e+00 1.000000e+00 0.000000e+00 0.000000e+00 0.000000e+00
 0.000000e+00 6.191214e-01 3.808786e-01 0.000000e+00 0.000000e+00
 0.000000e+00 0.000000e+00 5.903004e-01 4.096996e-01 0.000000e+00
 0.000000e+00 0.000000e+00 0.000000e+00 8.537850e-01 1.462150e-01
 0.000000e+00 0.000000e+00 0.000000e+00 0.000000e+00 0.000000e+00
<ENDHMM>
~h "P"
<BEGINHMM>
<NUMSTATES> 5
<STATE> 2
<MEAN> 25
 -7.520095e-01 4.624074e+00 -1.569959e+00 1.566486e+00 2.453493e+00 1.309316e-01 2.604497e+00 -1.684170e+00 -8.828962e-01 1.683037e-01 -2.974757e-01 4.012796e-01 -8.416311e-01 8.182500e-02 -1.204520e-01 2.754396e-01 1.926916e-01 -3.754151e-01 2.133753e-01 2.032792e-01 1.615762e-01 -8.918615e-03 -2.424799e-03 2.707144e-01 -8.957811e-01
<VARIANCE> 25
 4.378979e+01 2.489386e+01 2.715240e+01 3.238403e+01 2.543231e+01 3.419958e+01 2.989781e+01 3.117354e+01 3.273434e+01 2.577772e+01 2.574094e+01 2.533437e+01 1.920114e+00 2.497201e+00 1.885221e+00 2.350130e+00 2.218087e+00 2.588535e+00 2.406601e+00 2.457396e+00 2.751049e+00 2.313565e+00 2.320765e+00 1.960175e+00 7.484157e+00
<GCONST> 9.850346e+01
<STATE> 3
<MEAN> 25
 -2.607611e+00 2.666530e+00 -2.169246e+00 1.013490e+00 2.202446e+00 -1.035295e+00 2.046798e+00 -1.326786e+00 -1.882657e-01 3.109398e-01 5.771254e-02 1.163795e+00 3.448177e-01 -1.972980e+00 -8.289849e-01 -1.294259e+00 -3.405681e-01 4.167532e-01 -5.597903e-01 1.311896e-01 3.648705e-01 1.662490e-01 6.403872e-01 -1.591147e-01 4.893093e+00
<VARIANCE> 25
 2.976146e+01 2.903158e+01 2.592697e+01 3.428000e+01 2.563311e+01 3.256968e+01 3.168094e+01 2.895848e+01 2.984243e+01 2.352607e+01 2.278735e+01 2.220404e+01 5.885509e+00 4.259009e+00 3.957519e+00 6.086258e+00 3.446831e+00 6.588920e+00 3.972876e+00 3.996156e+00 4.183280e+00 3.306114e+00 3.446650e+00 3.790135e+00 1.491825e+01
<GCONST> 1.060178e+02
<STATE> 4
<MEAN> 25
 -5.899385e-01 -2.198329e+00 -4.418281e+00 -2.451318e+00 1.432864e+00 1.220512e+00 8.008233e-01 -1.031220e+00 7.695389e-01 5.321633e-01 1.306035e+00 1.253661e-01 1.866102e+00 -1.549175e+00 -4.069327e-01 -1.731252e+00 -8.112803e-01 1.072447e+00 -8.596924e-01 1.941323e-04 2.347654e-01 7.352474e-02 5.120046e-01 -7.950877e-01 4.773390e+00
<VARIANCE> 25
 5.338297e+01 3.913701e+01 2.865873e+01 6.491250e+01 3.151898e+01 6.163230e+01 3.406490e+01 2.984599e+01 2.819132e+01 2.479769e+01 2.538702e+01 2.834540e+01 5.692914e+00 5.860690e+00 4.847402e+00 7.813145e+00 4.946573e+00 8.009827e+00 4.673644e+00 4.714849e+00 4.627158e+00 3.623099e+00 3.776271e+00 4.433567e+00 1.397358e+01
<GCONST> 1.109327e+02
<TRANSP> 5
 0.000000e+00 1.000000e+00 0.000000e+00 0.000000e+00 0.000000e+00
 0.000000e+00 7.966850e-01 2.033150e-01 0.000000e+00 0.000000e+00
 0.000000e+00 0.000000e+00 4.350918e-01 5.649082e-01 0.000000e+00
 0.000000e+00 0.000000e+00 0.000000e+00 5.653411e-01 4.346589e-01
 0.000000e+00 0.000000e+00 0.000000e+00 0.000000e+00 0.000000e+00
<ENDHMM>
~h "Q"
<BEGINHMM>
<NUMSTATES> 5
<STATE> 2
<MEAN> 25
 -3.536843e+00 1.257492e+00 -3.353081e+00 1.234181e+00 3.755362e+00 -2.084971e+00 1.709248e+00 -2.121992e+00 -3.034607e-01 2.853644e+00 3.766682e-01 6.811343e-01 -3.028266e-01 -1.428748e-01 -6.279451e-01 -2.528891e-01 3.361478e-01 1.651920e-01 4.189089e-01 3.308939e-01 6.206721e-02 5.141430e-02 -1.572558e-01 1.722316e-01 -5.427330e-01
<VARIANCE> 25
 5.683983e+01 5.829407e+01 6.857568e+01 4.883286e+01 6.596453e+01 5.943188e+01 6.019685e+01 5.252995e+01 4.786435e+01 4.648215e+01 3.621513e+01 3.843629e+01 3.966231e+00 5.539733e+00 5.782898e+00 4.573387e+00 5.676166e+00 4.692287e+00 4.362623e+00 4.495462e+00 4.330559e+00 4.309929e+00 3.070958e+00 2.936228e+00 1.239464e+01
<GCONST> 1.137141e+02
<STATE> 3
<MEAN> 25
 -1.933990e+00 1.999502e+00 -2.070331e+00 -1.056064e+00 2.332920e+00 -1.201336e+00 1.157201e+00 3.372848e-01 2.313681e-01 1.457897e+00 -1.740206e+00 9.530041e-01 -2.233254e-01 3.383204e-01 -6.479344e-02 2.619345e-02 6.615486e-02 1.293747e-01 2.520627e-01 5.087909e-01 -1.587438e-01 -2.182309e-01 -3.288887e-03 1.087117e-01 -9.160981e-01
<VARIANCE> 25
 5.021127e+01 4.541633e+01 8.078307e+01 1.126678e+02 5.997448e+01 4.552162e+01 4.548661e+01 5.249744e+01 7.536176e+01 4.644707e+01 3.403275e+01 2.881300e+01 1.808549e+00 2.895611e+00 2.891371e+00 3.175540e+00 3.196923e+00 2.411070e+00 2.820183e+00 3.025914e+00 3.131872e+00 2.459530e+00 2.468299e+00 1.988079e+00 4.616101e+00
<GCONST> 1.067553e+02
<STATE> 4
<MEAN> 25
 -4.900910e+00 1.624976e+00 -2.078472e+00 2.964197e+00 2.224936e+00 -2.317371e+00 3.509842e+00 7.061970e-01 -4.416042e-01 -6.068879e-02 6.114209e-01 2.008072e+00 -4.732993e-02 1.094266e-02 1.790936e-02 3.008748e-02 5.429215e-02 3.512394e-02 5.031117e-02 6.850890e-02 -1.067545e-02 -3.392349e-02 -5.923950e-03 -2.122515e-02 -6.521519e-02
<VARIANCE> 25
 1.268804e+01 2.558139e+01 2.193553e+01 2.169014e+01 2.141641e+01 2.074803e+01 2.657763e+01 2.303234e+01 2.212006e+01 2.466848e+01 2.056723e+01 1.721112e+01 5.799731e-01 9.882440e-01 1.119472e+00 1.141469e+00 1.255874e+00 1.388739e+00 1.595127e+00 1.798588e+00 1.707869e+00 1.869280e+00 1.749774e+00 1.526082e+00 8.962399e-01
<GCONST> 8.591148e+01
<TRANSP> 5
 0.000000e+00 1.000000e+00 0.000000e+00 0.000000e+00 0.000000e+00
 0.000000e+00 7.802059e-01 2.197941e-01 0.000000e+00 0.000000e+00
 0.000000e+00 0.000000e+00 6.381361e-01 3.618639e-01 0.000000e+00
 0.000000e+00 0.000000e+00 0.000000e+00 9.251117e-01 7.488833e-02
 0.000000e+00 0.000000e+00 0.000000e+00 0.000000e+00 0.000000e+00
<ENDHMM>
~h "R"
<BEGINHMM>
<NUMSTATES> 5
<STATE> 2
<MEAN> 25
 5.567810e+00 -5.764086e+00 -4.162885e+00 8.676773e-02 -2.845007e+00 -1.236459e+00 -5.188825e+00 9.250077e-01 6.874761e+00 2.563188e+00 -6.566671e-02 -3.043551e+00 4.053081e-01 -1.652602e-01 1.232844e-01 1.144439e+00 -2.701197e-01 -2.719069e-01 -7.589082e-01 -6.460155e-02 4.106502e-01 -6.344985e-02 1.216670e-01 8.456082e-02 -6.174959e-01
<VARIANCE> 25
 2.183200e+01 2.651138e+01 3.979744e+01 3.981567e+01 4.918679e+01 4.642619e+01 5.546761e+01 6.733516e+01 5.282133e+01 4.201198e+01 4.025019e+01 3.615855e+01 2.194599e+00 2.405709e+00 3.163756e+00 4.580599e+00 4.886098e+00 4.825912e+00 4.647316e+00 5.206935e+00 5.209468e+00 4.539299e+00 4.228533e+00 3.445298e+00 3.832229e+00
<GCONST> 1.084925e+02
<STATE> 3
<MEAN> 25
 6.407111e+00 -5.697835e+00 -3.369373e+00 2.138391e+00 -3.277938e+00 -1.695671e+00 -6.661223e+00 8.665943e-01 6.616136e+00 2.491639e+00 5.762419e-01 -2.759553e+00 1.077480e-01 7.697819e-02 4.110005e-01 4.385811e-01 -1.554828e-02 -1.598803e-01 -2.120177e-01 9.359016e-02 -5.232068e-01 -1.940964e-01 1.899209e-01 2.706335e-01 -6.591976e-01
<VARIANCE> 25
 2.130212e+01 2.751429e+01 4.265455e+01 3.602380e+01 5.295811e+01 4.981945e+01 5.538363e+01 6.687468e+01 5.528243e+01 4.458488e+01 3.957622e+01 3.561314e+01 2.128518e+00 2.546472e+00 3.192198e+00 3.489541e+00 4.985007e+00 4.722298e+00 4.535878e+00 5.287395e+00 4.908436e+00 4.102187e+00 3.798421e+00 3.551119e+00 3.686913e+00
<GCONST> 1.081594e+02
<STATE> 4
<MEAN> 25
 4.174990e+00 -4.215576e+00 -2.725209e+00 2.447567e+00 -1.262907e+00 -1.769301e+00 -4.281251e+00 1.035377e+00 4.058282e+00 1.159008e+00 2.186837e-01 -1.250896e+00 -2.018014e-01 2.927915e-01 4.460606e-01 -9.807456e-02 7.083900e-02 3.111877e-02 3.780100e-01 4.108617e-02 -8.185116e-01 -2.495607e-01 8.894424e-02 2.685574e-01 -4.623441e-01
<VARIANCE> 25
 3.819788e+01 3.714841e+01 5.005370e+01 3.480119e+01 5.813499e+01 5.288585e+01 6.177378e+01 6.013634e+01 5.227994e+01 4.187577e+01 4.038647e+01 3.518863e+01 1.794294e+00 2.322265e+00 2.665131e+00 2.351297e+00 3.773988e+00 3.365164e+00 3.443193e+00 3.786973e+00 3.890049e+00 3.000175e+00 2.966641e+00 2.538847e+00 2.925330e+00
<GCONST> 1.057905e+02
<TRANSP> 5
 0.000000e+00 1.000000e+00 0.000000e+00 0.000000e+00 0.000000e+00
 0.000000e+00 4.690498e-01 5.309502e-01 0.000000e+00 0.000000e+00
 0.000000e+00 0.000000e+00 4.254654e-01 5.745346e-01 0.000000e+00
 0.000000e+00 0.000000e+00 0.000000e+00 6.030996e-01 3.969004e-01
 0.000000e+00 0.000000e+00 0.000000e+00 0.000000e+00 0.000000e+00
<ENDHMM>
~h "S"
<BEGINHMM>
<NUMSTATES> 5
<STATE> 2
<MEAN> 25
 -7.269862e+00 6.358160e+00 5.350816e-01 2.120701e+00 5.276452e+00 -4.784612e+00 1.415621e+00 2.120105e+00 4.821419e-01 2.187759e-01 -1.318101e+00 2.106633e+00 -4.503477e+00 1.935784e+00 -7.418251e-01 5.959600e-01 1.764876e+00 -2.962658e-01 1.476493e+00 8.332303e-01 1.906890e-01 -2.566623e-01 5.253774e-01 8.246890e-01 -5.718724e-01
<VARIANCE> 25
 7.432182e+01 4.388493e+01 4.610152e+01 3.502180e+01 4.724599e+01 4.275676e+01 6.648105e+01 4.909844e+01 4.555858e+01 3.267442e+01 3.635719e+01 2.814270e+01 3.675826e+00 5.570011e+00 4.307182e+00 4.334630e+00 5.444615e+00 4.437316e+00 5.292158e+00 5.157333e+00 4.141494e+00 3.593850e+00 3.554950e+00 2.742870e+00 2.217987e+00
<GCONST> 1.095733e+02
<STATE> 3
<MEAN> 25
 -2.130162e+01 7.332155e+00 -4.157129e+00 1.655451e+00 7.486708e+00 -3.894617e+00 4.366994e+00 3.797276e+00 1.390095e+00 6.485034e-01 1.603254e+00 4.319015e+00 -9.145356e-01 -3.934911e-01 -4.797114e-01 -2.068908e-01 -9.744340e-02 7.279027e-02 7.414556e-02 7.046012e-02 1.155617e-01 9.521328e-02 2.208626e-01 1.949911e-01 -2.785804e-01
<VARIANCE> 25
 3.072701e+01 2.372767e+01 3.367153e+01 3.445311e+01 3.509820e+01 3.710781e+01 4.811697e+01 3.680581e+01 3.539317e+01 2.425581e+01 2.596694e+01 2.145713e+01 3.775606e+00 1.681981e+00 1.853142e+00 1.548102e+00 1.773537e+00 1.903085e+00 2.079875e+00 2.067520e+00 2.002942e+00 1.857388e+00 1.794246e+00 1.534048e+00 1.389741e+00
<GCONST> 9.555724e+01
<STATE> 4
<MEAN> 25
 -1.406613e+01 3.248904e+00 -3.530523e+00 9.086605e-01 4.440593e+00 -3.637292e+00 2.429117e+00 2.607202e+00 1.885363e+00 2.739916e-01 5.310585e-01 2.989248e+00 2.925181e+00 -5.348051e-01 7.291300e-01 -2.435102e-01 -8.788366e-01 5.764508e-02 -1.015665e+00 -6.649832e-01 -2.290617e-02 -3.135436e-02 -4.481844e-01 -7.355249e-01 2.506919e-01
<VARIANCE> 25
 7.935088e+01 3.083371e+01 3.933792e+01 3.097942e+01 3.451663e+01 3.936562e+01 5.140180e+01 3.725933e+01 3.670791e+01 2.516094e+01 2.730604e+01 2.355095e+01 9.257178e+00 3.019262e+00 3.718005e+00 3.048738e+00 3.191031e+00 3.498689e+00 4.601146e+00 3.978735e+00 3.599627e+00 2.478198e+00 2.605885e+00 2.573970e+00 4.221532e+00
<GCONST> 1.055315e+02
<TRANSP> 5
 0.000000e+00 1.000000e+00 0.000000e+00 0.000000e+00 0.000000e+00
 0.000000e+00 7.064775e-01 2.935225e-01 0.000000e+00 0.000000e+00
 0.000000e+00 0.000000e+00 8.397568e-01 1.602432e-01 0.000000e+00
 0.000000e+00 0.000000e+00 0.000000e+00 8.187835e-01 1.812165e-01
 0.000000e+00 0.000000e+00 0.000000e+00 0.000000e+00 0.000000e+00
<ENDHMM>
~h "T"
<BEGINHMM>
<NUMSTATES> 5
<STATE> 2
<MEAN> 25
 -3.861930e-01 4.525014e+00 -9.448781e-01 2.185115e+00 2.207528e+00 -3.276154e+00 -3.182441e-02 -1.340334e+00 1.474388e+00 1.381638e+00 -1.444393e+00 -5.184742e-01 -9.476466e-01 1.100245e-01 -2.384498e-01 1.093882e-01 2.727523e-01 -1.659759e-01 5.863169e-01 1.201035e-01 -7.978348e-02 -1.635481e-01 2.787357e-02 3.428411e-01 -1.437696e+00
<VARIANCE> 25
 3.254986e+01 2.783479e+01 3.129611e+01 3.076143e+01 3.253345e+01 3.264676e+01 4.479915e+01 3.745632e+01 3.946507e+01 3.031171e+01 2.990429e+01 2.661795e+01 2.270931e+00 3.899793e+00 2.406431e+00 2.974147e+00 3.321522e+00 2.821396e+00 3.259453e+00 3.252332e+00 3.008256e+00 2.532587e+00 2.570846e+00 2.248746e+00 1.012754e+01
<GCONST> 1.026339e+02
<STATE> 3
<MEAN> 25
 -4.165293e+00 2.227892e+00 -2.125708e+00 1.059862e+00 2.363540e+00 -3.662210e+00 1.430581e+00 -2.967865e-01 1.198798e+00 6.741129e-01 -1.249024e+00 8.827311e-01 -1.030773e+00 -1.567057e+00 -5.941508e-01 -1.003666e+00 8.871786e-02 -2.010415e-01 -8.220983e-02 5.077267e-01 2.227006e-01 -5.678716e-02 1.865472e-01 2.720486e-01 3.267588e+00
<VARIANCE> 25
 3.146660e+01 3.413296e+01 2.838161e+01 2.932929e+01 2.945439e+01 3.226789e+01 3.834160e+01 3.327599e+01 3.556834e+01 2.633804e+01 2.764178e+01 2.499256e+01 4.014102e+00 4.150557e+00 3.459478e+00 3.887876e+00 3.406168e+00 3.944769e+00 4.459607e+00 4.109592e+00 4.712680e+00 3.013314e+00 3.412713e+00 3.281533e+00 1.841732e+01
<GCONST> 1.059399e+02
<STATE> 4
<MEAN> 25
 -4.948858e+00 -1.655179e+00 -3.492505e+00 -1.640278e+00 2.098514e+00 -3.613912e+00 6.094466e-01 9.224217e-01 2.039078e+00 6.205096e-01 -9.616505e-01 7.391017e-01 1.150372e+00 -8.678274e-01 1.365162e-01 -1.011706e+00 -6.074637e-01 3.449470e-01 -1.155303e+00 -4.278611e-02 2.825782e-01 7.868387e-02 1.456145e-01 -6.360990e-01 4.378853e+00
<VARIANCE> 25
 3.681025e+01 3.221190e+01 2.852248e+01 3.304616e+01 3.023505e+01 3.810012e+01 4.289222e+01 3.204966e+01 3.862487e+01 2.609803e+01 2.800633e+01 2.874250e+01 5.775535e+00 4.260681e+00 4.983478e+00 4.963795e+00 4.356734e+00 5.394744e+00 6.075849e+00 5.206007e+00 6.294854e+00 3.445230e+00 3.989890e+00 4.112364e+00 1.534407e+01
<GCONST> 1.093833e+02
<TRANSP> 5
 0.000000e+00 1.000000e+00 0.000000e+00 0.000000e+00 0.000000e+00
 0.000000e+00 7.211859e-01 2.788141e-01 0.000000e+00 0.000000e+00
 0.000000e+00 0.000000e+00 4.843097e-01 5.156903e-01 0.000000e+00
 0.000000e+00 0.000000e+00 0.000000e+00 6.210976e-01 3.789025e-01
 0.000000e+00 0.000000e+00 0.000000e+00 0.000000e+00 0.000000e+00
<ENDHMM>
~h "U"
<BEGINHMM>
<NUMSTATES> 5
<STATE> 2
<MEAN> 25
 6.602206e+00 4.515457e+00 -1.427158e+00 -4.149871e+00 -4.048307e+00 3.952673e+00 -7.968563e+00 -5.283989e+00 -3.464996e+00 -5.569607e-02 3.481315e+00 7.501003e-01 1.858813e+00 9.536343e-01 -2.716405e-01 -2.193749e+00 -1.758929e+00 2.249729e+00 -1.238194e+00 -9.591957e-01 -1.054084e+00 -2.411063e-01 1.400622e+00 1.560620e-01 1.143499e+00
<VARIANCE> 25
 2.564985e+01 3.438599e+01 3.599238e+01 7.247198e+01 5.167655e+01 5.122736e+01 7.715086e+01 7.156022e+01 5.069031e+01 4.811658e+01 4.103576e+01 3.312161e+01 4.269136e+00 3.168342e+00 4.318159e+00 5.503803e+00 5.742322e+00 4.815804e+00 6.675697e+00 7.388031e+00 5.379039e+00 5.284630e+00 4.145220e+00 3.646671e+00 4.040756e+00
<GCONST> 1.125577e+02
<STATE> 3
<MEAN> 25
 9.148470e+00 6.200277e+00 -2.190612e+00 -9.181281e+00 -7.376789e+00 9.449035e+00 -8.673142e+00 -6.382985e+00 -5.633529e+00 -1.702408e+00 6.196680e+00 1.617853e+00 2.371575e-01 1.258485e-01 -6.408457e-02 -5.353383e-01 -1.099030e-01 5.595192e-01 9.965850e-02 -8.548930e-02 -1.730700e-01 3.957544e-03 2.599092e-01 7.354681e-02 -7.478647e-02
<VARIANCE> 25
 1.188017e+01 3.347588e+01 2.730173e+01 6.247630e+01 4.427950e+01 4.394618e+01 6.452354e+01 7.578657e+01 5.478155e+01 5.711550e+01 4.394639e+01 3.865141e+01 8.751098e-01 2.790975e+00 1.862496e+00 5.093116e+00 3.909856e+00 3.698334e+00 4.860369e+00 5.366644e+00 4.301648e+00 4.626040e+00 3.746361e+00 2.902273e+00 2.771224e+00
<GCONST> 1.064006e+02
<STATE> 4
<MEAN> 25
 8.256939e+00 6.548282e+00 -1.601786e+00 -7.618485e+00 -4.868468e+00 6.225414e+00 -6.769401e+00 -5.322673e+00 -4.525381e+00 -3.759595e-01 4.123523e+00 9.143897e-01 -4.778638e-01 -3.350081e-01 2.853150e-01 1.163222e+00 7.373611e-01 -1.019503e+00 5.222433e-01 1.129638e-01 6.435593e-01 3.520339e-01 -6.353477e-01 -2.550382e-01 -8.960304e-01
<VARIANCE> 25
 1.665694e+01 3.933918e+01 3.094401e+01 7.012902e+01 4.733142e+01 5.007804e+01 6.956725e+01 6.536587e+01 5.231527e+01 5.366528e+01 4.406209e+01 3.811020e+01 1.171224e+00 2.374297e+00 2.092456e+00 3.762029e+00 3.483332e+00 3.443563e+00 3.887974e+00 3.912860e+00 3.622871e+00 3.625108e+00 3.410855e+00 2.990161e+00 3.156684e+00
<GCONST> 1.060133e+02
<TRANSP> 5
 0.000000e+00 1.000000e+00 0.000000e+00 0.000000e+00 0.000000e+00
 0.000000e+00 5.989076e-01 4.010924e-01 0.000000e+00 0.000000e+00
 0.000000e+00 0.000000e+00 6.210471e-01 3.789529e-01 0.000000e+00
 0.000000e+00 0.000000e+00 0.000000e+00 7.985252e-01 2.014748e-01
 0.000000e+00 0.000000e+00 0.000000e+00 0.000000e+00 0.000000e+00
<ENDHMM>
~h "V"
<BEGINHMM>
<NUMSTATES> 5
<STATE> 2
<MEAN> 25
 -3.194285e+00 2.229833e+00 -2.539873e-01 3.735584e+00 3.125200e+00 5.664898e-01 1.707469e+00 5.947934e-01 -1.712641e-01 6.735361e-01 6.088768e-01 1.666536e+00 -3.404088e+00 -3.733988e-02 -8.760934e-02 1.245932e+00 9.700015e-01 -5.924248e-01 4.363768e-01 5.233062e-01 7.811221e-01 7.667989e-02 -2.387138e-01 4.690618e-01 -1.178260e+00
<VARIANCE> 25
 4.883652e+01 2.080725e+01 3.523510e+01 3.865646e+01 3.293032e+01 4.216101e+01 3.336868e+01 3.629389e+01 3.049812e+01 2.364728e+01 2.411371e+01 2.055846e+01 3.293650e+00 3.676718e+00 3.474859e+00 4.236776e+00 4.882655e+00 4.709889e+00 3.894279e+00 4.356993e+00 3.515795e+00 3.152337e+00 3.185448e+00 2.377493e+00 1.991147e+00
<GCONST> 1.034783e+02
<STATE> 3
<MEAN> 25
 -1.174384e+01 -2.029866e+00 -2.738314e+00 3.759510e+00 2.692460e+00 -1.101470e+00 1.192786e+00 1.482822e+00 8.822095e-01 1.216233e+00 6.616120e-01 2.978087e+00 -5.017148e-01 -4.829225e-01 -2.465982e-01 -6.775097e-02 -1.234669e-01 -1.646444e-01 -1.146703e-01 -3.246320e-02 1.403520e-02 3.044889e-02 -6.744100e-03 2.367241e-02 -3.138370e-02
<VARIANCE> 25
 3.323476e+01 2.183778e+01 2.454628e+01 2.297600e+01 2.385714e+01 2.480545e+01 2.672127e+01 2.617755e+01 2.485145e+01 2.134849e+01 1.919741e+01 1.758860e+01 2.511343e+00 1.460248e+00 1.573112e+00 1.652162e+00 1.642606e+00 1.980819e+00 1.760548e+00 1.752575e+00 1.778129e+00 1.744694e+00 1.658140e+00 1.477845e+00 1.502319e+00
<GCONST> 9.089511e+01
<STATE> 4
<MEAN> 25
 -8.040894e+00 -3.454234e+00 -2.826957e+00 2.577082e+00 1.649282e+00 -1.956878e+00 2.815447e-01 1.307889e+00 9.611882e-01 1.140291e+00 6.323808e-01 1.463752e+00 4.118752e+00 1.336698e-01 6.357998e-01 -1.544523e+00 -1.332238e+00 2.221592e-01 -4.363478e-01 4.226890e-02 -5.236540e-01 -4.432056e-01 3.341404e-01 -9.128113e-01 1.924807e+00
<VARIANCE> 25
 7.746210e+01 2.599457e+01 3.878577e+01 4.425975e+01 3.225190e+01 4.213558e+01 3.092693e+01 3.383320e+01 2.463072e+01 2.153784e+01 1.929059e+01 2.171941e+01 7.523297e+00 4.333416e+00 6.031978e+00 6.866439e+00 4.564661e+00 6.481403e+00 3.980494e+00 4.588374e+00 4.598514e+00 2.973955e+00 3.372962e+00 3.175550e+00 4.010639e+00
<GCONST> 1.073580e+02
<TRANSP> 5
 0.000000e+00 1.000000e+00 0.000000e+00 0.000000e+00 0.000000e+00
 0.000000e+00 7.068493e-01 2.931507e-01 0.000000e+00 0.000000e+00
 0.000000e+00 0.000000e+00 8.669746e-01 1.330254e-01 0.000000e+00
 0.000000e+00 0.000000e+00 0.000000e+00 6.699968e-01 3.300032e-01
 0.000000e+00 0.000000e+00 0.000000e+00 0.000000e+00 0.000000e+00
<ENDHMM>
~h "W"
<BEGINHMM>
<NUMSTATES> 5
<STATE> 2
<MEAN> 25
 8.510592e+00 1.770899e+00 -3.157797e+00 -9.381866e+00 -3.330055e+00 6.944499e+00 -3.483231e+00 -1.452731e+00 -1.739736e+00 5.103362e-01 3.584877e+00 -8.781948e-01 1.253745e+00 9.627348e-01 -3.816721e-02 -1.893830e+00 -1.168372e+00 1.348274e+00 -2.168592e-01 -2.809069e-01 -8.953959e-01 -5.749705e-01 8.658378e-01 7.434859e-01 2.292228e-01
<VARIANCE> 25
 2.626729e+01 7.026105e+01 3.367102e+01 7.172023e+01 4.671442e+01 5.804644e+01 6.074139e+01 4.663171e+01 5.385284e+01 4.880396e+01 4.283835e+01 4.060957e+01 2.099246e+00 2.829918e+00 2.357980e+00 3.572440e+00 3.877641e+00 3.954196e+00 3.623795e+00 3.897205e+00 3.521966e+00 3.504460e+00 3.313207e+00 3.300120e+00 4.037277e+00
<GCONST> 1.080377e+02
<STATE> 3
<MEAN> 25
 1.151230e+01 3.788186e+00 -2.850524e+00 -1.575803e+01 -8.224021e+00 1.109927e+01 -4.780002e+00 -1.054784e+00 -2.546999e+00 -2.249814e+00 5.858862e+00 1.502401e+00 -5.860332e-02 -5.401516e-01 -2.911381e-01 -5.536021e-01 3.149758e-03 4.234064e-01 -6.296653e-03 -8.929443e-02 3.689916e-01 2.730701e-01 3.876087e-01 -1.686464e-02 5.887774e-01
<VARIANCE> 25
 1.150659e+01 4.031239e+01 2.386193e+01 4.937823e+01 3.889300e+01 4.303010e+01 4.510386e+01 4.455305e+01 4.808873e+01 4.351516e+01 4.255229e+01 3.207668e+01 6.425382e-01 3.644682e+00 1.693588e+00 2.738098e+00 3.102461e+00 3.061669e+00 2.607646e+00 2.482993e+00 3.127122e+00 3.529298e+00 3.085922e+00 3.328660e+00 2.492002e+00
<GCONST> 1.011995e+02
<STATE> 4
<MEAN> 25
 9.196463e+00 -2.538942e+00 -5.973279e+00 -1.623320e+01 -3.252426e+00 1.197792e+01 -2.660816e+00 -2.064099e+00 1.680938e+00 8.196956e-01 4.816586e+00 -2.473164e+00 -5.574230e-01 -1.023240e+00 -2.822587e-01 9.861273e-01 1.017249e+00 -5.789412e-01 6.724159e-02 9.284805e-02 7.390171e-01 4.214836e-01 -7.332710e-01 -1.092824e+00 5.133958e-01
<VARIANCE> 25
 1.311864e+01 5.334076e+01 2.570404e+01 4.559179e+01 4.418897e+01 4.019393e+01 4.576497e+01 3.778022e+01 4.691178e+01 4.440351e+01 4.455809e+01 5.305883e+01 4.975609e-01 2.128667e+00 1.221335e+00 2.276795e+00 2.427881e+00 2.847373e+00 1.848046e+00 2.258626e+00 2.357210e+00 2.189847e+00 2.624875e+00 3.166998e+00 1.456782e+00
<GCONST> 9.848912e+01
<TRANSP> 5
 0.000000e+00 1.000000e+00 0.000000e+00 0.000000e+00 0.000000e+00
 0.000000e+00 7.129589e-01 2.870412e-01 0.000000e+00 0.000000e+00
 0.000000e+00 0.000000e+00 7.241766e-01 2.758234e-01 0.000000e+00
 0.000000e+00 0.000000e+00 0.000000e+00 8.219168e-01 1.780832e-01
 0.000000e+00 0.000000e+00 0.000000e+00 0.000000e+00 0.000000e+00
<ENDHMM>
~h "X"
<BEGINHMM>
<NUMSTATES> 5
<STATE> 2
<MEAN> 25
 -1.462092e+01 1.685067e+00 -1.385411e+00 3.942611e+00 2.513906e+00 -5.764672e+00 4.989071e+00 1.876595e+00 4.250353e+00 2.352256e+00 4.283980e+00 3.398590e+00 -6.523480e-01 5.982183e-01 2.451778e-01 2.389937e-01 4.824165e-01 2.849371e-01 -3.209980e-02 -1.293173e-01 8.242160e-02 4.756438e-02 3.038147e-01 1.332121e-02 -5.339121e-01
<VARIANCE> 25
 7.025292e+01 9.631611e+00 3.321305e+01 2.418437e+01 1.731462e+01 1.574029e+01 2.728166e+01 2.278627e+01 2.022254e+01 2.734969e+01 1.874452e+01 1.794131e+01 3.043833e+00 1.568854e+00 9.699135e-01 1.004699e+00 1.054480e+00 8.551083e-01 3.221413e+00 1.264836e+00 1.778084e+00 2.035881e+00 2.484849e+00 1.469312e+00 2.132681e+00
<GCONST> 8.950413e+01
<STATE> 3
<MEAN> 25
 -2.068400e+01 4.468854e+00 -5.168532e+00 4.380488e+00 5.452547e+00 -6.180174e+00 3.869848e+00 4.139014e+00 3.373657e+00 -9.778777e-02 2.837695e+00 3.843415e+00 5.420101e-01 4.071516e-01 1.890787e-01 -4.382480e-01 1.603387e-01 5.397818e-02 1.326355e-01 -5.172340e-03 -5.418050e-01 -1.236883e-01 -9.301797e-02 1.107203e-01 -9.862833e-01
<VARIANCE> 25
 3.256966e+01 1.714490e+01 6.181755e+01 2.036218e+01 1.520071e+01 2.447368e+01 3.364866e+01 3.135908e+01 3.254619e+01 2.025678e+01 1.536630e+01 2.119079e+01 1.189325e+00 1.422845e+00 1.026197e+00 1.700718e+00 1.758936e+00 1.966244e+00 1.233820e+00 1.966155e+00 3.394051e+00 1.566546e+00 1.393573e+00 1.183959e+00 1.148398e+00
<GCONST> 9.008717e+01
<STATE> 4
<MEAN> 25
 -8.539946e+00 2.095665e-01 -3.034063e+00 4.287737e+00 4.268878e+00 -2.625970e+00 3.148795e+00 7.400342e-01 7.097870e-02 -1.561578e+00 3.355905e+00 1.135514e+00 2.113624e-01 -1.343661e-02 3.353592e-01 3.141529e-02 -9.413250e-02 3.663467e-01 -3.665202e-02 1.560205e-01 8.957565e-03 -4.917173e-02 1.363983e-02 -6.892864e-02 -2.756054e-01
<VARIANCE> 25
 3.483103e+01 3.714337e+01 1.895756e+01 1.349976e+01 2.169038e+01 1.356121e+01 2.246483e+01 3.849800e+01 1.333980e+01 1.691718e+01 1.511880e+01 2.087109e+01 8.120483e-01 1.144334e+00 8.620543e-01 8.430634e-01 1.219371e+00 1.777948e+00 2.031765e+00 1.384643e+00 1.392737e+00 1.144435e+00 9.746388e-01 1.654639e+00 1.458596e+00
<GCONST> 8.501429e+01
<TRANSP> 5
 0.000000e+00 1.000000e+00 0.000000e+00 0.000000e+00 0.000000e+00
 0.000000e+00 8.524531e-01 1.475469e-01 0.000000e+00 0.000000e+00
 0.000000e+00 0.000000e+00 8.498636e-01 1.501364e-01 0.000000e+00
 0.000000e+00 0.000000e+00 0.000000e+00 8.893307e-01 1.106693e-01
 0.000000e+00 0.000000e+00 0.000000e+00 0.000000e+00 0.000000e+00
<ENDHMM>
~h "Y"
<BEGINHMM>
<NUMSTATES> 5
<STATE> 2
<MEAN> 25
 8.057741e-01 -1.816381e+00 8.912999e+00 -2.377409e+00 -7.922645e+00 -4.874967e+00 -2.386964e+00 4.542132e+00 -2.782027e+00 -5.722184e-01 2.221372e+00 7.835201e-01 -1.880092e-01 8.867431e-01 2.494885e+00 2.148175e-02 -1.651393e+00 -5.871878e-01 -8.131900e-01 -5.645066e-01 -1.471563e+00 6.288117e-02 1.430999e+00 7.329361e-01 3.587353e-01
<VARIANCE> 25
 2.576437e+01 5.855184e+01 7.295261e+01 4.012325e+01 5.755085e+01 4.957058e+01 5.668244e+01 6.748183e+01 5.876551e+01 4.367616e+01 4.013148e+01 2.825999e+01 1.678346e+00 2.549212e+00 3.930729e+00 2.480425e+00 3.567829e+00 3.553811e+00 3.973173e+00 4.731208e+00 3.806910e+00 3.915965e+00 2.995028e+00 2.558841e+00 3.434589e+00
<GCONST> 1.075138e+02
<STATE> 3
<MEAN> 25
 7.493892e-01 9.852170e-01 1.735089e+01 -2.510763e+00 -1.254391e+01 -5.014871e+00 -6.728740e+00 6.330650e-01 -7.961210e+00 -5.776602e-02 6.063442e+00 2.147124e+00 8.626236e-02 -5.011207e-01 -3.747253e-01 -1.877625e-01 -4.427013e-01 -3.001466e-01 1.631877e-02 3.952329e-01 4.332770e-01 1.202230e-01 2.359075e-01 1.662225e-01 6.295104e-01
<VARIANCE> 25
 1.038199e+01 3.081161e+01 5.011025e+01 3.738592e+01 2.969576e+01 4.151126e+01 3.858272e+01 4.530085e+01 4.879720e+01 5.923902e+01 3.311909e+01 2.907549e+01 6.630365e-01 2.821692e+00 4.485721e+00 1.580859e+00 2.479177e+00 2.229246e+00 2.929469e+00 4.573303e+00 4.002127e+00 2.397897e+00 2.049334e+00 1.585641e+00 2.369229e+00
<GCONST> 9.986518e+01
<STATE> 4
<MEAN> 25
 4.971367e-01 -3.245826e+00 7.372179e+00 -2.798815e+00 -9.837385e+00 -5.639295e+00 -1.784932e+00 5.219803e+00 -1.194660e+00 -1.131880e+00 3.547592e+00 1.699139e+00 2.961549e-01 -9.016298e-01 -1.704717e+00 -1.739935e-01 9.371305e-01 3.033791e-01 6.269292e-01 9.814935e-01 1.210117e+00 -3.802675e-01 -1.128690e+00 -6.326294e-01 4.448000e-01
<VARIANCE> 25
 1.812251e+01 3.843093e+01 6.918946e+01 3.780463e+01 5.043020e+01 3.603915e+01 4.645737e+01 6.857497e+01 4.786994e+01 3.729964e+01 3.636036e+01 2.599684e+01 4.372565e-01 1.521595e+00 3.482047e+00 1.177463e+00 2.794020e+00 1.891044e+00 2.422140e+00 3.302604e+00 2.900156e+00 2.734801e+00 3.002554e+00 1.818590e+00 9.038417e-01
<GCONST> 9.868752e+01
<TRANSP> 5
 0.000000e+00 1.000000e+00 0.000000e+00 0.000000e+00 0.000000e+00
 0.000000e+00 7.253844e-01 2.746157e-01 0.000000e+00 0.000000e+00
 0.000000e+00 0.000000e+00 7.329493e-01 2.670507e-01 0.000000e+00
 0.000000e+00 0.000000e+00 0.000000e+00 8.206162e-01 1.793838e-01
 0.000000e+00 0.000000e+00 0.000000e+00 0.000000e+00 0.000000e+00
<ENDHMM>
~h "Z"
<BEGINHMM>
<NUMSTATES> 5
<STATE> 2
<MEAN> 25
 -3.507057e+00 9.773296e+00 2.518712e+00 5.195035e+00 2.584907e+00 -7.804526e+00 -2.286926e+00 -3.640557e-01 5.482643e-01 -5.307884e-01 -1.916573e+00 3.301884e+00 -2.135087e+00 2.126582e+00 -5.263863e-01 8.970627e-01 1.378299e+00 -5.838823e-02 9.227489e-01 1.285878e-01 1.994063e-01 -2.148085e-01 1.347525e-01 4.113957e-01 -7.821885e-01
<VARIANCE> 25
 4.427441e+01 4.500761e+01 4.057965e+01 3.478173e+01 4.808588e+01 4.001437e+01 5.865274e+01 3.751249e+01 4.209312e+01 3.192844e+01 3.063969e+01 2.728147e+01 2.874878e+00 4.054011e+00 2.828408e+00 2.978816e+00 3.539958e+00 3.246724e+00 3.661127e+00 4.270261e+00 3.076068e+00 2.595646e+00 2.718791e+00 2.279392e+00 1.896833e+00
<GCONST> 1.043068e+02
<STATE> 3
<MEAN> 25
 -1.181195e+01 1.399842e+01 1.761912e+00 7.019139e+00 6.742283e+00 -6.580969e+00 7.535129e-01 1.037607e+00 5.177723e-01 -4.352678e-01 -6.631550e-01 4.238061e+00 -8.117659e-01 -1.562783e-01 6.264122e-02 7.175302e-02 1.350109e-01 2.422612e-01 1.082749e-01 7.835352e-02 -6.733030e-02 1.221120e-02 2.167480e-01 1.157088e-01 8.964619e-02
<VARIANCE> 25
 5.879201e+01 4.011298e+01 3.490640e+01 3.929681e+01 3.935572e+01 3.817210e+01 5.389794e+01 3.229762e+01 3.160753e+01 2.361975e+01 2.672628e+01 2.258296e+01 3.306426e+00 2.434253e+00 1.727567e+00 1.557603e+00 2.500811e+00 2.129259e+00 2.484002e+00 2.019515e+00 1.967703e+00 1.586890e+00 1.623677e+00 1.515481e+00 2.001368e+00
<GCONST> 9.782499e+01
<STATE> 4
<MEAN> 25
 -9.003871e+00 5.701549e+00 -6.799221e-01 4.045123e+00 3.887229e+00 -2.581512e+00 1.235376e+00 1.577709e+00 4.893040e-01 -8.964664e-01 5.059544e-01 2.825101e+00 4.954298e-01 -4.647640e-01 2.099283e-01 -2.087123e-01 -4.983607e-01 -1.765614e-01 -3.203605e-01 -1.661347e-01 3.781679e-02 2.487765e-02 2.913045e-02 2.319505e-02 4.986068e-01
<VARIANCE> 25
 5.317637e+01 5.693483e+01 4.156125e+01 2.867017e+01 3.608353e+01 3.690776e+01 4.240501e+01 2.999250e+01 2.965365e+01 2.272653e+01 2.414874e+01 2.009648e+01 3.139854e+00 2.297470e+00 1.633276e+00 1.636741e+00 2.593693e+00 2.030030e+00 2.391745e+00 2.242175e+00 2.143415e+00 1.749564e+00 1.639453e+00 1.515460e+00 1.713827e+00
<GCONST> 9.715630e+01
<TRANSP> 5
 0.000000e+00 1.000000e+00 0.000000e+00 0.000000e+00 0.000000e+00
 0.000000e+00 7.504737e-01 2.495263e-01 0.000000e+00 0.000000e+00
 0.000000e+00 0.000000e+00 7.546034e-01 2.453966e-01 0.000000e+00
 0.000000e+00 0.000000e+00 0.000000e+00 8.920376e-01 1.079624e-01
 0.000000e+00 0.000000e+00 0.000000e+00 0.000000e+00 0.000000e+00
<ENDHMM>
~h "e"
<BEGINHMM>
<NUMSTATES> 5
<STATE> 2
<MEAN> 25
 3.698954e+00 -7.061992e-01 -9.329176e-01 -2.435142e+00 -7.841002e-01 -9.815289e-01 -5.067878e+00 -1.439168e+00 8.149707e-01 2.772284e+00 1.331572e+00 -9.572443e-01 1.884129e+00 -9.693372e-01 -1.122378e-01 -1.435498e+00 -1.117244e+00 5.520802e-01 -1.834152e+00 3.694222e-01 1.181074e+00 1.016311e+00 6.890746e-01 -1.130233e+00 2.374701e+00
<VARIANCE> 25
 3.489750e+01 2.922959e+01 3.841347e+01 5.307448e+01 4.338853e+01 6.561987e+01 5.840475e+01 5.209034e+01 5.764573e+01 3.666984e+01 4.069754e+01 2.999600e+01 6.083479e+00 4.014160e+00 5.923019e+00 5.998677e+00 5.872484e+00 5.883404e+00 6.853681e+00 8.000154e+00 7.709031e+00 4.825559e+00 5.196083e+00 4.062363e+00 6.857803e+00
<GCONST> 1.141364e+02
<STATE> 3
<MEAN> 25
 6.214546e+00 -3.095767e+00 -1.325828e+00 -4.806920e+00 -2.738809e+00 1.234705e-01 -8.249791e+00 -2.714795e-01 3.120953e+00 4.539890e+00 2.454865e+00 -2.986301e+00 9.620333e-01 -5.912055e-01 7.346000e-02 -3.809182e-01 -6.957995e-01 4.595376e-01 -7.810247e-01 2.731380e-01 8.191972e-01 4.621351e-01 1.927743e-01 -7.087854e-01 6.359158e-01
<VARIANCE> 25
 1.670598e+01 2.743460e+01 3.994549e+01 5.356728e+01 4.122469e+01 6.668037e+01 5.801363e+01 5.796103e+01 5.991965e+01 4.165496e+01 4.471567e+01 3.380767e+01 2.739451e+00 3.131138e+00 3.392239e+00 5.491471e+00 4.677372e+00 5.306782e+00 5.149479e+00 7.374359e+00 6.882379e+00 4.309950e+00 4.661401e+00 3.387360e+00 5.152380e+00
<GCONST> 1.106370e+02
<STATE> 4
<MEAN> 25
 6.141189e+00 -2.031864e+00 -4.939099e-01 -3.859067e+00 -3.149085e+00 -5.767702e-01 -9.071968e+00 -2.415366e-01 3.620718e+00 5.120220e+00 2.127202e+00 -3.386213e+00 9.256323e-02 3.861071e-01 3.019801e-01 7.074268e-01 -1.399881e-02 -5.565047e-03 4.938298e-01 -3.022098e-01 -1.735673e-01 -3.361171e-01 -2.711335e-01 1.300846e-01 -9.773355e-01
<VARIANCE> 25
 1.641803e+01 3.000924e+01 3.759525e+01 5.283226e+01 4.408793e+01 5.893911e+01 6.395357e+01 5.727066e+01 6.049299e+01 4.493027e+01 4.268224e+01 3.500596e+01 1.191352e+00 2.258135e+00 1.910869e+00 3.568640e+00 2.904603e+00 3.476425e+00 3.421676e+00 4.152216e+00 4.300567e+00 3.154996e+00 3.048072e+00 2.411823e+00 3.710104e+00
<GCONST> 1.048155e+02
<TRANSP> 5
 0.000000e+00 1.000000e+00 0.000000e+00 0.000000e+00 0.000000e+00
 0.000000e+00 3.053391e-01 6.946608e-01 0.000000e+00 0.000000e+00
 0.000000e+00 0.000000e+00 2.147187e-01 7.852813e-01 0.000000e+00
 0.000000e+00 0.000000e+00 0.000000e+00 5.740007e-01 4.259993e-01
 0.000000e+00 0.000000e+00 0.000000e+00 0.000000e+00 0.000000e+00
<ENDHMM>
~h "AI"
<BEGINHMM>
<NUMSTATES> 5
<STATE> 2
<MEAN> 25
 4.300813e+00 -1.163091e+01 -1.705612e+00 -5.325768e+00 -3.966676e+00 -1.915242e+00 -6.375953e-01 9.457552e+00 5.440382e+00 -2.655548e+00 -3.718927e+00 -3.808510e+00 -1.857423e-01 -1.690128e-01 1.408538e+00 2.383136e-02 -1.625908e+00 -1.164091e+00 6.925933e-01 1.325922e+00 -7.543145e-01 -3.092692e-01 5.641604e-01 7.301761e-01 2.785888e-01
<VARIANCE> 25
 1.045348e+01 2.102471e+01 4.370118e+01 2.637021e+01 4.605908e+01 5.273953e+01 5.195056e+01 4.580401e+01 4.629755e+01 3.840675e+01 4.153585e+01 2.976768e+01 9.005702e-01 2.269363e+00 2.020967e+00 1.736543e+00 2.799273e+00 3.056034e+00 2.651121e+00 3.727470e+00 2.767514e+00 3.000874e+00 3.450807e+00 2.336604e+00 1.195105e+00
<GCONST> 9.935225e+01
<STATE> 3
<MEAN> 25
 2.877337e+00 -7.949060e+00 7.333601e+00 -5.016510e+00 -1.284381e+01 -7.569059e+00 -1.891838e-01 1.008190e+01 -8.846309e-01 6.465777e-01 3.430528e+00 -4.263139e-02 -2.784874e-01 1.098096e+00 1.739588e+00 3.335813e-02 -1.167551e+00 -3.608232e-01 -4.099595e-01 -1.310978e+00 -1.392321e+00 8.929053e-01 1.335195e+00 4.543462e-01 -5.527675e-01
<VARIANCE> 25
 8.843557e+00 1.794281e+01 3.485221e+01 2.489232e+01 2.648792e+01 3.178328e+01 4.283369e+01 4.535187e+01 4.160583e+01 3.719934e+01 4.048905e+01 2.355927e+01 3.810046e-01 1.222761e+00 1.714245e+00 1.092260e+00 2.009361e+00 1.490931e+00 2.314724e+00 2.903388e+00 2.451416e+00 2.202052e+00 2.251029e+00 1.397326e+00 6.456647e-01
<GCONST> 9.155227e+01
<STATE> 4
<MEAN> 25
 1.739954e+00 -4.550619e-01 1.217075e+01 -2.013261e+00 -1.219139e+01 -6.389440e+00 -1.656634e+00 1.313924e+00 -5.351162e+00 2.053907e+00 4.263183e+00 4.561244e-01 6.107578e-02 7.459645e-01 -3.111784e-01 6.361620e-01 8.744969e-01 2.680719e-01 1.302895e-02 -6.674440e-01 -9.915501e-03 -1.476637e-01 -4.027983e-01 -7.139222e-02 -1.445321e+00
<VARIANCE> 25
 1.536624e+01 3.689679e+01 4.760878e+01 3.612645e+01 3.762388e+01 4.334382e+01 4.478599e+01 6.070961e+01 4.575369e+01 4.415309e+01 3.771478e+01 2.670872e+01 1.023074e+00 1.772092e+00 2.811482e+00 1.957939e+00 2.820092e+00 2.256766e+00 2.866019e+00 3.490991e+00 3.234693e+00 2.377571e+00 2.135913e+00 1.704540e+00 2.193397e+00
<GCONST> 1.001401e+02
<TRANSP> 5
 0.000000e+00 1.000000e+00 0.000000e+00 0.000000e+00 0.000000e+00
 0.000000e+00 7.781320e-01 2.218680e-01 0.000000e+00 0.000000e+00
 0.000000e+00 0.000000e+00 7.213654e-01 2.786346e-01 0.000000e+00
 0.000000e+00 0.000000e+00 0.000000e+00 8.721807e-01 1.278193e-01
 0.000000e+00 0.000000e+00 0.000000e+00 0.000000e+00 0.000000e+00
<ENDHMM>
~h "AU"
<BEGINHMM>
<NUMSTATES> 5
<STATE> 2
<MEAN> 25
 5.465189e+00 -7.098196e+00 -8.224618e+00 -1.150755e+01 8.114821e-01 8.550995e+00 -3.196583e+00 -8.160204e-01 5.952299e+00 2.815582e+00 1.441053e-01 -6.919912e+00 6.696619e-01 -2.002899e-01 -4.669738e-01 -1.433961e+00 -3.692125e-02 1.770079e+00 -1.502886e-01 -4.895244e-01 -2.130811e-02 7.570255e-02 9.238673e-01 -3.328667e-01 5.845591e-01
<VARIANCE> 25
 1.328260e+01 2.651437e+01 2.554327e+01 3.787224e+01 3.511673e+01 4.714685e+01 5.015096e+01 4.479984e+01 4.135404e+01 4.052647e+01 4.609432e+01 3.098705e+01 1.501218e+00 2.476921e+00 1.606496e+00 2.697727e+00 2.644269e+00 3.738577e+00 2.852409e+00 3.262387e+00 2.969660e+00 3.023743e+00 3.207286e+00 3.350354e+00 3.304239e+00
<GCONST> 1.015694e+02
<STATE> 3
<MEAN> 25
 7.684834e+00 -2.815181e+00 -8.152099e+00 -1.675201e+01 -2.470851e+00 1.363594e+01 -3.808082e+00 -3.114867e+00 3.160843e+00 1.559958e+00 5.575402e+00 -3.210783e+00 3.179341e-01 1.084208e+00 2.370896e-01 -5.883216e-01 -6.347570e-01 1.209430e-01 -2.160481e-01 5.602650e-02 -7.650088e-01 -3.840948e-01 4.736826e-01 1.048590e+00 -6.167042e-01
<VARIANCE> 25
 9.252819e+00 2.837742e+01 2.013247e+01 3.275898e+01 3.117702e+01 3.305640e+01 4.648433e+01 3.627249e+01 4.179306e+01 4.288202e+01 4.202943e+01 4.283839e+01 3.685311e-01 1.283993e+00 7.881504e-01 1.397810e+00 1.605475e+00 1.647204e+00 1.871753e+00 1.698032e+00 2.030783e+00 2.087318e+00 2.152397e+00 2.375433e+00 6.752985e-01
<GCONST> 9.152491e+01
<STATE> 4
<MEAN> 25
 8.579062e+00 5.672804e+00 -4.715493e+00 -1.429896e+01 -4.926664e+00 8.563276e+00 -4.335533e+00 -1.342493e+00 -1.895669e+00 -7.956256e-01 3.821896e+00 1.794563e+00 -1.910851e-01 3.700451e-01 4.460004e-01 1.511885e+00 2.687253e-01 -9.645802e-01 6.682113e-02 -1.332903e-01 -1.892469e-01 5.365326e-02 -4.960564e-01 -9.927334e-02 -1.279548e+00
<VARIANCE> 25
 2.332864e+01 3.823738e+01 2.452492e+01 6.989602e+01 4.620058e+01 5.036224e+01 6.396118e+01 5.206983e+01 4.325843e+01 5.126199e+01 3.657259e+01 3.591077e+01 9.610859e-01 2.117326e+00 1.458572e+00 3.745315e+00 2.852980e+00 2.877360e+00 2.979594e+00 2.967762e+00 2.597835e+00 2.884542e+00 2.558556e+00 2.386137e+00 1.887033e+00
<GCONST> 1.020861e+02
<TRANSP> 5
 0.000000e+00 1.000000e+00 0.000000e+00 0.000000e+00 0.000000e+00
 0.000000e+00 7.262743e-01 2.737257e-01 0.000000e+00 0.000000e+00
 0.000000e+00 0.000000e+00 8.451032e-01 1.548968e-01 0.000000e+00
 0.000000e+00 0.000000e+00 0.000000e+00 8.635782e-01 1.364218e-01
 0.000000e+00 0.000000e+00 0.000000e+00 0.000000e+00 0.000000e+00
<ENDHMM>
~h "NG"
<BEGINHMM>
<NUMSTATES> 5
<STATE> 2
<MEAN> 25
 7.917422e+00 -1.446574e+00 7.648175e-01 -2.318708e+00 -4.331177e+00 3.789012e+00 -2.596066e-01 -3.609720e+00 -2.046982e+00 1.916919e+00 -5.940670e-01 -4.154016e+00 3.906193e-01 8.371706e-01 1.379105e+00 8.426688e-01 -1.314842e+00 2.176307e-01 6.596158e-01 -1.614874e+00 -8.376647e-01 5.730997e-01 -5.962714e-01 1.051142e+00 -1.059887e+00
<VARIANCE> 25
 1.051081e+01 2.978738e+01 4.516423e+01 4.394776e+01 4.967856e+01 4.559340e+01 5.123486e+01 5.606998e+01 5.646699e+01 4.357661e+01 4.302257e+01 4.350839e+01 6.239045e-01 1.703535e+00 3.126131e+00 3.063433e+00 3.604273e+00 3.410532e+00 4.070741e+00 4.547805e+00 4.598489e+00 3.394647e+00 3.621246e+00 3.524687e+00 9.993791e-01
<GCONST> 1.033596e+02
<STATE> 3
<MEAN> 25
 8.430874e+00 4.965073e-01 4.113841e+00 -7.260834e-01 -7.377210e+00 4.209829e+00 8.565397e-01 -7.034928e+00 -3.421359e+00 2.363343e+00 -1.983742e+00 -1.073233e+00 4.546595e-02 4.794592e-01 5.731509e-01 4.632865e-01 -2.688691e-01 -2.395814e-02 1.916621e-01 -4.834245e-01 -2.663037e-01 6.572473e-02 -2.843309e-01 4.368820e-01 -6.222680e-01
<VARIANCE> 25
 9.948835e+00 2.349654e+01 2.955296e+01 4.292476e+01 3.811871e+01 3.993616e+01 5.273982e+01 5.638763e+01 4.776685e+01 4.355844e+01 3.982442e+01 3.791338e+01 5.028532e-01 1.305197e+00 2.090028e+00 2.033651e+00 2.543171e+00 2.303547e+00 2.599760e+00 3.048243e+00 2.787952e+00 2.395454e+00 2.246571e+00 2.349870e+00 1.013686e+00
<GCONST> 9.727269e+01
<STATE> 4
<MEAN> 25
 7.095550e+00 2.202032e+00 4.025028e+00 9.388999e-01 -5.013726e+00 3.416720e+00 1.492940e+00 -5.735328e+00 -3.805737e+00 1.736505e+00 -3.126156e+00 -8.993996e-01 -4.792799e-01 2.744546e-01 -3.526986e-01 1.882747e-01 8.526930e-01 -4.077250e-01 8.516730e-02 5.183874e-01 5.389754e-02 -1.981284e-01 4.411984e-03 -1.927829e-01 -5.896741e-01
<VARIANCE> 25
 1.806808e+01 2.787210e+01 3.324226e+01 4.763828e+01 5.805032e+01 3.953894e+01 5.024978e+01 5.426053e+01 4.625016e+01 4.545638e+01 4.014159e+01 3.679728e+01 9.405055e-01 1.697321e+00 2.111503e+00 2.305918e+00 3.147027e+00 2.445193e+00 2.619407e+00 3.439896e+00 2.893714e+00 2.517955e+00 2.174770e+00 2.244636e+00 2.218863e+00
<GCONST> 1.007922e+02
<TRANSP> 5
 0.000000e+00 1.000000e+00 0.000000e+00 0.000000e+00 0.000000e+00
 0.000000e+00 5.850121e-01 4.149879e-01 0.000000e+00 0.000000e+00
 0.000000e+00 0.000000e+00 5.870322e-01 4.129678e-01 0.000000e+00
 0.000000e+00 0.000000e+00 0.000000e+00 7.583572e-01 2.416428e-01
 0.000000e+00 0.000000e+00 0.000000e+00 0.000000e+00 0.000000e+00
<ENDHMM>
~h "NY"
<BEGINHMM>
<NUMSTATES> 5
<STATE> 2
<MEAN> 25
 4.801489e+00 1.726623e+00 9.176937e+00 -2.059317e+00 -6.851209e+00 -2.756856e+00 -1.314403e+00 9.326849e-01 -6.381185e+00 -1.719379e+00 2.429073e+00 1.492399e+00 -1.939635e-01 -5.812334e-01 2.060295e-01 -4.102849e-01 -4.387939e-01 7.390172e-02 2.978303e-01 7.521363e-01 -3.241405e-03 -4.415503e-01 1.227120e-01 7.933792e-02 5.487422e-01
<VARIANCE> 25
 1.820267e+01 3.900220e+01 3.681157e+01 5.841280e+01 3.723705e+01 3.583682e+01 4.180569e+01 7.630621e+01 4.764791e+01 4.226372e+01 3.722696e+01 3.602946e+01 1.819974e+00 5.331012e+00 3.808869e+00 4.950320e+00 3.897601e+00 3.477193e+00 3.817421e+00 9.658871e+00 5.085895e+00 3.684430e+00 3.481488e+00 2.689382e+00 3.182794e+00
<GCONST> 1.080070e+02
<STATE> 3
<MEAN> 25
 3.542058e+00 -7.021349e+00 5.813985e+00 -4.024087e+00 -7.005428e+00 -2.105320e+00 3.759229e-01 9.710123e+00 -1.641677e+00 -6.279205e+00 -4.923525e-01 9.175026e-02 2.020600e-01 -1.214235e+00 -1.780255e+00 5.967121e-01 1.377704e+00 2.090245e-01 -1.060814e-01 7.141425e-01 1.383591e+00 -7.963133e-01 -1.234437e+00 -4.515257e-01 2.284465e-01
<VARIANCE> 25
 1.076217e+01 3.249464e+01 3.025442e+01 3.481964e+01 4.845926e+01 2.998201e+01 3.757923e+01 5.023715e+01 4.317137e+01 3.278317e+01 3.442506e+01 3.028658e+01 4.961947e-01 2.038669e+00 1.543719e+00 1.618578e+00 2.555806e+00 1.815914e+00 1.965523e+00 3.254932e+00 2.257103e+00 2.129400e+00 2.140997e+00 1.823231e+00 1.283788e+00
<GCONST> 9.529271e+01
<STATE> 4
<MEAN> 25
 -4.189016e-01 -3.225178e+00 -2.044749e+00 2.176472e+00 2.701371e+00 -7.731031e-01 2.257941e+00 4.749963e+00 6.371735e-01 -4.513099e+00 -2.758229e+00 6.149099e-01 -9.703588e-02 1.190512e-01 -3.332219e-01 1.922552e-01 4.285758e-01 1.197635e-01 -2.522360e-02 -2.465760e-01 1.383144e-01 1.535402e-01 -1.168131e-01 -8.379222e-02 -6.112636e-01
<VARIANCE> 25
 2.740528e+01 4.902414e+01 2.619319e+01 3.099170e+01 4.868819e+01 2.780007e+01 3.322243e+01 4.864360e+01 3.401308e+01 3.719678e+01 3.174804e+01 2.633349e+01 5.115350e-01 1.176698e+00 1.403678e+00 1.356288e+00 1.959141e+00 1.466746e+00 1.696630e+00 1.762487e+00 1.824614e+00 1.727514e+00 1.731278e+00 1.523591e+00 1.181065e+00
<GCONST> 9.289059e+01
<TRANSP> 5
 0.000000e+00 1.000000e+00 0.000000e+00 0.000000e+00 0.000000e+00
 0.000000e+00 8.665093e-01 1.334907e-01 0.000000e+00 0.000000e+00
 0.000000e+00 0.000000e+00 6.548737e-01 3.451262e-01 0.000000e+00
 0.000000e+00 0.000000e+00 0.000000e+00 8.875722e-01 1.124278e-01
 0.000000e+00 0.000000e+00 0.000000e+00 0.000000e+00 0.000000e+00
<ENDHMM>
~h "OI"
<BEGINHMM>
<NUMSTATES> 5
<STATE> 2
<MEAN> 25
 6.236291e+00 2.803863e+00 -6.886394e+00 -1.412589e+01 -7.352709e+00 8.453054e+00 6.054013e-01 -2.939985e+00 3.719504e-01 -3.938974e+00 3.080590e+00 2.195927e+00 1.889059e+00 -5.366839e-01 -7.680335e-01 -3.167817e+00 -1.278032e+00 1.858471e+00 -9.076588e-01 -4.773481e-01 1.993829e-01 8.691954e-01 1.118055e+00 2.209575e-02 2.275810e+00
<VARIANCE> 25
 4.108929e+01 2.486728e+01 3.349203e+01 7.164226e+01 5.698905e+01 4.737447e+01 4.350377e+01 3.698267e+01 3.134440e+01 2.984337e+01 3.766956e+01 3.736072e+01 6.924456e+00 3.488537e+00 2.741885e+00 1.165345e+01 6.143584e+00 5.436180e+00 5.716446e+00 3.551669e+00 2.503495e+00 4.022042e+00 4.301629e+00 3.967353e+00 3.301828e+00
<GCONST> 1.095430e+02
<STATE> 3
<MEAN> 25
 7.923719e+00 -3.291800e+00 -8.060486e+00 -1.599696e+01 -4.989116e+00 1.137797e+01 -3.287576e+00 -4.460438e+00 1.280583e+00 4.202811e+00 6.569087e+00 -1.575914e+00 -3.726073e-01 -1.605207e+00 3.546680e-01 1.816839e+00 1.001067e+00 -1.737397e+00 -1.471221e+00 3.579276e-01 8.983380e-01 2.425392e+00 -1.007327e-01 -2.119280e+00 7.961897e-01
<VARIANCE> 25
 1.153022e+01 3.083749e+01 2.754890e+01 5.000594e+01 3.105832e+01 3.923111e+01 6.117040e+01 4.108093e+01 3.889166e+01 4.676423e+01 6.522689e+01 5.592982e+01 5.401684e-01 1.127879e+00 1.612030e+00 3.807280e+00 2.013696e+00 5.522144e+00 3.041699e+00 3.872905e+00 3.238315e+00 3.168427e+00 3.663743e+00 3.688248e+00 8.417786e-01
<GCONST> 1.006449e+02
<STATE> 4
<MEAN> 25
 1.808756e+00 -3.863500e+00 6.219805e+00 -1.945323e+00 -9.362492e+00 -6.064885e+00 -5.195726e+00 1.878840e+00 -2.617994e+00 4.629101e+00 3.793500e+00 -1.846606e+00 -5.041515e-01 3.429022e-01 1.334749e+00 9.596100e-01 -5.128294e-01 -1.183426e+00 2.006439e-01 4.139060e-01 -7.417662e-01 -5.441557e-01 -1.325649e-01 6.059046e-01 -6.068450e-01
<VARIANCE> 25
 2.529239e+01 3.942939e+01 8.786971e+01 4.322284e+01 5.952269e+01 6.302655e+01 6.370168e+01 8.904903e+01 7.137997e+01 4.992332e+01 4.552824e+01 3.685714e+01 8.399312e-01 1.480796e+00 5.142213e+00 2.650403e+00 4.190941e+00 6.646682e+00 3.604906e+00 6.195386e+00 5.556256e+00 3.092780e+00 3.528408e+00 3.181320e+00 9.754773e-01
<GCONST> 1.080722e+02
<TRANSP> 5
 0.000000e+00 1.000000e+00 0.000000e+00 0.000000e+00 0.000000e+00
 0.000000e+00 7.409017e-01 2.590983e-01 0.000000e+00 0.000000e+00
 0.000000e+00 0.000000e+00 7.052661e-01 2.947339e-01 0.000000e+00
 0.000000e+00 0.000000e+00 0.000000e+00 9.049401e-01 9.505987e-02
 0.000000e+00 0.000000e+00 0.000000e+00 0.000000e+00 0.000000e+00
<ENDHMM>
~h "SY"
<BEGINHMM>
<NUMSTATES> 5
<STATE> 2
<MEAN> 25
 -8.571006e+00 4.787942e+00 4.106900e+00 1.882433e+00 3.010627e+00 -3.289573e+00 2.116385e+00 1.891007e+00 -9.897217e-01 -1.289647e+00 -3.882447e-01 2.908924e+00 -3.619354e+00 7.197565e-01 -9.619225e-02 -2.255384e-01 1.066342e+00 5.205358e-01 8.903937e-01 4.428189e-01 2.731968e-01 8.832249e-02 6.666271e-01 3.523968e-01 6.638053e-02
<VARIANCE> 25
 8.002519e+01 4.001090e+01 5.453655e+01 3.058931e+01 4.724540e+01 4.290168e+01 4.577843e+01 5.138779e+01 3.716401e+01 3.209037e+01 3.051750e+01 2.354921e+01 5.678900e+00 4.869702e+00 4.377454e+00 3.485536e+00 4.707501e+00 4.244864e+00 4.558740e+00 4.366685e+00 3.787857e+00 3.511449e+00 3.421676e+00 2.595675e+00 2.674115e+00
<GCONST> 1.082629e+02
<STATE> 3
<MEAN> 25
 -2.251435e+01 4.059669e+00 2.254460e+00 -2.265998e+00 4.887915e+00 3.803015e-01 4.011613e+00 3.157347e+00 1.077133e+00 1.221074e+00 3.055614e+00 4.258812e+00 -8.447015e-01 -5.249196e-01 -1.742773e-01 -4.548248e-01 -2.971149e-01 2.860746e-01 1.112408e-01 -1.548509e-02 2.806894e-01 3.095597e-01 2.908172e-01 1.869727e-01 2.112735e-01
<VARIANCE> 25
 3.510044e+01 2.365504e+01 3.636773e+01 2.598082e+01 3.451613e+01 4.317587e+01 3.628478e+01 3.452328e+01 3.091916e+01 2.530837e+01 2.342487e+01 1.889588e+01 2.943151e+00 1.157972e+00 1.432187e+00 1.415773e+00 1.733569e+00 1.730696e+00 1.698294e+00 1.722202e+00 1.647653e+00 1.701691e+00 1.569397e+00 1.360142e+00 7.536866e-01
<GCONST> 9.232618e+01
<STATE> 4
<MEAN> 25
 -1.443062e+01 -7.404512e-02 3.626999e+00 -1.659140e+00 -9.901921e-01 -1.365219e+00 1.919029e+00 2.126080e+00 1.464878e+00 6.616577e-01 3.258487e+00 3.363361e+00 2.397153e+00 -4.878944e-01 4.301310e-01 9.534517e-02 -1.047574e+00 -7.288016e-01 -6.860740e-01 1.066031e-01 -6.854718e-02 -3.210168e-01 -2.873625e-01 -3.287000e-01 7.812620e-01
<VARIANCE> 25
 1.053458e+02 2.590511e+01 4.912330e+01 2.780203e+01 5.055247e+01 4.589605e+01 3.947542e+01 3.191858e+01 3.737849e+01 2.706361e+01 2.714240e+01 2.001440e+01 9.758018e+00 2.394708e+00 3.099338e+00 2.121156e+00 3.344324e+00 2.940937e+00 3.256078e+00 3.281198e+00 3.467860e+00 2.241194e+00 2.365417e+00 1.916056e+00 2.038499e+00
<GCONST> 1.031464e+02
<TRANSP> 5
 0.000000e+00 1.000000e+00 0.000000e+00 0.000000e+00 0.000000e+00
 0.000000e+00 7.721854e-01 2.278146e-01 0.000000e+00 0.000000e+00
 0.000000e+00 0.000000e+00 8.394179e-01 1.605821e-01 0.000000e+00
 0.000000e+00 0.000000e+00 0.000000e+00 8.847003e-01 1.152997e-01
 0.000000e+00 0.000000e+00 0.000000e+00 0.000000e+00 0.000000e+00
<ENDHMM>
~h "sp"
<BEGINHMM>
<NUMSTATES> 3
<STATE> 2
~s "silst"
<TRANSP> 3
 0.000000e+00 7.000000e-01 3.000000e-01
 0.000000e+00 9.000000e-01 9.999999e-02
 0.000000e+00 0.000000e+00 0.000000e+00
<ENDHMM>
~h "sil"
<BEGINHMM>
<NUMSTATES> 5
<STATE> 2
<MEAN> 25
 -4.460647e+00 5.331252e-01 -7.381539e-01 3.717576e+00 3.543981e+00 5.303927e-01 4.019739e+00 8.108246e-01 -5.786160e-02 -1.085211e+00 6.259350e-01 2.607882e+00 -9.671924e-02 -2.759198e-02 -8.788964e-02 -1.529807e-02 -1.964499e-02 -6.769738e-02 -8.555006e-03 9.812031e-03 -1.282231e-02 -4.440404e-02 2.429491e-02 3.976071e-02 -1.703781e-01
<VARIANCE> 25
 3.198003e+01 3.745132e+01 3.919916e+01 4.698161e+01 4.133798e+01 4.254465e+01 4.105833e+01 4.447943e+01 3.622253e+01 3.176752e+01 3.125329e+01 2.911433e+01 1.204875e+00 1.884663e+00 1.879899e+00 2.483871e+00 2.213805e+00 2.487791e+00 2.285761e+00 3.033332e+00 2.410168e+00 2.378965e+00 2.002713e+00 2.013554e+00 2.073607e+00
<GCONST> 9.927103e+01
<STATE> 3
~s "silst"
<STATE> 4
<MEAN> 25
 -4.850252e+00 2.800230e+00 -1.909508e+00 3.340137e+00 3.702535e+00 8.539587e-03 3.949172e+00 8.597290e-01 1.787749e-01 -1.332902e-01 9.328346e-02 2.341482e+00 -1.420755e-02 2.227033e-02 1.209535e-02 3.148358e-03 9.366584e-03 1.648116e-02 1.024751e-02 -4.729275e-03 -1.052044e-03 1.452606e-02 6.300796e-03 -7.598351e-03 -1.823293e-02
<VARIANCE> 25
 7.425287e+00 1.539891e+01 1.598946e+01 1.353356e+01 1.799393e+01 2.162060e+01 2.158691e+01 2.540117e+01 2.184803e+01 1.877468e+01 1.944061e+01 1.560829e+01 2.309061e-01 4.860921e-01 6.223898e-01 8.058932e-01 1.061123e+00 1.227613e+00 1.354165e+00 1.531476e+00 1.509183e+00 1.530595e+00 1.449322e+00 1.276602e+00 2.239281e-01
<GCONST> 7.813837e+01
<TRANSP> 5
 0.000000e+00 1.000000e+00 0.000000e+00 0.000000e+00 0.000000e+00
 0.000000e+00 7.419515e-01 5.804851e-02 2.000000e-01 0.000000e+00
 0.000000e+00 0.000000e+00 9.470209e-01 5.297905e-02 0.000000e+00
 0.000000e+00 2.000000e-01 0.000000e+00 7.847750e-01 1.522498e-02
 0.000000e+00 0.000000e+00 0.000000e+00 0.000000e+00 0.000000e+00
<ENDHMM>
