~o
<STREAMINFO> 1 25
<VECSIZE> 25<NULLD><MFCC_D_N_Z_0><DIAGC>
~s "silst"
<MEAN> 25
 -5.893820e+00 5.925477e-02 -2.515139e+00 4.019662e+00 3.747576e+00 -1.621018e+00 4.276248e+00 1.924302e+00 2.845535e-01 -1.505502e+00 4.425979e-01 3.482586e+00 -3.572849e-02 9.125528e-02 9.582689e-03 -3.921873e-02 4.858460e-02 8.679844e-02 2.435165e-02 -7.825200e-02 4.500748e-02 7.283339e-02 2.155693e-02 -5.181010e-02 -1.300514e-01
<VARIANCE> 25
 1.151983e+01 3.516270e+01 1.895057e+01 2.411349e+01 2.285575e+01 2.429042e+01 2.811232e+01 3.217197e+01 2.849800e+01 2.417835e+01 2.180548e+01 2.169988e+01 3.680116e-01 7.716594e-01 7.941339e-01 1.111333e+00 1.200646e+00 1.499151e+00 1.541148e+00 1.866799e+00 1.761970e+00 1.780157e+00 1.563061e+00 1.504517e+00 3.708252e-01
<GCONST> 8.516385e+01
~h "A"
<BEGINHMM>
<NUMSTATES> 5
<STATE> 2
<MEAN> 25
 4.845051e+00 -9.082508e+00 -4.549209e+00 -6.666142e+00 -1.067425e+00 2.089963e+00 -2.789409e+00 5.022324e+00 5.769862e+00 5.326483e-02 -2.348917e+00 -5.213793e+00 4.579918e-01 -1.903792e+00 -1.261095e+00 -8.553516e-01 1.013414e+00 1.173617e+00 4.448586e-01 8.439757e-01 1.024287e+00 -8.699386e-01 -1.218914e+00 -1.375943e+00 1.701914e+00
<VARIANCE> 25
 1.744065e+01 2.619894e+01 3.875406e+01 3.986474e+01 5.415047e+01 6.714550e+01 4.903984e+01 6.880555e+01 4.468785e+01 4.105946e+01 4.524192e+01 3.363400e+01 2.185517e+00 2.396953e+00 2.879481e+00 3.322591e+00 3.907754e+00 4.054128e+00 4.261717e+00 5.822206e+00 4.039085e+00 3.581829e+00 3.796094e+00 3.086181e+00 4.077340e+00
<GCONST> 1.070057e+02
<STATE> 3
<MEAN> 25
 5.218416e+00 -1.203415e+01 -6.639132e+00 -7.498095e+00 2.351668e+00 4.961249e+00 -1.728699e+00 4.225320e+00 6.561663e+00 -2.115716e+00 -4.586448e+00 -7.339179e+00 7.437794e-03 6.025923e-02 -5.516929e-02 2.209844e-01 3.333344e-01 -1.634731e-01 2.264012e-01 -6.482934e-02 -7.294946e-02 -1.240666e-01 -1.912924e-01 1.720057e-02 -2.646132e-01
<VARIANCE> 25
 8.448240e+00 1.771844e+01 2.888814e+01 2.824079e+01 3.538147e+01 4.729715e+01 3.840346e+01 5.310420e+01 3.629971e+01 3.459906e+01 3.583099e+01 2.748628e+01 4.372588e-01 1.101372e+00 9.664158e-01 1.276267e+00 1.730116e+00 2.326263e+00 1.858611e+00 2.433228e+00 1.681128e+00 1.951819e+00 1.988879e+00 1.490844e+00 1.203512e+00
<GCONST> 9.157185e+01
<STATE> 4
<MEAN> 25
 4.126671e+00 -7.004318e+00 -6.514420e+00 -3.559945e+00 2.944617e+00 8.914184e-01 5.881807e-01 3.359097e+00 4.951382e+00 -1.307752e+00 -4.765983e+00 -4.711412e+00 -7.798310e-02 1.156999e+00 5.763749e-01 7.099569e-01 -2.974072e-01 -4.902571e-01 -1.046397e-01 -2.259572e-01 -4.366458e-01 3.491264e-01 2.930251e-01 5.117578e-01 -1.838357e+00
<VARIANCE> 25
 1.609711e+01 3.032432e+01 3.303402e+01 3.981763e+01 4.685956e+01 4.709855e+01 4.503645e+01 5.116529e+01 3.980798e+01 3.986293e+01 3.904019e+01 3.323142e+01 1.087291e+00 1.962264e+00 1.830173e+00 2.194279e+00 2.562952e+00 2.762605e+00 2.834302e+00 3.076879e+00 2.628843e+00 2.640710e+00 2.553126e+00 2.160990e+00 2.768873e+00
<GCONST> 1.002339e+02
<TRANSP> 5
 0.000000e+00 1.000000e+00 0.000000e+00 0.000000e+00 0.000000e+00
 0.000000e+00 5.668787e-01 4.331213e-01 0.000000e+00 0.000000e+00
 0.000000e+00 0.000000e+00 7.468898e-01 2.531103e-01 0.000000e+00
 0.000000e+00 0.000000e+00 0.000000e+00 7.225355e-01 2.774645e-01
 0.000000e+00 0.000000e+00 0.000000e+00 0.000000e+00 0.000000e+00
<ENDHMM>
~h "B"
<BEGINHMM>
<NUMSTATES> 5
<STATE> 2
<MEAN> 25
 9.493490e+00 7.710997e+00 4.071784e+00 2.287107e+00 1.515102e+00 4.320622e+00 3.095817e-01 -5.462925e+00 -4.440448e+00 -2.114381e-01 7.311077e-02 -1.954790e+00 8.068164e-01 1.680791e+00 6.132798e-01 5.837591e-01 6.687669e-01 3.279362e-01 9.662685e-01 -4.744338e-01 -4.975873e-01 -2.305972e-01 -4.148422e-01 -1.367774e-01 -1.377149e+00
<VARIANCE> 25
 3.427390e+01 3.933881e+01 2.917298e+01 4.006878e+01 3.400405e+01 3.673288e+01 4.333997e+01 3.900984e+01 4.665698e+01 3.042309e+01 4.043702e+01 2.786397e+01 2.326501e+00 2.387133e+00 2.450798e+00 3.152993e+00 2.817166e+00 2.825506e+00 3.385709e+00 3.399912e+00 3.615849e+00 2.785856e+00 2.994952e+00 2.274331e+00 5.628460e+00
<GCONST> 1.032988e+02
<STATE> 3
<MEAN> 25
 1.092337e+01 1.102767e+01 5.173952e+00 2.714502e+00 2.060226e+00 5.050062e+00 2.580980e+00 -6.399787e+00 -5.810963e+00 -5.377294e-01 -5.387330e-01 -1.956412e+00 -9.070822e-01 -1.420363e+00 -9.831637e-01 -7.679057e-01 1.803594e-01 -7.566161e-01 -1.055892e+00 4.307865e-01 7.663749e-01 2.194242e-01 8.665617e-01 7.448189e-01 2.371232e+00
<VARIANCE> 25
 2.056635e+01 2.575223e+01 2.037432e+01 2.738247e+01 3.040011e+01 3.317746e+01 2.998412e+01 3.617053e+01 4.149807e+01 3.024167e+01 3.729667e+01 2.665774e+01 2.530094e+00 3.020868e+00 2.865000e+00 4.577206e+00 3.115182e+00 3.334716e+00 3.377837e+00 3.288897e+00 4.092227e+00 3.103932e+00 3.695183e+00 2.603540e+00 4.963677e+00
<GCONST> 1.022491e+02
<STATE> 4
<MEAN> 25
 6.734310e+00 2.990598e+00 2.825001e-01 -1.397417e+00 1.370599e+00 2.808927e+00 -2.696844e+00 -4.913625e+00 -1.757075e+00 1.531707e+00 3.122490e+00 2.255124e-01 -1.031806e+00 -3.362819e+00 -1.726246e+00 -2.432372e+00 -1.481668e+00 -3.814849e-01 -2.435476e+00 1.131553e+00 2.101636e+00 1.192396e+00 9.947286e-01 -3.624896e-01 4.876623e+00
<VARIANCE> 25
 2.662111e+01 4.203693e+01 3.289866e+01 7.935719e+01 3.530169e+01 4.564541e+01 3.971351e+01 3.089206e+01 3.726329e+01 4.041751e+01 3.897958e+01 2.766891e+01 2.446545e+00 3.640091e+00 5.513813e+00 7.665734e+00 5.001666e+00 6.659306e+00 4.863709e+00 6.409234e+00 9.307392e+00 6.377771e+00 5.957541e+00 6.651183e+00 4.418382e+00
<GCONST> 1.117571e+02
<TRANSP> 5
 0.000000e+00 1.000000e+00 0.000000e+00 0.000000e+00 0.000000e+00
 0.000000e+00 7.473170e-01 2.526830e-01 0.000000e+00 0.000000e+00
 0.000000e+00 0.000000e+00 4.463606e-01 5.536394e-01 0.000000e+00
 0.000000e+00 0.000000e+00 0.000000e+00 4.658601e-01 5.341399e-01
 0.000000e+00 0.000000e+00 0.000000e+00 0.000000e+00 0.000000e+00
<ENDHMM>
~h "C"
<BEGINHMM>
<NUMSTATES> 5
<STATE> 2
<MEAN> 25
 -1.133232e+00 5.958647e+00 2.976094e+00 3.618529e+00 4.652113e-01 -6.186533e+00 2.185319e-01 1.706729e-01 -1.915567e-01 -1.047223e+00 -1.025420e+00 2.079958e+00 -1.762172e+00 7.507511e-02 -7.487895e-01 -3.382695e-01 8.526087e-01 1.362364e-01 5.536551e-01 -2.138106e-01 1.131599e-01 1.243208e-01 7.781699e-02 1.258865e-01 -1.540299e+00
<VARIANCE> 25
 3.061220e+01 3.460209e+01 3.740390e+01 2.827850e+01 4.182223e+01 4.214555e+01 4.954753e+01 4.435645e+01 4.177417e+01 2.847792e+01 2.832803e+01 2.379970e+01 4.589817e+00 5.305783e+00 3.219944e+00 3.532230e+00 4.344991e+00 3.264069e+00 3.901440e+00 3.554154e+00 3.311877e+00 2.848183e+00 2.721780e+00 2.545042e+00 1.123554e+01
<GCONST> 1.061449e+02
<STATE> 3
<MEAN> 25
 -1.639523e+01 2.150039e+00 -2.141026e+00 -2.624698e+00 4.115089e+00 -2.988251e+00 2.043673e+00 6.557524e-02 1.060712e-01 9.646298e-01 1.801878e+00 3.729766e+00 -2.633391e+00 -3.392780e-01 -1.257651e-01 -1.212060e+00 -3.455039e-01 -6.683187e-02 8.678403e-02 5.150253e-01 2.222082e-01 1.352769e-01 5.595884e-01 6.222175e-01 4.398510e+00
<VARIANCE> 25
 4.305661e+01 2.912305e+01 3.131668e+01 3.114543e+01 3.305228e+01 3.775234e+01 3.851179e+01 3.179990e+01 2.850408e+01 2.170973e+01 2.098909e+01 1.665684e+01 7.991349e+00 3.226284e+00 4.220255e+00 3.498605e+00 4.055101e+00 3.767815e+00 3.654509e+00 3.631994e+00 3.048896e+00 2.514568e+00 2.492100e+00 1.802400e+00 6.556253e+00
<GCONST> 1.031617e+02
<STATE> 4
<MEAN> 25
 -1.022251e+01 1.343461e+00 2.423168e+00 -1.893198e+00 -1.816903e+00 -5.930056e+00 -3.190673e-01 3.056092e+00 1.691164e+00 -1.031773e+00 4.404433e-01 3.973577e+00 5.344340e+00 -1.546561e+00 1.186005e+00 4.452706e-01 -1.958827e+00 -4.503239e-01 -1.735280e+00 8.642515e-01 8.260937e-01 -4.613637e-01 -7.506335e-01 -1.055467e+00 2.111313e+00
<VARIANCE> 25
 9.722876e+01 2.929922e+01 3.472959e+01 3.163803e+01 4.054571e+01 3.814178e+01 5.443020e+01 4.150226e+01 3.347147e+01 2.409674e+01 2.711786e+01 1.932525e+01 4.279305e+00 5.726416e+00 6.206233e+00 4.601391e+00 4.957677e+00 5.008681e+00 5.012081e+00 7.583987e+00 6.162846e+00 3.740761e+00 3.526455e+00 2.721107e+00 2.148726e+00
<GCONST> 1.084891e+02
<TRANSP> 5
 0.000000e+00 1.000000e+00 0.000000e+00 0.000000e+00 0.000000e+00
 0.000000e+00 7.971605e-01 2.028395e-01 0.000000e+00 0.000000e+00
 0.000000e+00 0.000000e+00 7.193606e-01 2.806394e-01 0.000000e+00
 0.000000e+00 0.000000e+00 0.000000e+00 6.528417e-01 3.471582e-01
 0.000000e+00 0.000000e+00 0.000000e+00 0.000000e+00 0.000000e+00
<ENDHMM>
~h "D"
<BEGINHMM>
<NUMSTATES> 5
<STATE> 2
<MEAN> 25
 7.416419e+00 4.727178e+00 6.616055e+00 6.791547e+00 -5.977635e-01 -3.242986e+00 -3.153521e+00 -1.764096e-01 1.936652e+00 -1.289045e+00 -4.092732e+00 -1.410503e+00 8.388128e-01 1.340218e+00 9.127476e-01 1.003830e+00 7.697996e-01 -3.718827e-01 7.239409e-02 -9.298767e-02 2.391357e-01 -2.338324e-01 -6.577174e-01 -2.037961e-01 -1.263641e+00
<VARIANCE> 25
 3.616287e+01 5.386684e+01 3.550266e+01 3.474520e+01 4.847347e+01 3.616602e+01 5.540083e+01 6.922016e+01 4.547430e+01 3.916731e+01 3.837583e+01 3.081974e+01 2.787241e+00 3.616194e+00 2.771530e+00 3.272566e+00 4.123568e+00 3.054778e+00 4.067657e+00 5.350381e+00 3.867444e+00 3.127821e+00 3.510154e+00 2.684427e+00 6.867371e+00
<GCONST> 1.077127e+02
<STATE> 3
<MEAN> 25
 7.666190e+00 5.741915e+00 8.815404e+00 7.484421e+00 1.080468e+00 -3.490423e+00 -3.214843e+00 2.094882e-01 1.416414e+00 -1.827754e+00 -4.206500e+00 -9.202147e-01 -1.843343e+00 -2.715836e+00 1.827745e-02 -1.972596e+00 -7.868719e-01 -3.729796e-01 -9.261706e-01 1.281818e+00 -6.067249e-01 -6.910780e-02 1.649352e+00 1.339583e+00 3.908221e+00
<VARIANCE> 25
 2.992675e+01 4.048792e+01 2.803605e+01 3.235933e+01 3.571595e+01 3.491873e+01 4.981047e+01 5.002982e+01 4.272811e+01 3.692987e+01 3.209748e+01 3.245910e+01 2.333077e+00 3.462906e+00 3.869875e+00 3.930203e+00 5.909180e+00 4.114318e+00 5.478762e+00 7.929064e+00 6.281376e+00 4.170835e+00 3.826319e+00 3.134639e+00 5.381633e+00
<GCONST> 1.083259e+02
<STATE> 4
<MEAN> 25
 2.841671e+00 -3.389749e+00 6.777554e+00 2.984315e-01 -5.258276e+00 -5.387936e+00 -6.980022e+00 5.006279e+00 1.261726e+00 -1.019434e+00 1.223278e+00 2.843473e+00 -8.455501e-01 -2.114293e+00 -9.201447e-01 -2.039290e+00 -2.302245e+00 -1.295646e-01 -7.560136e-01 1.437973e+00 4.994384e-01 3.487379e-01 1.138233e+00 -1.550436e-02 4.050028e+00
<VARIANCE> 25
 1.928302e+01 3.132770e+01 4.221386e+01 3.928240e+01 6.864861e+01 4.121506e+01 7.380233e+01 6.265542e+01 6.444757e+01 3.005902e+01 3.272828e+01 2.545882e+01 3.166480e+00 3.444691e+00 6.615721e+00 4.828824e+00 6.706395e+00 4.462936e+00 6.839161e+00 1.028168e+01 1.002253e+01 4.621790e+00 6.434223e+00 4.194841e+00 5.314033e+00
<GCONST> 1.127522e+02
<TRANSP> 5
 0.000000e+00 1.000000e+00 0.000000e+00 0.000000e+00 0.000000e+00
 0.000000e+00 7.388585e-01 2.611415e-01 0.000000e+00 0.000000e+00
 0.000000e+00 0.000000e+00 4.773031e-01 5.226969e-01 0.000000e+00
 0.000000e+00 0.000000e+00 0.000000e+00 4.124599e-01 5.875401e-01
 0.000000e+00 0.000000e+00 0.000000e+00 0.000000e+00 0.000000e+00
<ENDHMM>
~h "E"
<BEGINHMM>
<NUMSTATES> 5
<STATE> 2
<MEAN> 25
 3.031559e+00 -7.851857e+00 4.447276e+00 -1.414790e+00 -9.142076e+00 -6.604177e+00 -1.018509e+00 7.512083e+00 5.055990e-01 -2.685401e-01 2.007582e+00 -8.206737e-01 3.925251e-01 -1.556222e+00 1.228508e+00 -1.077529e+00 -2.313372e+00 -5.393190e-01 7.737845e-01 2.019673e+00 -3.634681e-01 -3.831591e-01 7.428755e-01 -1.231232e-01 2.521796e+00
<VARIANCE> 25
 2.560810e+01 4.050217e+01 4.793167e+01 3.549066e+01 5.335931e+01 4.207790e+01 6.850753e+01 5.307135e+01 5.047888e+01 3.889472e+01 4.844196e+01 3.057095e+01 3.484970e+00 3.769249e+00 3.611850e+00 3.511998e+00 4.900430e+00 4.079971e+00 5.866915e+00 6.344047e+00 5.321450e+00 4.634618e+00 4.320725e+00 3.058094e+00 6.700540e+00
<GCONST> 1.105449e+02
<STATE> 3
<MEAN> 25
 3.007144e+00 -8.604807e+00 8.757946e+00 -4.300664e+00 -1.402716e+01 -7.401308e+00 1.438587e+00 8.676079e+00 -1.941340e+00 1.156870e+00 5.068770e+00 -1.061958e+00 -4.868160e-02 2.597195e-01 1.049922e-02 1.502473e-02 6.369279e-02 -5.173080e-02 3.221607e-01 -1.695294e-01 -1.015889e-01 1.054390e-01 -3.660428e-02 -6.854270e-02 -2.445815e-01
<VARIANCE> 25
 7.642080e+00 2.403359e+01 4.045141e+01 2.782587e+01 2.944922e+01 3.571478e+01 5.138114e+01 4.680781e+01 4.516937e+01 4.481697e+01 4.377261e+01 2.750685e+01 4.022225e-01 9.306409e-01 1.103838e+00 1.160877e+00 1.430401e+00 1.243588e+00 1.810452e+00 1.706036e+00 1.726739e+00 1.458179e+00 1.474972e+00 1.006917e+00 1.590506e+00
<GCONST> 9.038816e+01
<STATE> 4
<MEAN> 25
 1.420260e+00 -3.121041e+00 5.080981e+00 -2.160857e-01 -9.518761e+00 -7.321037e+00 3.430135e+00 3.799284e+00 -8.724605e-01 4.138324e-01 2.196049e+00 -3.467410e-01 -3.241207e-02 7.051398e-01 -5.785509e-01 5.840544e-01 1.080794e+00 2.668742e-01 -2.309339e-01 -5.585353e-01 1.897205e-01 -5.282694e-02 -5.229834e-01 5.693451e-02 -1.514958e+00
<VARIANCE> 25
 1.930622e+01 4.071486e+01 5.164186e+01 3.125431e+01 4.898039e+01 4.843394e+01 5.439371e+01 5.580334e+01 4.692717e+01 3.881491e+01 4.201951e+01 2.742270e+01 1.152765e+00 1.741811e+00 1.711900e+00 1.809988e+00 2.707244e+00 2.260736e+00 3.127896e+00 2.616577e+00 2.500901e+00 2.391648e+00 2.189749e+00 1.781770e+00 2.798075e+00
<GCONST> 1.002679e+02
<TRANSP> 5
 0.000000e+00 1.000000e+00 0.000000e+00 0.000000e+00 0.000000e+00
 0.000000e+00 6.373261e-01 3.626740e-01 0.000000e+00 0.000000e+00
 0.000000e+00 0.000000e+00 8.284011e-01 1.715990e-01 0.000000e+00
 0.000000e+00 0.000000e+00 0.000000e+00 7.479132e-01 2.520868e-01
 0.000000e+00 0.000000e+00 0.000000e+00 0.000000e+00 0.000000e+00
<ENDHMM>
~h "F"
<BEGINHMM>
<NUMSTATES> 5
<STATE> 2
<MEAN> 25
 -2.231600e+00 2.287110e+00 -3.261738e-01 3.327459e+00 3.129629e+00 3.798595e-01 1.183769e+00 -4.078470e-01 -1.526671e-01 8.083643e-01 2.774460e-01 9.182873e-01 -3.326437e+00 6.196109e-02 -5.711769e-01 1.249133e+00 8.395329e-01 -6.030701e-01 4.305719e-01 4.051040e-01 6.531138e-01 3.246873e-02 -1.390868e-01 5.209253e-01 -1.142912e+00
<VARIANCE> 25
 4.949846e+01 2.586770e+01 3.681812e+01 4.144194e+01 3.630529e+01 5.015133e+01 3.614181e+01 3.694258e+01 3.366399e+01 2.765890e+01 2.632027e+01 2.366465e+01 3.556498e+00 4.620888e+00 4.137619e+00 4.850141e+00 5.936241e+00 5.353701e+00 4.524954e+00 4.756676e+00 4.079527e+00 3.704423e+00 3.522744e+00 2.687046e+00 2.648600e+00
<GCONST> 1.066704e+02
<STATE> 3
<MEAN> 25
 -1.285946e+01 -1.824023e+00 -3.492365e+00 4.071876e+00 2.448190e+00 -1.441900e+00 5.882834e-01 7.918133e-01 1.166600e+00 1.196407e+00 1.117507e+00 2.835166e+00 -6.309557e-01 -4.973094e-01 -3.119193e-01 -6.911237e-02 -5.437352e-02 -9.206695e-03 -6.564723e-03 6.021330e-02 4.838866e-02 2.826282e-02 7.573953e-02 1.176537e-01 -1.399246e-01
<VARIANCE> 25
 2.418332e+01 2.152775e+01 2.412792e+01 2.039992e+01 2.412976e+01 2.540112e+01 2.718527e+01 2.632787e+01 2.491385e+01 2.093765e+01 1.976713e+01 1.811497e+01 1.657411e+00 1.225157e+00 1.341994e+00 1.340810e+00 1.569678e+00 1.744717e+00 1.757978e+00 1.766358e+00 1.741663e+00 1.702178e+00 1.534161e+00 1.441052e+00 1.457215e+00
<GCONST> 8.922304e+01
<STATE> 4
<MEAN> 25
 -9.344674e+00 -3.170861e+00 -4.860067e+00 2.339220e+00 3.189871e+00 -3.269435e-01 1.294664e+00 9.234331e-01 9.540942e-01 1.084242e+00 1.090417e+00 2.091726e+00 2.595112e+00 3.800224e-01 2.425057e-01 -8.088129e-01 -4.328552e-01 3.382400e-01 -1.285696e-01 -2.811288e-01 -2.806488e-01 -1.581198e-01 1.057864e-02 -5.227141e-01 6.167908e-01
<VARIANCE> 25
 5.225089e+01 2.898767e+01 3.125186e+01 3.182573e+01 3.317606e+01 3.039590e+01 2.859633e+01 2.954156e+01 2.688432e+01 2.318210e+01 2.224747e+01 1.922653e+01 8.481655e+00 3.436759e+00 3.629701e+00 4.763797e+00 3.370727e+00 4.307227e+00 3.254790e+00 3.195344e+00 3.022570e+00 2.741364e+00 2.550756e+00 2.558875e+00 5.732657e+00
<GCONST> 1.032974e+02
<TRANSP> 5
 0.000000e+00 1.000000e+00 0.000000e+00 0.000000e+00 0.000000e+00
 0.000000e+00 6.959881e-01 3.040119e-01 0.000000e+00 0.000000e+00
 0.000000e+00 0.000000e+00 8.504066e-01 1.495934e-01 0.000000e+00
 0.000000e+00 0.000000e+00 0.000000e+00 7.412870e-01 2.587130e-01
 0.000000e+00 0.000000e+00 0.000000e+00 0.000000e+00 0.000000e+00
<ENDHMM>
~h "G"
<BEGINHMM>
<NUMSTATES> 5
<STATE> 2
<MEAN> 25
 7.781277e+00 5.579148e+00 7.033946e+00 4.305594e+00 -2.158657e+00 -3.616557e+00 -1.909204e+00 -1.369457e+00 -3.390211e+00 2.753264e+00 -9.922003e-01 -3.384660e+00 2.539208e-01 1.292229e+00 6.721551e-01 1.194861e+00 5.239375e-01 -5.699294e-01 7.248923e-01 -3.776845e-01 -3.173901e-01 -1.764638e-01 -3.601398e-01 5.951957e-02 -1.734271e+00
<VARIANCE> 25
 2.380496e+01 4.831161e+01 4.290059e+01 4.136827e+01 5.349361e+01 5.182720e+01 6.112585e+01 5.783310e+01 4.903082e+01 4.145565e+01 3.836361e+01 3.477634e+01 2.695006e+00 3.358020e+00 3.812465e+00 3.472954e+00 5.200720e+00 4.144917e+00 4.525853e+00 4.655836e+00 5.427297e+00 3.509350e+00 3.298409e+00 3.123820e+00 5.699540e+00
<GCONST> 1.093114e+02
<STATE> 3
<MEAN> 25
 2.721334e+00 4.499933e+00 4.516987e+00 6.308553e+00 2.346986e+00 -4.743245e+00 -6.625520e-01 -1.322948e+00 -3.562162e+00 2.338447e+00 -1.833568e+00 -1.371312e-02 -1.811228e+00 -2.023257e+00 -1.363313e+00 -9.212424e-01 4.292909e-01 -7.054857e-01 -1.274639e+00 9.760171e-01 -2.611107e-02 2.242441e-01 6.073302e-01 1.121200e+00 3.497889e+00
<VARIANCE> 25
 4.383973e+01 5.750182e+01 6.592958e+01 3.140757e+01 7.303744e+01 4.874609e+01 5.585725e+01 4.104836e+01 4.096555e+01 3.107144e+01 2.927167e+01 3.366138e+01 4.027905e+00 4.854769e+00 7.075004e+00 3.875335e+00 1.156783e+01 5.122805e+00 5.306508e+00 5.697593e+00 5.562984e+00 3.905442e+00 4.525917e+00 3.545475e+00 4.867278e+00
<GCONST> 1.125839e+02
<STATE> 4
<MEAN> 25
 1.848208e+00 -6.136869e-01 3.195154e+00 7.383986e-01 -4.504143e+00 -6.441604e+00 -5.802884e+00 3.060762e+00 -1.861021e+00 3.211303e+00 2.346840e+00 2.951759e-01 2.638970e-01 -1.306631e+00 -3.750809e-01 -2.161217e+00 -1.914656e+00 6.486683e-01 -6.210618e-01 1.453995e+00 1.310056e+00 5.466550e-02 6.583159e-01 -6.306588e-01 2.422076e+00
<VARIANCE> 25
 2.099557e+01 3.263060e+01 5.957401e+01 3.366708e+01 8.559743e+01 5.236916e+01 6.090467e+01 5.568668e+01 5.568511e+01 3.832860e+01 4.410475e+01 2.848575e+01 2.854521e+00 2.634708e+00 5.443962e+00 3.546425e+00 7.973660e+00 4.042880e+00 4.788887e+00 6.214818e+00 7.727292e+00 3.458614e+00 5.425563e+00 3.876776e+00 2.560992e+00
<GCONST> 1.105357e+02
<TRANSP> 5
 0.000000e+00 1.000000e+00 0.000000e+00 0.000000e+00 0.000000e+00
 0.000000e+00 7.302662e-01 2.697338e-01 0.000000e+00 0.000000e+00
 0.000000e+00 0.000000e+00 6.006443e-01 3.993558e-01 0.000000e+00
 0.000000e+00 0.000000e+00 0.000000e+00 4.904698e-01 5.095302e-01
 0.000000e+00 0.000000e+00 0.000000e+00 0.000000e+00 0.000000e+00
<ENDHMM>
~h "H"
<BEGINHMM>
<NUMSTATES> 5
<STATE> 2
<MEAN> 25
 8.233042e-01 -2.823941e+00 -2.158893e+00 6.594210e-01 7.305634e+00 3.845466e+00 3.251334e+00 2.454854e+00 1.156956e+00 -8.518869e-01 -2.500269e+00 4.739426e-02 -1.058698e+00 -7.105875e-02 4.005880e-02 1.063432e+00 1.531233e+00 4.945154e-01 8.567818e-01 3.470980e-01 3.374051e-01 -1.899629e-01 -2.016925e-02 5.843793e-01 -9.169092e-01
<VARIANCE> 25
 2.358809e+01 3.781183e+01 4.665556e+01 4.694236e+01 6.719704e+01 5.593944e+01 5.252319e+01 5.111168e+01 4.531995e+01 4.183383e+01 4.194260e+01 3.503079e+01 1.849059e+00 3.591460e+00 4.022009e+00 3.893036e+00 4.195365e+00 3.749912e+00 4.086962e+00 4.026555e+00 3.640816e+00 3.432910e+00 3.336534e+00 2.948416e+00 2.480674e+00
<GCONST> 1.073201e+02
<STATE> 3
<MEAN> 25
 -2.426878e+00 -4.579907e+00 -3.504095e+00 1.116937e+00 9.090533e+00 4.319380e+00 3.911641e+00 3.076229e+00 2.487515e+00 -1.051904e+00 -2.097583e+00 1.038074e+00 -3.425047e-01 2.706796e-04 -1.873426e-01 -1.742609e-01 -3.831298e-01 -3.212465e-01 -1.150527e-01 -2.061011e-01 -9.398732e-02 -1.901854e-04 1.516460e-01 1.154813e-01 -9.872306e-01
<VARIANCE> 25
 2.987154e+01 4.201028e+01 4.619544e+01 4.661226e+01 6.540918e+01 5.344708e+01 5.624884e+01 5.002667e+01 4.354091e+01 4.453120e+01 3.937577e+01 3.334415e+01 1.709783e+00 2.808466e+00 2.742058e+00 2.639354e+00 3.350254e+00 3.138697e+00 3.368215e+00 3.236323e+00 2.965461e+00 2.817137e+00 2.692443e+00 2.307372e+00 3.652077e+00
<GCONST> 1.051426e+02
<STATE> 4
<MEAN> 25
 -3.519256e+00 -5.118938e+00 -5.323594e+00 5.404346e-01 6.109549e+00 1.929385e+00 2.765527e+00 1.312399e+00 1.272916e+00 -1.461819e+00 -1.081234e+00 9.872916e-01 2.557617e-01 2.766650e-01 4.044951e-02 -1.057323e-01 -3.425914e-01 -1.065261e-01 -6.503085e-02 -1.991397e-01 -1.275034e-01 2.523126e-02 2.283544e-02 -1.212471e-01 -1.920247e-01
<VARIANCE> 25
 2.809238e+01 4.890129e+01 3.880617e+01 3.306433e+01 4.605424e+01 3.937148e+01 4.003622e+01 3.563031e+01 3.476703e+01 3.143729e+01 3.032641e+01 2.567525e+01 1.562810e+00 1.962854e+00 1.855000e+00 1.685777e+00 2.002013e+00 1.981864e+00 2.191572e+00 2.114912e+00 2.146238e+00 2.020360e+00 1.897751e+00 1.803352e+00 2.101652e+00
<GCONST> 9.736217e+01
<TRANSP> 5
 0.000000e+00 1.000000e+00 0.000000e+00 0.000000e+00 0.000000e+00
 0.000000e+00 4.984516e-01 5.015485e-01 0.000000e+00 0.000000e+00
 0.000000e+00 0.000000e+00 5.540602e-01 4.459398e-01 0.000000e+00
 0.000000e+00 0.000000e+00 0.000000e+00 7.632304e-01 2.367696e-01
 0.000000e+00 0.000000e+00 0.000000e+00 0.000000e+00 0.000000e+00
<ENDHMM>
~h "I"
<BEGINHMM>
<NUMSTATES> 5
<STATE> 2
<MEAN> 25
 -4.739600e-01 1.308222e+00 1.326744e+01 2.222817e+00 -8.631018e+00 -5.751996e+00 -2.968420e+00 -2.239808e+00 -7.171216e+00 -7.562045e-01 3.460875e+00 9.246460e-01 5.774822e-01 2.554292e-02 3.092509e+00 -4.398766e-01 -3.088582e+00 2.075133e-01 -1.298234e+00 -6.648916e-01 -1.979194e+00 2.642665e-02 1.300492e+00 -3.798090e-01 1.874454e+00
<VARIANCE> 25
 3.091278e+01 3.746460e+01 4.876135e+01 3.812184e+01 5.161817e+01 4.375945e+01 5.248320e+01 5.329786e+01 4.624247e+01 3.646143e+01 3.210979e+01 2.663165e+01 5.926810e+00 3.291794e+00 4.670858e+00 4.784370e+00 4.487106e+00 4.820148e+00 6.420321e+00 6.366197e+00 5.511604e+00 5.009018e+00 3.711998e+00 3.444919e+00 4.286734e+00
<GCONST> 1.105538e+02
<STATE> 3
<MEAN> 25
 2.415873e-01 2.231438e+00 1.933243e+01 -6.397716e-01 -1.445052e+01 -2.195582e+00 -6.718256e+00 -4.314291e+00 -1.039655e+01 4.563583e-01 5.449786e+00 -1.029418e+00 1.092719e-01 1.465934e-01 -9.162433e-02 -9.347765e-02 -1.541356e-01 5.059606e-02 7.906537e-02 -5.901100e-02 1.223138e-01 1.412051e-01 2.790640e-02 -4.306208e-02 -1.475696e-01
<VARIANCE> 25
 1.098636e+01 2.538582e+01 2.892637e+01 3.942944e+01 2.262067e+01 4.242965e+01 3.483494e+01 4.394913e+01 3.867880e+01 5.347462e+01 3.484122e+01 3.154283e+01 7.284423e-01 1.465744e+00 1.969326e+00 1.728725e+00 2.168468e+00 2.342980e+00 2.324775e+00 2.747476e+00 2.280566e+00 1.992800e+00 1.671005e+00 1.422266e+00 1.428903e+00
<GCONST> 9.496093e+01
<STATE> 4
<MEAN> 25
 3.756427e-01 4.844655e+00 1.311301e+01 2.185141e+00 -8.938190e+00 -4.296068e+00 -1.502583e+00 -4.641251e+00 -6.042895e+00 -6.459592e-02 2.362574e+00 3.150039e-01 1.114822e-01 2.105406e-01 -1.482662e+00 4.398502e-01 1.353757e+00 -1.738374e-01 5.894206e-01 3.607416e-01 8.523074e-01 -1.072814e-01 -6.232141e-01 1.814710e-01 -1.698751e+00
<VARIANCE> 25
 1.955260e+01 3.465888e+01 4.134319e+01 3.670601e+01 4.643504e+01 5.891392e+01 4.263601e+01 5.475977e+01 3.897923e+01 3.729944e+01 3.620685e+01 2.993018e+01 1.802729e+00 2.259207e+00 2.495428e+00 2.404529e+00 3.473950e+00 2.924417e+00 3.508357e+00 3.735915e+00 3.451528e+00 2.773443e+00 2.604272e+00 2.124226e+00 3.671187e+00
<GCONST> 1.030880e+02
<TRANSP> 5
 0.000000e+00 1.000000e+00 0.000000e+00 0.000000e+00 0.000000e+00
 0.000000e+00 6.314142e-01 3.685858e-01 0.000000e+00 0.000000e+00
 0.000000e+00 0.000000e+00 7.904075e-01 2.095926e-01 0.000000e+00
 0.000000e+00 0.000000e+00 0.000000e+00 7.823687e-01 2.176313e-01
 0.000000e+00 0.000000e+00 0.000000e+00 0.000000e+00 0.000000e+00
<ENDHMM>
~h "J"
<BEGINHMM>
<NUMSTATES> 5
<STATE> 2
<MEAN> 25
 4.385851e+00 8.453129e+00 9.573021e+00 5.408370e+00 -2.125482e+00 -4.413488e+00 -4.357157e-01 1.385408e+00 -1.527575e+00 -2.937968e+00 -2.519183e-01 1.142379e+00 -2.347293e-01 1.342484e+00 5.040549e-01 3.087724e-01 8.692293e-01 8.319867e-02 8.998650e-01 1.451020e-02 2.191837e-01 -1.007091e-01 -2.620223e-01 -5.660656e-02 -1.278996e+00
<VARIANCE> 25
 3.204839e+01 4.331236e+01 3.759083e+01 2.859720e+01 4.470317e+01 4.492286e+01 5.049082e+01 4.011087e+01 4.135752e+01 3.107288e+01 2.694819e+01 2.678314e+01 5.051715e+00 3.167621e+00 3.296199e+00 3.045375e+00 4.061488e+00 3.298704e+00 4.245215e+00 4.040044e+00 4.088507e+00 3.021573e+00 2.622043e+00 2.526538e+00 6.230779e+00
<GCONST> 1.058719e+02
<STATE> 3
<MEAN> 25
 -7.616796e+00 8.859889e+00 8.479090e+00 2.708695e+00 2.852042e+00 -3.172569e+00 1.454108e+00 -9.738417e-01 -2.423821e+00 -1.359147e+00 8.401499e-01 3.095950e+00 -1.536515e+00 -1.274031e+00 4.857407e-01 -4.610594e-01 -1.388439e+00 -9.579290e-01 -1.064673e+00 -3.856242e-01 -6.269794e-01 -9.566186e-02 9.929554e-01 1.022246e+00 3.456833e+00
<VARIANCE> 25
 6.475677e+01 3.778386e+01 4.735418e+01 3.272832e+01 5.004445e+01 4.612372e+01 3.632870e+01 2.993873e+01 3.053357e+01 2.176714e+01 2.205667e+01 2.044757e+01 1.343205e+01 3.628041e+00 4.694760e+00 4.335334e+00 9.701488e+00 4.531937e+00 4.086367e+00 4.169956e+00 3.828504e+00 2.675335e+00 2.470062e+00 2.148922e+00 3.273777e+00
<GCONST> 1.071423e+02
<STATE> 4
<MEAN> 25
 3.584112e-01 -4.129708e-01 1.074216e+01 8.217322e-01 -1.077827e+01 -8.741433e+00 -6.754037e+00 3.253248e+00 -1.729484e+00 -2.077120e+00 5.246361e+00 5.166065e+00 2.404761e+00 -2.767979e+00 -1.536147e+00 -1.124381e+00 -1.540541e+00 3.319658e-01 -1.389361e+00 2.189086e+00 1.672925e+00 6.056635e-01 -1.867706e-01 -1.201496e+00 1.388270e+00
<VARIANCE> 25
 1.512544e+01 2.866427e+01 2.929890e+01 4.003343e+01 2.725167e+01 2.233381e+01 3.308772e+01 5.713004e+01 4.689515e+01 2.970859e+01 2.540653e+01 2.107025e+01 2.804826e+00 2.823995e+00 4.547256e+00 2.921765e+00 7.808189e+00 3.468220e+00 6.088672e+00 7.042349e+00 5.011807e+00 3.146813e+00 4.867114e+00 3.032502e+00 1.177800e+00
<GCONST> 1.038913e+02
<TRANSP> 5
 0.000000e+00 1.000000e+00 0.000000e+00 0.000000e+00 0.000000e+00
 0.000000e+00 8.133128e-01 1.866873e-01 0.000000e+00 0.000000e+00
 0.000000e+00 0.000000e+00 7.675378e-01 2.324622e-01 0.000000e+00
 0.000000e+00 0.000000e+00 0.000000e+00 6.492014e-01 3.507986e-01
 0.000000e+00 0.000000e+00 0.000000e+00 0.000000e+00 0.000000e+00
<ENDHMM>
~h "K"
<BEGINHMM>
<NUMSTATES> 5
<STATE> 2
<MEAN> 25
 -5.279428e-01 3.516322e+00 -1.334305e+00 1.440017e+00 1.128582e+00 -2.858510e+00 1.261757e+00 -7.463810e-01 -5.562335e-01 1.535954e+00 -7.848728e-01 -1.183259e-01 -1.288775e+00 -4.778526e-01 -8.796468e-01 3.062937e-01 9.147255e-01 -3.722148e-01 3.410471e-02 3.164418e-01 1.509822e-01 9.602310e-02 -1.966242e-01 5.886229e-01 -8.613008e-01
<VARIANCE> 25
 3.164343e+01 3.197036e+01 4.045327e+01 3.648481e+01 4.505847e+01 4.767139e+01 4.451646e+01 4.659861e+01 4.307006e+01 3.597097e+01 3.341692e+01 3.122521e+01 2.366062e+00 5.170973e+00 4.214601e+00 3.503109e+00 5.029065e+00 4.370497e+00 4.356324e+00 4.207622e+00 3.885959e+00 3.597827e+00 3.146491e+00 2.670221e+00 1.121348e+01
<GCONST> 1.081472e+02
<STATE> 3
<MEAN> 25
 -5.431828e+00 -3.272651e+00 -7.233639e+00 7.143486e-01 5.997891e+00 -4.170422e+00 -9.543911e-01 1.480546e+00 -5.679153e-01 3.069410e+00 -1.693274e+00 2.337438e+00 -7.761994e-01 -2.020805e+00 -2.105075e+00 -1.016015e+00 1.325007e+00 -6.356336e-01 -1.130124e+00 9.020643e-01 4.582173e-02 9.865764e-01 -5.918703e-01 1.688444e-01 4.692477e+00
<VARIANCE> 25
 2.786653e+01 5.818108e+01 6.822584e+01 4.763821e+01 5.787034e+01 5.787825e+01 5.813683e+01 4.554758e+01 4.698794e+01 3.651312e+01 3.229745e+01 3.089008e+01 3.838622e+00 5.245528e+00 7.074571e+00 5.360137e+00 6.468727e+00 6.316019e+00 5.730142e+00 5.443415e+00 5.293858e+00 4.531301e+00 4.256203e+00 3.922924e+00 1.192216e+01
<GCONST> 1.140349e+02
<STATE> 4
<MEAN> 25
 -3.740848e+00 -3.223112e+00 -7.273292e+00 -2.200188e+00 4.722931e+00 -3.976386e+00 -1.418309e+00 2.938011e+00 3.173023e-01 3.788456e+00 -2.649344e+00 1.530975e-01 1.881832e+00 3.190441e-01 1.364077e+00 -9.199632e-01 -1.589233e+00 7.211192e-01 2.311355e-01 2.048550e-01 2.224747e-01 -4.795042e-01 3.264540e-01 -1.229017e+00 2.466637e+00
<VARIANCE> 25
 3.993159e+01 4.023260e+01 6.258595e+01 4.713559e+01 5.865976e+01 6.083458e+01 5.203547e+01 4.784264e+01 4.933272e+01 3.898495e+01 3.535680e+01 3.834813e+01 4.948855e+00 4.909409e+00 5.918927e+00 5.132954e+00 5.525243e+00 5.104079e+00 5.769369e+00 5.265112e+00 5.492576e+00 3.951754e+00 3.955004e+00 4.315585e+00 7.627215e+00
<GCONST> 1.133958e+02
<TRANSP> 5
 0.000000e+00 1.000000e+00 0.000000e+00 0.000000e+00 0.000000e+00
 0.000000e+00 6.608951e-01 3.391050e-01 0.000000e+00 0.000000e+00
 0.000000e+00 0.000000e+00 5.054010e-01 4.945990e-01 0.000000e+00
 0.000000e+00 0.000000e+00 0.000000e+00 5.722536e-01 4.277464e-01
 0.000000e+00 0.000000e+00 0.000000e+00 0.000000e+00 0.000000e+00
<ENDHMM>
~h "L"
<BEGINHMM>
<NUMSTATES> 5
<STATE> 2
<MEAN> 25
 6.660724e+00 -4.815153e+00 -1.399654e-01 -6.096783e+00 -2.550284e+00 1.577124e+00 -7.738685e+00 -4.881640e+00 5.142172e+00 4.573591e+00 1.350052e+00 -2.584965e+00 5.664539e-01 1.816081e-01 5.407909e-01 -7.400623e-01 5.204840e-01 1.218561e-01 -1.398877e+00 -1.412638e+00 3.539522e-01 1.165459e+00 4.184619e-01 -1.604501e-01 -3.300350e-01
<VARIANCE> 25
 1.702914e+01 2.670858e+01 5.219044e+01 5.910551e+01 4.595020e+01 6.477338e+01 7.149232e+01 9.385596e+01 5.959816e+01 4.488128e+01 4.925925e+01 4.052219e+01 1.016476e+00 1.829783e+00 2.878605e+00 4.104630e+00 4.720657e+00 5.062205e+00 4.569016e+00 5.040821e+00 4.754212e+00 3.634851e+00 4.187228e+00 3.045530e+00 1.346367e+00
<GCONST> 1.074948e+02
<STATE> 3
<MEAN> 25
 7.925917e+00 -4.115752e+00 9.252004e-01 -8.371254e+00 -1.964683e+00 3.338622e+00 -1.011838e+01 -8.423370e+00 4.941265e+00 6.880651e+00 3.473138e+00 -2.621986e+00 -8.050124e-02 1.118530e-01 4.464582e-02 -2.274310e-01 2.768076e-01 -4.735339e-02 -2.267858e-01 2.532694e-01 -2.991730e-02 -4.953073e-02 -9.464079e-02 3.228612e-03 -6.986801e-02
<VARIANCE> 25
 1.195415e+01 2.324399e+01 4.710865e+01 6.324937e+01 4.400666e+01 5.128485e+01 7.964190e+01 7.547334e+01 5.661427e+01 4.422946e+01 4.403516e+01 3.864010e+01 4.899363e-01 1.196811e+00 2.212144e+00 2.694768e+00 2.085215e+00 3.100291e+00 3.136638e+00 4.582040e+00 3.337557e+00 2.562457e+00 2.893402e+00 2.213780e+00 8.645792e-01
<GCONST> 1.009025e+02
<STATE> 4
<MEAN> 25
 6.283610e+00 -2.874724e+00 -7.616661e-01 -8.102053e+00 7.777483e-01 2.304095e+00 -7.783325e+00 -4.360419e+00 4.221268e+00 4.955217e+00 5.286258e-01 -2.417415e+00 -5.582786e-01 -2.360453e-01 -4.499957e-01 7.603889e-01 -6.645821e-02 -1.407842e-01 1.135434e+00 1.328051e+00 -1.466182e-01 -9.997035e-01 -8.221262e-01 -1.497304e-02 -6.647090e-02
<VARIANCE> 25
 1.750427e+01 3.570045e+01 6.174839e+01 7.317793e+01 5.115281e+01 5.921646e+01 8.098325e+01 7.225111e+01 5.825951e+01 5.019517e+01 5.124813e+01 4.218119e+01 8.001027e-01 2.577746e+00 2.893832e+00 3.404938e+00 3.572980e+00 4.140081e+00 4.294680e+00 5.469690e+00 4.282225e+00 3.434567e+00 4.257441e+00 2.970524e+00 2.561007e+00
<GCONST> 1.081790e+02
<TRANSP> 5
 0.000000e+00 1.000000e+00 0.000000e+00 0.000000e+00 0.000000e+00
 0.000000e+00 5.379574e-01 4.620427e-01 0.000000e+00 0.000000e+00
 0.000000e+00 0.000000e+00 5.642031e-01 4.357969e-01 0.000000e+00
 0.000000e+00 0.000000e+00 0.000000e+00 5.414595e-01 4.585405e-01
 0.000000e+00 0.000000e+00 0.000000e+00 0.000000e+00 0.000000e+00
<ENDHMM>
~h "M"
<BEGINHMM>
<NUMSTATES> 5
<STATE> 2
<MEAN> 25
 8.243914e+00 -1.131245e+00 8.254927e-01 -6.532243e-01 -1.144447e+00 5.467460e+00 -1.045272e+00 -6.134716e+00 -5.224153e+00 -3.460555e-01 1.888870e+00 -2.813625e+00 5.386972e-01 1.198557e+00 1.801789e+00 2.189449e+00 3.674024e-02 5.725157e-01 5.516096e-01 -2.667852e+00 -2.851077e+00 -3.657655e-01 -4.542651e-01 3.861120e-01 -9.059503e-01
<VARIANCE> 25
 2.274998e+01 3.575554e+01 4.141617e+01 6.144353e+01 3.918125e+01 4.848550e+01 5.190960e+01 6.200632e+01 5.947900e+01 3.889392e+01 4.659362e+01 3.609714e+01 2.014034e+00 2.473756e+00 3.502482e+00 4.064611e+00 3.669007e+00 3.856516e+00 5.086916e+00 5.255662e+00 5.413146e+00 4.284478e+00 6.034018e+00 4.033678e+00 4.511393e+00
<GCONST> 1.093302e+02
<STATE> 3
<MEAN> 25
 8.680368e+00 9.343294e-01 5.479488e+00 4.180039e+00 -1.844450e+00 6.825037e+00 -5.277804e-01 -1.174468e+01 -1.136564e+01 -1.468412e+00 -1.905398e-01 -1.209759e+00 -1.991482e-02 1.366748e-01 3.182025e-01 2.108724e-01 5.642060e-02 2.561679e-01 1.638456e-01 -2.085602e-01 -4.347741e-01 -2.974407e-01 -3.456043e-01 1.500379e-01 -4.983519e-02
<VARIANCE> 25
 9.394297e+00 2.329967e+01 2.227421e+01 3.819479e+01 3.720622e+01 5.250023e+01 6.479834e+01 5.869691e+01 4.761752e+01 5.399208e+01 5.975322e+01 4.093853e+01 5.052583e-01 1.153485e+00 1.128997e+00 1.635893e+00 1.625600e+00 1.832194e+00 1.839491e+00 2.305408e+00 2.372759e+00 2.023859e+00 2.422796e+00 1.667981e+00 1.582449e+00
<GCONST> 9.559122e+01
<STATE> 4
<MEAN> 25
 7.367540e+00 8.402543e-01 4.281006e+00 1.619315e+00 -9.299309e-01 6.484658e+00 2.324156e-01 -7.761878e+00 -8.481324e+00 -3.064179e+00 -1.816127e+00 -1.190841e+00 -1.164066e-01 -3.157634e-01 -1.107657e+00 -1.254943e+00 -6.280330e-02 -4.054169e-01 -1.485426e-01 1.320841e+00 1.465644e+00 3.536808e-01 5.432214e-01 -2.266480e-01 5.824211e-01
<VARIANCE> 25
 1.637137e+01 2.678323e+01 3.716029e+01 4.614760e+01 4.687863e+01 5.440096e+01 5.157213e+01 5.249232e+01 5.715329e+01 4.215754e+01 5.544699e+01 3.727115e+01 7.672126e-01 1.874449e+00 3.178902e+00 3.968785e+00 2.613057e+00 2.644966e+00 2.907126e+00 3.881227e+00 4.536758e+00 2.725901e+00 3.571952e+00 2.578857e+00 2.703099e+00
<GCONST> 1.036304e+02
<TRANSP> 5
 0.000000e+00 1.000000e+00 0.000000e+00 0.000000e+00 0.000000e+00
 0.000000e+00 6.051793e-01 3.948207e-01 0.000000e+00 0.000000e+00
 0.000000e+00 0.000000e+00 7.242496e-01 2.757504e-01 0.000000e+00
 0.000000e+00 0.000000e+00 0.000000e+00 6.724746e-01 3.275254e-01
 0.000000e+00 0.000000e+00 0.000000e+00 0.000000e+00 0.000000e+00
<ENDHMM>
~h "N"
<BEGINHMM>
<NUMSTATES> 5
<STATE> 2
<MEAN> 25
 7.641935e+00 -4.006056e+00 2.840473e+00 1.695521e+00 -3.563203e+00 -1.986121e+00 -4.625002e+00 -3.962464e-01 1.888711e+00 6.821889e-01 -4.237828e+00 -3.138529e+00 6.013775e-01 2.211134e+00 1.853803e+00 2.234657e+00 -5.873716e-01 -5.913321e-01 8.423577e-02 -3.542794e+00 -1.043282e+00 9.823228e-01 -5.671922e-01 6.012378e-01 -2.151317e+00
<VARIANCE> 25
 9.929221e+00 3.589761e+01 4.106215e+01 4.064795e+01 3.882714e+01 4.407568e+01 4.505521e+01 9.917483e+01 5.589878e+01 4.100436e+01 3.927896e+01 3.584111e+01 7.239843e-01 1.931475e+00 3.319841e+00 2.771104e+00 3.747375e+00 4.923778e+00 5.251461e+00 6.058012e+00 5.147825e+00 4.706274e+00 4.817077e+00 3.268689e+00 1.065014e+00
<GCONST> 1.050164e+02
<STATE> 3
<MEAN> 25
 8.539564e+00 1.516841e+00 7.129696e+00 5.977523e+00 -5.621047e+00 -1.428212e+00 -3.465212e+00 -9.245815e+00 -1.509479e+00 2.862763e+00 -4.626522e+00 -1.056378e+00 4.950634e-02 7.180949e-01 2.358433e-01 3.303753e-01 8.612709e-02 1.464591e-01 2.742586e-01 -4.950652e-01 -4.973523e-01 1.301288e-01 -9.307150e-02 2.748319e-01 -7.469026e-01
<VARIANCE> 25
 8.299979e+00 1.894619e+01 2.565185e+01 2.955050e+01 3.155056e+01 4.628353e+01 5.364983e+01 6.177235e+01 5.374585e+01 4.553003e+01 4.947860e+01 4.326034e+01 3.981155e-01 1.138135e+00 1.219777e+00 1.168475e+00 1.767810e+00 1.859916e+00 2.210507e+00 3.087422e+00 2.468767e+00 2.034850e+00 2.055417e+00 1.706685e+00 8.924597e-01
<GCONST> 9.392820e+01
<STATE> 4
<MEAN> 25
 5.370909e+00 4.209540e+00 5.694190e+00 6.748742e+00 -8.141499e-01 -1.818727e+00 -8.719834e-01 -5.796927e+00 -2.389966e+00 6.927481e-01 -5.174785e+00 1.675085e-01 -8.056235e-01 2.999420e-02 -5.418608e-01 -3.615565e-01 8.018650e-01 1.110399e-01 1.609628e-01 9.992416e-01 6.029127e-02 -5.185599e-01 4.009800e-01 -3.278843e-02 -9.160534e-01
<VARIANCE> 25
 2.580198e+01 3.219278e+01 3.073056e+01 3.447495e+01 4.600497e+01 3.739286e+01 5.058691e+01 6.289825e+01 4.837426e+01 4.543648e+01 4.915137e+01 3.707606e+01 1.366443e+00 2.592493e+00 2.279826e+00 2.559202e+00 3.075877e+00 2.950011e+00 3.511151e+00 4.663970e+00 3.424200e+00 2.979152e+00 2.941346e+00 2.474803e+00 3.485599e+00
<GCONST> 1.039392e+02
<TRANSP> 5
 0.000000e+00 1.000000e+00 0.000000e+00 0.000000e+00 0.000000e+00
 0.000000e+00 6.322061e-01 3.677939e-01 0.000000e+00 0.000000e+00
 0.000000e+00 0.000000e+00 7.459053e-01 2.540947e-01 0.000000e+00
 0.000000e+00 0.000000e+00 0.000000e+00 7.053888e-01 2.946112e-01
 0.000000e+00 0.000000e+00 0.000000e+00 0.000000e+00 0.000000e+00
<ENDHMM>
~h "O"
<BEGINHMM>
<NUMSTATES> 5
<STATE> 2
<MEAN> 25
 5.974445e+00 7.400331e-02 -5.623745e+00 -9.177821e+00 -2.799186e+00 5.941226e+00 -4.418902e+00 -1.747895e+00 8.053319e-01 1.768366e+00 3.927136e+00 -4.152694e-01 1.899345e+00 -4.191930e-01 -6.760222e-01 -3.010047e+00 -1.450885e+00 2.487512e+00 -3.800579e-01 -1.658614e-01 5.571084e-01 -4.156567e-03 1.337809e+00 -4.456136e-01 2.155479e+00
<VARIANCE> 25
 3.027340e+01 3.450695e+01 4.519746e+01 8.026932e+01 5.723719e+01 5.524951e+01 7.161073e+01 5.367190e+01 5.973615e+01 5.294134e+01 4.364328e+01 3.431356e+01 4.429688e+00 3.094863e+00 6.435452e+00 6.106961e+00 7.379671e+00 5.569299e+00 5.627443e+00 6.677998e+00 5.453661e+00 5.571445e+00 4.718935e+00 3.820015e+00 5.050363e+00
<GCONST> 1.143357e+02
<STATE> 3
<MEAN> 25
 8.720586e+00 -1.661955e+00 -6.751315e+00 -1.576867e+01 -5.672140e+00 1.260065e+01 -3.935242e+00 -2.238290e+00 1.885739e+00 1.956460e-01 7.527984e+00 -6.624134e-01 1.672032e-01 -1.655972e-01 -2.395944e-01 -9.223782e-01 -3.245992e-02 9.171265e-01 3.590423e-01 -1.580282e-02 -6.048607e-02 -2.860921e-01 4.038919e-01 1.214702e-01 2.778218e-01
<VARIANCE> 25
 1.016113e+01 2.780649e+01 2.600210e+01 4.898638e+01 4.053819e+01 3.857684e+01 5.762680e+01 4.676689e+01 4.425995e+01 5.755371e+01 4.226429e+01 3.742502e+01 5.031632e-01 1.523022e+00 1.178981e+00 2.612294e+00 2.110354e+00 2.171866e+00 2.655953e+00 2.534829e+00 3.129138e+00 3.103716e+00 2.140193e+00 2.079525e+00 1.188447e+00
<GCONST> 9.743076e+01
<STATE> 4
<MEAN> 25
 8.005983e+00 1.904709e-01 -6.416945e+00 -1.429498e+01 -3.112423e+00 9.521350e+00 -2.136820e+00 -1.995805e+00 6.539599e-01 1.032999e+00 4.796048e+00 -1.056812e-01 -2.402353e-01 1.707314e-01 3.097158e-01 1.407660e+00 4.329405e-01 -1.100301e+00 5.510860e-02 -6.439415e-02 5.607516e-02 2.863970e-01 -6.760274e-01 -1.588501e-01 -1.120772e+00
<VARIANCE> 25
 1.395796e+01 3.878281e+01 2.929163e+01 5.600657e+01 4.395189e+01 4.290582e+01 6.409587e+01 4.738021e+01 4.937910e+01 5.422529e+01 4.045933e+01 4.138298e+01 8.285232e-01 1.798133e+00 1.579613e+00 3.359436e+00 2.623802e+00 2.893951e+00 3.029009e+00 2.896549e+00 3.107827e+00 3.146111e+00 2.556877e+00 2.255317e+00 2.736998e+00
<GCONST> 1.018259e+02
<TRANSP> 5
 0.000000e+00 1.000000e+00 0.000000e+00 0.000000e+00 0.000000e+00
 0.000000e+00 5.774726e-01 4.225274e-01 0.000000e+00 0.000000e+00
 0.000000e+00 0.000000e+00 7.035988e-01 2.964012e-01 0.000000e+00
 0.000000e+00 0.000000e+00 0.000000e+00 8.230777e-01 1.769223e-01
 0.000000e+00 0.000000e+00 0.000000e+00 0.000000e+00 0.000000e+00
<ENDHMM>
~h "P"
<BEGINHMM>
<NUMSTATES> 5
<STATE> 2
<MEAN> 25
 7.653755e-01 5.263148e+00 -1.511092e+00 9.401429e-01 2.079400e+00 3.083479e-01 2.346976e+00 -2.189651e+00 -7.538432e-01 4.427683e-01 -4.562342e-01 -1.915978e-01 -1.199136e+00 6.820561e-02 -1.380262e-01 3.895236e-01 1.959660e-01 -5.701652e-01 2.311318e-01 2.862470e-01 2.133955e-01 -4.409113e-02 -4.360346e-02 3.901495e-01 -1.133776e+00
<VARIANCE> 25
 4.054403e+01 2.328955e+01 3.032776e+01 3.204171e+01 2.593700e+01 3.741653e+01 3.096322e+01 3.157775e+01 3.602134e+01 2.711626e+01 2.643720e+01 2.640336e+01 1.794985e+00 2.455930e+00 1.962885e+00 2.350505e+00 2.293169e+00 2.656062e+00 2.434800e+00 2.456861e+00 2.777236e+00 2.348455e+00 2.365031e+00 1.994165e+00 7.758711e+00
<GCONST> 9.895509e+01
<STATE> 3
<MEAN> 25
 -3.675330e+00 2.983962e+00 -1.338637e+00 2.050250e+00 2.402152e+00 -1.666130e+00 2.009018e+00 -1.147330e+00 -4.607562e-01 6.064409e-02 -2.582089e-01 1.633106e+00 3.306062e-01 -2.092265e+00 -7.609487e-01 -1.166647e+00 -3.475938e-01 1.484886e-01 -7.252518e-01 4.674988e-02 2.166191e-01 1.289245e-01 7.357386e-01 5.148306e-02 5.898108e+00
<VARIANCE> 25
 2.298932e+01 2.666365e+01 2.348564e+01 2.455746e+01 2.558357e+01 2.648405e+01 3.196102e+01 2.995552e+01 3.084459e+01 2.233391e+01 2.140050e+01 2.002802e+01 5.431562e+00 3.329684e+00 3.953060e+00 5.130696e+00 3.515120e+00 5.757387e+00 3.839922e+00 4.030359e+00 4.363591e+00 3.384037e+00 3.367429e+00 3.237114e+00 8.064126e+00
<GCONST> 1.035213e+02
<STATE> 4
<MEAN> 25
 4.325424e-01 -2.670022e+00 -4.764005e+00 -3.343069e+00 5.909223e-01 8.567792e-01 1.755978e-01 -1.740764e+00 3.102398e-01 6.931406e-01 1.876810e+00 2.216536e-01 2.795343e+00 -2.054249e+00 -7.622021e-01 -2.790170e+00 -1.131502e+00 1.909494e+00 -1.131642e+00 -7.125893e-02 3.755282e-01 2.141012e-01 7.899983e-01 -1.247130e+00 6.198762e+00
<VARIANCE> 25
 4.997521e+01 3.092043e+01 2.722341e+01 6.552303e+01 3.075297e+01 6.389857e+01 3.196383e+01 2.969247e+01 2.861083e+01 2.460044e+01 2.550045e+01 2.651575e+01 4.605893e+00 6.729954e+00 6.120728e+00 8.191240e+00 5.807944e+00 9.095159e+00 5.739301e+00 5.897152e+00 5.829043e+00 4.379927e+00 4.458449e+00 4.994642e+00 1.025481e+01
<GCONST> 1.117963e+02
<TRANSP> 5
 0.000000e+00 1.000000e+00 0.000000e+00 0.000000e+00 0.000000e+00
 0.000000e+00 7.526582e-01 2.473418e-01 0.000000e+00 0.000000e+00
 0.000000e+00 0.000000e+00 3.699268e-01 6.300732e-01 0.000000e+00
 0.000000e+00 0.000000e+00 0.000000e+00 4.274896e-01 5.725104e-01
 0.000000e+00 0.000000e+00 0.000000e+00 0.000000e+00 0.000000e+00
<ENDHMM>
~h "Q"
<BEGINHMM>
<NUMSTATES> 5
<STATE> 2
<MEAN> 25
 -3.974360e+00 -2.031051e-01 -4.046757e+00 1.015879e+00 4.130399e+00 -1.859983e+00 4.576592e-01 -1.784510e+00 7.618600e-02 2.793928e+00 -2.238189e-01 6.368860e-01 -1.412152e-01 -3.887710e-01 -8.296149e-01 -3.130960e-01 6.181060e-01 2.511609e-01 2.607175e-01 2.442783e-01 4.716865e-02 1.136820e-01 -2.880003e-01 1.728082e-01 1.356809e-01
<VARIANCE> 25
 4.697301e+01 5.907500e+01 6.401505e+01 4.180993e+01 6.345577e+01 7.671839e+01 6.456268e+01 5.525440e+01 4.274082e+01 4.543778e+01 3.750557e+01 3.891427e+01 5.013948e+00 7.196486e+00 6.203892e+00 5.284442e+00 6.791121e+00 5.820575e+00 5.044331e+00 5.103566e+00 4.393349e+00 4.584722e+00 3.881051e+00 3.432982e+00 1.565105e+01
<GCONST> 1.156389e+02
<STATE> 3
<MEAN> 25
 -2.973059e+00 1.346660e-02 -5.041783e+00 -1.365687e+00 2.418340e+00 -1.072510e+00 1.237472e+00 -1.189166e+00 -7.487252e-01 2.792454e+00 -1.643549e+00 7.773260e-01 -4.754885e-02 5.054951e-01 7.673573e-02 4.452131e-02 -1.130052e-01 -5.081022e-02 3.551588e-01 4.175933e-01 -1.800009e-01 -2.565830e-01 5.057290e-02 7.456349e-02 -8.902082e-01
<VARIANCE> 25
 3.458745e+01 4.149980e+01 6.677602e+01 6.286969e+01 4.838845e+01 5.310598e+01 4.745065e+01 5.470090e+01 5.479598e+01 3.667058e+01 2.941816e+01 3.245947e+01 1.708449e+00 2.692487e+00 3.140067e+00 2.917284e+00 3.137507e+00 2.512329e+00 2.221364e+00 3.324062e+00 2.856506e+00 2.385818e+00 2.382685e+00 2.288690e+00 5.661910e+00
<GCONST> 1.048928e+02
<STATE> 4
<MEAN> 25
 -4.329916e+00 1.491506e+00 -3.090596e+00 2.927264e+00 1.491373e+00 -2.886020e+00 3.130222e+00 -2.257869e-01 -9.557551e-01 4.432447e-02 4.148895e-02 1.882782e+00 -3.572000e-02 3.495980e-02 3.368136e-02 4.968610e-02 8.021085e-02 6.043277e-02 5.427352e-02 9.498052e-02 2.529648e-02 -5.866208e-02 -4.799167e-02 -4.090052e-02 -7.554375e-02
<VARIANCE> 25
 1.392214e+01 2.406423e+01 2.174863e+01 2.221991e+01 1.986960e+01 2.342293e+01 2.620218e+01 2.353377e+01 2.281598e+01 2.405128e+01 2.130570e+01 1.701678e+01 5.721346e-01 1.008401e+00 1.126527e+00 1.092227e+00 1.290492e+00 1.509652e+00 1.608508e+00 1.962700e+00 1.781168e+00 1.884597e+00 1.730095e+00 1.580410e+00 8.630019e-01
<GCONST> 8.625307e+01
<TRANSP> 5
 0.000000e+00 1.000000e+00 0.000000e+00 0.000000e+00 0.000000e+00
 0.000000e+00 8.087170e-01 1.912830e-01 0.000000e+00 0.000000e+00
 0.000000e+00 0.000000e+00 6.178281e-01 3.821720e-01 0.000000e+00
 0.000000e+00 0.000000e+00 0.000000e+00 8.817246e-01 1.182754e-01
 0.000000e+00 0.000000e+00 0.000000e+00 0.000000e+00 0.000000e+00
<ENDHMM>
~h "R"
<BEGINHMM>
<NUMSTATES> 5
<STATE> 2
<MEAN> 25
 5.975521e+00 -6.060762e+00 -4.655338e+00 -3.316862e-01 -3.337070e+00 -1.012311e+00 -4.964150e+00 5.245845e-01 7.192433e+00 2.495495e+00 -2.286237e-01 -3.070539e+00 4.708738e-01 -8.818713e-02 9.899706e-02 1.574824e+00 -3.848469e-01 -3.015431e-01 -8.586991e-01 -3.007120e-01 6.197680e-01 -1.184185e-01 2.038216e-01 1.428922e-01 -8.341504e-01
<VARIANCE> 25
 1.869253e+01 2.505074e+01 4.027159e+01 3.901419e+01 4.648162e+01 4.678180e+01 5.334715e+01 7.211272e+01 5.235608e+01 4.179603e+01 4.093769e+01 3.693911e+01 2.218133e+00 2.339387e+00 3.306587e+00 5.244686e+00 5.163058e+00 5.114580e+00 4.923995e+00 5.363147e+00 5.424104e+00 4.979448e+00 4.598994e+00 3.539348e+00 3.567271e+00
<GCONST> 1.088120e+02
<STATE> 3
<MEAN> 25
 6.981067e+00 -5.704443e+00 -3.590006e+00 2.763137e+00 -3.888431e+00 -1.705140e+00 -7.061962e+00 2.291371e-01 7.019883e+00 2.559898e+00 8.702576e-01 -2.841604e+00 1.586661e-03 2.540743e-01 5.471870e-01 5.838334e-01 2.614665e-01 -3.620318e-01 -2.239680e-01 3.079962e-02 -6.973084e-01 -1.338119e-01 1.888886e-01 4.426483e-01 -9.626436e-01
<VARIANCE> 25
 1.644255e+01 2.346084e+01 4.165001e+01 3.459222e+01 5.249634e+01 4.855832e+01 5.220399e+01 6.865099e+01 5.355490e+01 4.520725e+01 3.919554e+01 3.495610e+01 2.075510e+00 2.409469e+00 3.188168e+00 3.360271e+00 5.306269e+00 4.880852e+00 4.589158e+00 5.364106e+00 4.942339e+00 4.172745e+00 3.928806e+00 3.577061e+00 3.402786e+00
<GCONST> 1.075500e+02
<STATE> 4
<MEAN> 25
 4.381510e+00 -3.824733e+00 -2.412620e+00 3.044167e+00 -5.483152e-01 -2.289323e+00 -4.357336e+00 5.554729e-01 3.975303e+00 1.214790e+00 2.099916e-01 -9.139560e-01 -2.873660e-01 3.296601e-01 4.614490e-01 -1.136565e-01 1.251413e-01 2.398413e-03 3.796708e-01 7.232451e-02 -8.520740e-01 -2.321603e-01 8.489799e-02 3.328298e-01 -6.171020e-01
<VARIANCE> 25
 3.460698e+01 3.015271e+01 5.147180e+01 3.444847e+01 5.654130e+01 5.384851e+01 5.868249e+01 5.922362e+01 4.895633e+01 4.309060e+01 4.164786e+01 3.311343e+01 2.080147e+00 2.476223e+00 2.796876e+00 2.277962e+00 3.780506e+00 3.406961e+00 3.460736e+00 3.681810e+00 3.837850e+00 2.935444e+00 2.931449e+00 2.543133e+00 3.007976e+00
<GCONST> 1.055592e+02
<TRANSP> 5
 0.000000e+00 1.000000e+00 0.000000e+00 0.000000e+00 0.000000e+00
 0.000000e+00 4.355452e-01 5.644549e-01 0.000000e+00 0.000000e+00
 0.000000e+00 0.000000e+00 3.861182e-01 6.138819e-01 0.000000e+00
 0.000000e+00 0.000000e+00 0.000000e+00 5.756573e-01 4.243427e-01
 0.000000e+00 0.000000e+00 0.000000e+00 0.000000e+00 0.000000e+00
<ENDHMM>
~h "S"
<BEGINHMM>
<NUMSTATES> 5
<STATE> 2
<MEAN> 25
 -6.592501e+00 6.122861e+00 7.618390e-01 1.981249e+00 5.099039e+00 -4.800063e+00 1.221056e+00 2.125804e+00 5.949454e-01 2.756639e-01 -1.277455e+00 2.012314e+00 -4.690691e+00 2.085214e+00 -7.223049e-01 6.179313e-01 1.857955e+00 -3.689383e-01 1.503577e+00 8.446022e-01 2.095051e-01 -2.932527e-01 5.136464e-01 8.230846e-01 -4.626933e-01
<VARIANCE> 25
 7.006728e+01 4.515413e+01 4.658947e+01 3.581427e+01 4.942168e+01 4.267216e+01 6.917996e+01 5.057433e+01 4.635908e+01 3.284194e+01 3.674263e+01 2.843769e+01 2.996679e+00 5.363470e+00 4.492715e+00 4.584217e+00 5.534923e+00 4.705595e+00 5.546209e+00 5.439178e+00 4.363486e+00 3.694147e+00 3.685137e+00 2.892424e+00 2.713179e+00
<GCONST> 1.101334e+02
<STATE> 3
<MEAN> 25
 -2.234883e+01 7.247024e+00 -4.365289e+00 1.436363e+00 7.329115e+00 -3.646257e+00 4.306536e+00 3.798350e+00 1.618263e+00 7.880217e-01 1.875564e+00 4.375653e+00 -8.046070e-01 -4.844218e-01 -4.513288e-01 -2.294276e-01 -1.491912e-01 6.506056e-02 6.680919e-02 6.351773e-02 1.120493e-01 9.854583e-02 2.006865e-01 2.001808e-01 -2.478717e-01
<VARIANCE> 25
 1.793346e+01 2.304124e+01 3.528909e+01 3.487928e+01 3.590336e+01 3.827111e+01 4.845798e+01 3.681937e+01 3.692645e+01 2.376791e+01 2.572175e+01 2.133522e+01 2.971415e+00 1.466303e+00 1.726630e+00 1.416479e+00 1.629439e+00 1.747519e+00 1.868434e+00 1.894181e+00 1.884007e+00 1.745871e+00 1.673173e+00 1.444409e+00 1.020424e+00
<GCONST> 9.365329e+01
<STATE> 4
<MEAN> 25
 -1.492038e+01 3.328116e+00 -3.517978e+00 3.945208e-01 4.666105e+00 -4.574616e+00 1.984551e+00 2.892625e+00 2.124358e+00 3.834736e-01 1.599861e-01 3.029139e+00 4.158162e+00 -5.974965e-01 9.693472e-01 -2.478368e-01 -1.101415e+00 6.633817e-02 -1.390955e+00 -9.133624e-01 -1.031177e-02 -6.483802e-02 -6.950967e-01 -1.057208e+00 1.738278e-01
<VARIANCE> 25
 6.970401e+01 3.020879e+01 4.108213e+01 3.239929e+01 3.686350e+01 4.086200e+01 5.799071e+01 4.042464e+01 3.818340e+01 2.689805e+01 2.911246e+01 2.598856e+01 7.471529e+00 3.813458e+00 4.478035e+00 3.866870e+00 3.631798e+00 4.320126e+00 5.213411e+00 4.700809e+00 4.381361e+00 2.852337e+00 2.952807e+00 2.780479e+00 5.811714e+00
<GCONST> 1.079775e+02
<TRANSP> 5
 0.000000e+00 1.000000e+00 0.000000e+00 0.000000e+00 0.000000e+00
 0.000000e+00 7.110656e-01 2.889344e-01 0.000000e+00 0.000000e+00
 0.000000e+00 0.000000e+00 8.506869e-01 1.493131e-01 0.000000e+00
 0.000000e+00 0.000000e+00 0.000000e+00 7.316460e-01 2.683540e-01
 0.000000e+00 0.000000e+00 0.000000e+00 0.000000e+00 0.000000e+00
<ENDHMM>
~h "T"
<BEGINHMM>
<NUMSTATES> 5
<STATE> 2
<MEAN> 25
 5.188054e-01 4.661792e+00 -1.103115e+00 1.542883e+00 1.826359e+00 -3.560078e+00 -4.980950e-01 -1.320646e+00 2.155821e+00 1.634233e+00 -1.767961e+00 -1.057690e+00 -1.023390e+00 2.229370e-01 -2.210303e-01 1.958147e-01 1.772658e-01 -7.995223e-02 7.154539e-01 8.837384e-02 -1.834909e-01 -2.337200e-01 6.853932e-02 4.230370e-01 -2.010862e+00
<VARIANCE> 25
 3.032732e+01 2.601113e+01 3.438895e+01 3.108051e+01 3.378605e+01 3.397563e+01 4.532660e+01 3.918819e+01 4.094601e+01 3.122971e+01 3.166946e+01 2.715124e+01 2.157827e+00 3.390674e+00 2.343241e+00 2.851296e+00 3.396707e+00 2.762632e+00 3.169240e+00 3.094859e+00 2.898872e+00 2.461726e+00 2.482774e+00 2.204159e+00 8.345684e+00
<GCONST> 1.022285e+02
<STATE> 3
<MEAN> 25
 -4.347951e+00 3.015116e+00 -1.371033e+00 1.816230e+00 2.153680e+00 -3.432158e+00 1.766080e+00 -7.520165e-01 5.177899e-01 3.485284e-01 -9.833934e-01 1.253878e+00 -1.623168e+00 -2.120136e+00 -6.553698e-01 -1.159671e+00 2.946489e-01 -4.171561e-01 -4.306727e-02 6.092337e-01 5.223864e-02 -1.083124e-01 3.781128e-01 5.704783e-01 4.516540e+00
<VARIANCE> 25
 2.864340e+01 3.287844e+01 2.936474e+01 2.730605e+01 2.982912e+01 3.019749e+01 3.684404e+01 3.406592e+01 3.459424e+01 2.472423e+01 2.685045e+01 2.251392e+01 3.410167e+00 3.669535e+00 3.843839e+00 3.709739e+00 3.637793e+00 4.096874e+00 4.229237e+00 4.308793e+00 4.760731e+00 3.131473e+00 3.610642e+00 3.066219e+00 1.184743e+01
<GCONST> 1.049426e+02
<STATE> 4
<MEAN> 25
 -6.155046e+00 -2.741794e+00 -3.424907e+00 -2.284482e+00 1.909045e+00 -4.751158e+00 4.324287e-02 8.046402e-01 1.781174e+00 5.626642e-01 -6.320961e-01 1.252197e+00 1.644487e+00 -1.060359e+00 1.727078e-02 -1.385615e+00 -7.054387e-01 3.562793e-01 -1.656665e+00 -2.258358e-02 6.138481e-01 2.263759e-01 2.818500e-02 -9.869429e-01 5.739246e+00
<VARIANCE> 25
 3.377555e+01 2.685451e+01 2.829536e+01 3.132005e+01 3.212519e+01 3.798576e+01 4.265200e+01 3.373104e+01 3.868069e+01 2.718382e+01 2.889136e+01 2.826876e+01 5.390992e+00 4.867980e+00 6.075188e+00 5.670255e+00 4.981684e+00 6.088768e+00 6.532610e+00 6.231366e+00 7.483500e+00 3.791426e+00 4.603553e+00 4.249361e+00 1.294833e+01
<GCONST> 1.103911e+02
<TRANSP> 5
 0.000000e+00 1.000000e+00 0.000000e+00 0.000000e+00 0.000000e+00
 0.000000e+00 7.386602e-01 2.613398e-01 0.000000e+00 0.000000e+00
 0.000000e+00 0.000000e+00 3.936355e-01 6.063645e-01 0.000000e+00
 0.000000e+00 0.000000e+00 0.000000e+00 5.008345e-01 4.991655e-01
 0.000000e+00 0.000000e+00 0.000000e+00 0.000000e+00 0.000000e+00
<ENDHMM>
~h "U"
<BEGINHMM>
<NUMSTATES> 5
<STATE> 2
<MEAN> 25
 6.359372e+00 4.280558e+00 -1.438390e+00 -3.713039e+00 -3.700651e+00 3.158223e+00 -8.222234e+00 -5.173698e+00 -3.131351e+00 2.143457e-01 3.230661e+00 6.027687e-01 2.175112e+00 1.047287e+00 -2.475134e-01 -2.365528e+00 -1.970858e+00 2.436861e+00 -1.423274e+00 -1.126254e+00 -1.093936e+00 -1.696477e-01 1.520531e+00 6.543853e-02 1.266671e+00
<VARIANCE> 25
 2.442919e+01 3.469280e+01 3.392655e+01 7.053340e+01 4.947263e+01 4.835790e+01 7.707319e+01 6.955154e+01 5.001545e+01 4.634551e+01 3.877719e+01 3.178549e+01 4.358325e+00 3.222603e+00 4.707288e+00 5.288694e+00 5.800983e+00 4.656960e+00 6.679818e+00 7.683983e+00 5.575494e+00 5.483049e+00 4.142591e+00 3.733342e+00 3.942426e+00
<GCONST> 1.123237e+02
<STATE> 3
<MEAN> 25
 9.502568e+00 6.707932e+00 -2.267530e+00 -1.035571e+01 -8.094783e+00 1.011239e+01 -8.496699e+00 -5.687637e+00 -5.628917e+00 -2.410536e+00 6.094509e+00 1.532106e+00 1.944833e-01 6.446074e-02 -1.593206e-01 -6.672902e-01 -1.496111e-01 6.561726e-01 1.083997e-01 -7.723608e-02 -2.040828e-01 -2.746466e-02 3.179501e-01 1.700338e-01 5.446999e-02
<VARIANCE> 25
 1.041740e+01 3.315585e+01 2.447564e+01 5.577169e+01 4.011449e+01 3.774531e+01 5.688692e+01 7.515349e+01 5.397132e+01 5.411345e+01 4.316736e+01 3.915536e+01 5.555966e-01 2.491070e+00 1.338393e+00 3.696752e+00 2.857002e+00 2.591488e+00 3.700873e+00 4.555653e+00 3.590146e+00 3.977671e+00 3.133013e+00 2.524797e+00 1.654971e+00
<GCONST> 1.020876e+02
<STATE> 4
<MEAN> 25
 8.260157e+00 6.333623e+00 -1.904392e+00 -7.394966e+00 -4.238986e+00 5.739025e+00 -6.629070e+00 -5.446030e+00 -4.555169e+00 2.289779e-01 4.000216e+00 8.395103e-01 -5.257999e-01 -3.482393e-01 3.965562e-01 1.532106e+00 9.175531e-01 -1.337360e+00 5.795339e-01 1.098328e-01 7.700040e-01 4.420766e-01 -7.880182e-01 -3.802472e-01 -1.162697e+00
<VARIANCE> 25
 1.462943e+01 4.089432e+01 3.053409e+01 6.536388e+01 4.557934e+01 4.709289e+01 7.639911e+01 6.837667e+01 5.244801e+01 5.387399e+01 4.518819e+01 3.820698e+01 1.181154e+00 2.526790e+00 2.279020e+00 3.721200e+00 3.790545e+00 3.484475e+00 4.388718e+00 4.190452e+00 3.915978e+00 3.881430e+00 3.512887e+00 3.191072e+00 3.618775e+00
<GCONST> 1.067208e+02
<TRANSP> 5
 0.000000e+00 1.000000e+00 0.000000e+00 0.000000e+00 0.000000e+00
 0.000000e+00 5.521897e-01 4.478103e-01 0.000000e+00 0.000000e+00
 0.000000e+00 0.000000e+00 7.179108e-01 2.820892e-01 0.000000e+00
 0.000000e+00 0.000000e+00 0.000000e+00 7.423305e-01 2.576696e-01
 0.000000e+00 0.000000e+00 0.000000e+00 0.000000e+00 0.000000e+00
<ENDHMM>
~h "V"
<BEGINHMM>
<NUMSTATES> 5
<STATE> 2
<MEAN> 25
 -1.914883e+00 2.439875e+00 -2.241686e-02 3.465147e+00 2.984579e+00 1.046371e+00 1.697250e+00 3.737282e-01 -2.807648e-01 7.530401e-01 7.306699e-01 1.511097e+00 -3.729280e+00 8.135191e-02 -9.543536e-02 1.455561e+00 1.164554e+00 -7.067142e-01 5.424418e-01 6.209596e-01 8.831394e-01 5.088390e-02 -3.144657e-01 4.782786e-01 -1.270107e+00
<VARIANCE> 25
 4.828414e+01 2.054570e+01 3.852387e+01 4.554563e+01 3.368645e+01 4.647930e+01 3.443673e+01 3.963106e+01 3.290620e+01 2.430511e+01 2.579276e+01 2.207900e+01 2.659504e+00 4.165702e+00 3.942475e+00 4.860531e+00 5.579161e+00 5.336100e+00 4.409206e+00 5.051937e+00 3.903071e+00 3.466486e+00 3.569698e+00 2.631517e+00 2.307323e+00
<GCONST> 1.054566e+02
<STATE> 3
<MEAN> 25
 -1.360538e+01 -2.533850e+00 -2.994024e+00 4.105208e+00 2.416489e+00 -1.681184e+00 8.471121e-01 1.203197e+00 1.191523e+00 1.411060e+00 8.752007e-01 2.858741e+00 -6.109039e-01 -5.872338e-01 -2.799596e-01 -5.317254e-02 -1.110625e-01 -1.862543e-01 -1.328056e-01 -5.555020e-02 -7.242779e-03 3.507935e-02 -1.091686e-03 3.731387e-02 -6.144881e-02
<VARIANCE> 25
 2.054275e+01 1.959583e+01 2.667495e+01 2.175047e+01 2.519039e+01 2.501640e+01 2.824403e+01 2.729718e+01 2.408901e+01 2.069065e+01 1.999043e+01 1.785043e+01 2.259338e+00 1.401623e+00 1.601338e+00 1.588335e+00 1.713596e+00 1.851526e+00 1.733249e+00 1.691259e+00 1.725538e+00 1.676701e+00 1.602439e+00 1.403462e+00 1.451165e+00
<GCONST> 9.005200e+01
<STATE> 4
<MEAN> 25
 -7.994846e+00 -3.278313e+00 -2.993487e+00 2.911904e+00 2.104335e+00 -1.789387e+00 4.252411e-01 1.322966e+00 1.132246e+00 1.262346e+00 5.021615e-01 1.356582e+00 4.779242e+00 2.965712e-01 6.869863e-01 -1.834426e+00 -1.499309e+00 3.036221e-01 -4.764949e-01 7.436804e-03 -5.986477e-01 -5.168660e-01 3.205837e-01 -1.037706e+00 2.083935e+00
<VARIANCE> 25
 7.026157e+01 2.143702e+01 3.540509e+01 4.340695e+01 2.948636e+01 4.132995e+01 2.842175e+01 3.301083e+01 2.406739e+01 2.074260e+01 1.983839e+01 2.108073e+01 5.469417e+00 4.569271e+00 6.678493e+00 7.378425e+00 4.466292e+00 7.272622e+00 4.220472e+00 4.773038e+00 4.963108e+00 3.072274e+00 3.589170e+00 3.401252e+00 4.070787e+00
<GCONST> 1.070302e+02
<TRANSP> 5
 0.000000e+00 1.000000e+00 0.000000e+00 0.000000e+00 0.000000e+00
 0.000000e+00 7.008429e-01 2.991572e-01 0.000000e+00 0.000000e+00
 0.000000e+00 0.000000e+00 8.498495e-01 1.501505e-01 0.000000e+00
 0.000000e+00 0.000000e+00 0.000000e+00 6.197315e-01 3.802685e-01
 0.000000e+00 0.000000e+00 0.000000e+00 0.000000e+00 0.000000e+00
<ENDHMM>
~h "W"
<BEGINHMM>
<NUMSTATES> 5
<STATE> 2
<MEAN> 25
 8.268315e+00 1.632570e+00 -3.258538e+00 -9.024569e+00 -2.769276e+00 6.583901e+00 -3.236935e+00 -1.616346e+00 -1.722984e+00 9.462072e-01 3.649555e+00 -6.818426e-01 1.507375e+00 1.263133e+00 7.977577e-02 -1.946801e+00 -1.362329e+00 1.269860e+00 -2.257403e-01 -2.762997e-01 -1.102178e+00 -6.918552e-01 8.286386e-01 8.493339e-01 1.676441e-01
<VARIANCE> 25
 2.619321e+01 6.612029e+01 3.491578e+01 7.931266e+01 4.261677e+01 6.031039e+01 6.336015e+01 4.631357e+01 5.216056e+01 4.719751e+01 4.357862e+01 3.943246e+01 2.296847e+00 2.477231e+00 2.510916e+00 3.703880e+00 4.122162e+00 4.160247e+00 3.916223e+00 4.131069e+00 3.461396e+00 3.516717e+00 3.321244e+00 3.467404e+00 4.391294e+00
<GCONST> 1.084410e+02
<STATE> 3
<MEAN> 25
 1.191939e+01 4.912689e+00 -2.188288e+00 -1.644625e+01 -8.976758e+00 1.054813e+01 -4.604146e+00 -4.715602e-01 -2.524284e+00 -2.932172e+00 4.811813e+00 2.046115e+00 -4.722538e-02 -5.205594e-01 -2.751560e-01 -5.234422e-01 5.864013e-03 4.619723e-01 2.316303e-03 -1.760031e-01 2.638966e-01 2.536065e-01 4.199685e-01 8.202441e-02 5.616769e-01
<VARIANCE> 25
 9.618963e+00 3.524586e+01 2.080768e+01 4.747304e+01 3.455604e+01 3.937541e+01 3.974731e+01 4.476018e+01 4.636212e+01 3.758170e+01 3.951787e+01 2.922020e+01 4.580984e-01 2.941489e+00 1.489660e+00 2.403465e+00 2.428961e+00 2.711418e+00 2.318065e+00 2.174226e+00 2.426654e+00 2.965411e+00 2.735044e+00 2.301661e+00 2.107091e+00
<GCONST> 9.751736e+01
<STATE> 4
<MEAN> 25
 8.994679e+00 -4.152007e+00 -6.834005e+00 -1.613244e+01 -2.500742e+00 1.277039e+01 -2.383609e+00 -3.123197e+00 1.818374e+00 2.090958e+00 6.280483e+00 -3.021975e+00 -8.039889e-01 -1.619033e+00 -4.821364e-01 1.274034e+00 1.532315e+00 -6.457034e-01 -8.605495e-04 1.099225e-01 1.197509e+00 7.038198e-01 -1.000892e+00 -1.866323e+00 9.679284e-01
<VARIANCE> 25
 1.114934e+01 3.565882e+01 2.487694e+01 4.435673e+01 3.369539e+01 4.090390e+01 5.032104e+01 3.527957e+01 4.683274e+01 4.246327e+01 4.478780e+01 4.840588e+01 3.846654e-01 1.569502e+00 1.285897e+00 2.136026e+00 2.225099e+00 3.078063e+00 2.100889e+00 2.500880e+00 2.462172e+00 2.324061e+00 2.710431e+00 2.838660e+00 9.434662e-01
<GCONST> 9.674110e+01
<TRANSP> 5
 0.000000e+00 1.000000e+00 0.000000e+00 0.000000e+00 0.000000e+00
 0.000000e+00 6.952848e-01 3.047152e-01 0.000000e+00 0.000000e+00
 0.000000e+00 0.000000e+00 7.874493e-01 2.125507e-01 0.000000e+00
 0.000000e+00 0.000000e+00 0.000000e+00 7.290217e-01 2.709783e-01
 0.000000e+00 0.000000e+00 0.000000e+00 0.000000e+00 0.000000e+00
<ENDHMM>
~h "X"
<BEGINHMM>
<NUMSTATES> 5
<STATE> 2
<MEAN> 25
 -1.937825e+01 -1.790111e+00 -3.633073e+00 6.912415e+00 3.417702e+00 -7.881028e+00 3.356464e+00 4.525024e+00 4.192389e+00 4.414117e-01 4.472624e+00 4.846707e+00 -2.576267e+00 1.064582e+00 1.715728e-01 3.236741e-01 1.103885e+00 1.622670e-01 3.672112e-01 5.308028e-01 8.238226e-01 -3.609178e-01 2.272521e-01 1.680465e-01 2.496591e-01
<VARIANCE> 25
 4.955349e+01 1.538517e+01 5.794421e+01 2.253283e+01 2.395077e+01 2.673368e+01 4.870337e+01 2.336768e+01 2.363459e+01 2.681087e+01 2.351723e+01 3.141692e+01 7.500806e+00 2.914457e+00 2.560191e+00 1.353785e+00 2.094883e+00 1.914997e+00 4.995271e+00 3.504632e+00 3.518552e+00 3.378096e+00 2.455326e+00 2.291330e+00 5.971941e+00
<GCONST> 1.008828e+02
<STATE> 3
<MEAN> 25
 -2.185698e+01 5.045648e+00 -5.825409e+00 4.843400e+00 5.713702e+00 -6.785827e+00 4.660639e+00 4.304293e+00 3.478104e+00 -2.163272e-01 3.133136e+00 3.960039e+00 5.993059e-01 5.263028e-01 2.665877e-01 -6.005712e-01 1.862945e-01 1.122006e-01 -6.536891e-02 -1.753676e-01 -4.501323e-01 -2.251947e-01 -2.075615e-01 -1.582789e-02 -9.910347e-01
<VARIANCE> 25
 2.493081e+01 1.802490e+01 5.808167e+01 2.068425e+01 1.405144e+01 2.363536e+01 3.440440e+01 2.999101e+01 3.102089e+01 1.876295e+01 1.508140e+01 2.049078e+01 1.320453e+00 1.541629e+00 1.571419e+00 1.789991e+00 1.685881e+00 2.038250e+00 1.570448e+00 1.994247e+00 3.186540e+00 1.430879e+00 1.258436e+00 1.239459e+00 1.097113e+00
<GCONST> 9.016601e+01
<STATE> 4
<MEAN> 25
 -8.274116e+00 1.606143e-01 -3.469918e+00 4.133648e+00 4.348559e+00 -2.694719e+00 2.808622e+00 3.483725e-01 -4.067045e-02 -1.866845e+00 3.050803e+00 8.930024e-01 2.949527e-01 1.337156e-04 3.485735e-01 1.768066e-02 -1.034660e-01 4.076535e-01 -1.202781e-01 7.837337e-02 5.642014e-02 7.688809e-03 5.440431e-02 -2.251378e-02 -4.216332e-01
<VARIANCE> 25
 3.564425e+01 3.949312e+01 1.862098e+01 1.398275e+01 2.135279e+01 1.298608e+01 2.226517e+01 3.826578e+01 1.291723e+01 1.538701e+01 1.423854e+01 1.974786e+01 1.076605e+00 1.121080e+00 1.102773e+00 9.206665e-01 1.209400e+00 2.140710e+00 1.372709e+00 1.620664e+00 1.168337e+00 1.128003e+00 9.319761e-01 1.669810e+00 1.050055e+00
<GCONST> 8.478378e+01
<TRANSP> 5
 0.000000e+00 1.000000e+00 0.000000e+00 0.000000e+00 0.000000e+00
 0.000000e+00 8.146728e-01 1.853271e-01 0.000000e+00 0.000000e+00
 0.000000e+00 0.000000e+00 8.673659e-01 1.326341e-01 0.000000e+00
 0.000000e+00 0.000000e+00 0.000000e+00 8.802810e-01 1.197189e-01
 0.000000e+00 0.000000e+00 0.000000e+00 0.000000e+00 0.000000e+00
<ENDHMM>
~h "Y"
<BEGINHMM>
<NUMSTATES> 5
<STATE> 2
<MEAN> 25
 5.794462e-01 -1.593076e+00 8.968801e+00 -2.306330e+00 -7.666363e+00 -4.869493e+00 -2.237800e+00 4.274416e+00 -2.510319e+00 -5.990396e-01 2.196102e+00 7.849880e-01 -1.007485e-01 1.026666e+00 2.829572e+00 8.076933e-03 -1.729058e+00 -5.549018e-01 -9.779710e-01 -7.125905e-01 -1.626959e+00 -1.262929e-02 1.470414e+00 6.868702e-01 5.522838e-01
<VARIANCE> 25
 2.814234e+01 6.214406e+01 6.472784e+01 4.040050e+01 5.847702e+01 5.143196e+01 5.458704e+01 7.167461e+01 5.452351e+01 4.175699e+01 3.937816e+01 2.757444e+01 2.193395e+00 2.426397e+00 3.343524e+00 2.808638e+00 3.855934e+00 3.743130e+00 4.155252e+00 4.707271e+00 3.623230e+00 4.059691e+00 3.014084e+00 2.704125e+00 4.503026e+00
<GCONST> 1.081300e+02
<STATE> 3
<MEAN> 25
 4.170948e-01 2.058514e+00 1.843810e+01 -1.933963e+00 -1.246479e+01 -4.164680e+00 -7.108106e+00 -8.367206e-01 -8.532436e+00 -4.912182e-01 6.058289e+00 2.058579e+00 1.293547e-01 -6.041614e-01 -4.862587e-01 -2.083503e-01 -5.080816e-01 -4.221023e-01 4.163904e-02 4.894862e-01 4.871830e-01 2.322815e-01 2.844279e-01 2.302305e-01 6.786321e-01
<VARIANCE> 25
 9.937597e+00 2.986186e+01 3.777911e+01 3.899493e+01 2.675217e+01 4.083423e+01 3.402978e+01 4.086592e+01 4.280804e+01 6.013065e+01 3.193767e+01 3.029579e+01 6.176640e-01 2.422224e+00 3.491257e+00 1.566227e+00 2.233665e+00 2.118237e+00 2.423710e+00 3.760657e+00 3.314976e+00 2.079221e+00 1.597741e+00 1.387873e+00 2.172692e+00
<GCONST> 9.726544e+01
<STATE> 4
<MEAN> 25
 2.261943e+00 -5.637595e+00 7.483676e+00 -4.629526e+00 -1.230308e+01 -7.629460e+00 -1.900720e+00 8.401368e+00 5.523006e-01 -5.868770e-01 3.881901e+00 1.531966e+00 4.157856e-01 -1.362527e+00 -2.635620e+00 -2.476735e-01 1.528277e+00 5.664058e-01 1.018688e+00 1.546966e+00 1.812814e+00 -7.136204e-01 -1.870334e+00 -1.056042e+00 5.874827e-01
<VARIANCE> 25
 9.486485e+00 2.243900e+01 3.857014e+01 3.272343e+01 2.884764e+01 2.941516e+01 4.654719e+01 5.477362e+01 4.315520e+01 3.750464e+01 3.811883e+01 2.599854e+01 3.592267e-01 1.218822e+00 2.282384e+00 1.224043e+00 2.459203e+00 1.856316e+00 2.626489e+00 3.412716e+00 2.647500e+00 3.219104e+00 2.587176e+00 1.738194e+00 6.086407e-01
<GCONST> 9.438605e+01
<TRANSP> 5
 0.000000e+00 1.000000e+00 0.000000e+00 0.000000e+00 0.000000e+00
 0.000000e+00 7.349612e-01 2.650388e-01 0.000000e+00 0.000000e+00
 0.000000e+00 0.000000e+00 7.910057e-01 2.089943e-01 0.000000e+00
 0.000000e+00 0.000000e+00 0.000000e+00 7.249422e-01 2.750578e-01
 0.000000e+00 0.000000e+00 0.000000e+00 0.000000e+00 0.000000e+00
<ENDHMM>
~h "Z"
<BEGINHMM>
<NUMSTATES> 5
<STATE> 2
<MEAN> 25
 -2.407311e+00 8.932978e+00 2.625099e+00 4.698389e+00 2.210394e+00 -8.079581e+00 -3.403683e+00 -4.461124e-01 8.362620e-01 -6.076207e-01 -2.211310e+00 3.030392e+00 -2.235628e+00 2.585293e+00 -5.017181e-01 1.063869e+00 1.614066e+00 -2.567953e-01 9.888953e-01 2.007776e-02 2.239571e-01 -2.737587e-01 5.084022e-02 4.840797e-01 -6.287258e-01
<VARIANCE> 25
 3.679342e+01 4.339679e+01 3.905011e+01 3.489198e+01 4.530388e+01 3.770126e+01 6.098648e+01 3.904734e+01 4.325753e+01 3.354934e+01 2.967518e+01 2.751960e+01 2.779777e+00 3.465986e+00 3.138246e+00 3.412454e+00 3.452402e+00 3.766265e+00 4.278712e+00 5.163527e+00 3.618400e+00 2.957984e+00 3.018866e+00 2.527191e+00 2.374457e+00
<GCONST> 1.053078e+02
<STATE> 3
<MEAN> 25
 -1.273559e+01 1.519792e+01 1.970553e+00 7.241481e+00 7.669169e+00 -6.380427e+00 4.873106e-01 1.225420e+00 3.804895e-01 -3.428541e-01 -5.082650e-01 4.162678e+00 -9.365782e-01 -1.508308e-01 1.013757e-01 3.973036e-02 1.499627e-01 2.509833e-01 1.343721e-01 7.671873e-02 -1.074772e-01 -3.641726e-03 2.598102e-01 1.364234e-01 2.774514e-01
<VARIANCE> 25
 4.700726e+01 2.743196e+01 3.271067e+01 3.871756e+01 3.633960e+01 3.773116e+01 5.322252e+01 3.279238e+01 3.035515e+01 2.361538e+01 2.656615e+01 2.130421e+01 2.555069e+00 1.986398e+00 1.558906e+00 1.367154e+00 2.045895e+00 1.976807e+00 2.244874e+00 1.860737e+00 1.806604e+00 1.478956e+00 1.477746e+00 1.369790e+00 1.897991e+00
<GCONST> 9.539121e+01
<STATE> 4
<MEAN> 25
 -1.234455e+01 8.342172e+00 1.279976e+00 3.867443e+00 4.238530e+00 -4.500383e+00 -4.290707e-01 1.378076e+00 1.251554e+00 -4.695363e-01 6.965965e-01 4.102604e+00 1.830044e+00 -1.381478e+00 4.469571e-01 -5.170451e-01 -1.574619e+00 -4.630275e-01 -9.566972e-01 -4.292820e-01 2.515668e-01 7.367956e-02 -3.648181e-02 -5.125730e-02 1.035043e+00
<VARIANCE> 25
 6.663057e+01 4.148493e+01 5.763690e+01 3.547039e+01 3.979488e+01 4.817706e+01 5.670841e+01 3.706065e+01 3.855915e+01 2.235188e+01 2.725336e+01 2.156251e+01 5.604823e+00 3.833547e+00 2.783387e+00 2.712199e+00 3.877990e+00 2.740318e+00 3.332600e+00 3.471877e+00 3.297581e+00 1.992908e+00 1.978201e+00 1.836097e+00 2.359300e+00
<GCONST> 1.037703e+02
<TRANSP> 5
 0.000000e+00 1.000000e+00 0.000000e+00 0.000000e+00 0.000000e+00
 0.000000e+00 7.388588e-01 2.611413e-01 0.000000e+00 0.000000e+00
 0.000000e+00 0.000000e+00 8.075966e-01 1.924035e-01 0.000000e+00
 0.000000e+00 0.000000e+00 0.000000e+00 7.623399e-01 2.376601e-01
 0.000000e+00 0.000000e+00 0.000000e+00 0.000000e+00 0.000000e+00
<ENDHMM>
~h "e"
<BEGINHMM>
<NUMSTATES> 5
<STATE> 2
<MEAN> 25
 4.431843e+00 -7.597630e-01 -9.506335e-01 -3.106694e+00 -1.449695e+00 -8.834381e-01 -5.502778e+00 -1.748862e+00 7.107385e-01 2.850060e+00 1.639110e+00 -1.043159e+00 2.227968e+00 -1.180702e+00 -1.979885e-01 -1.817273e+00 -1.315137e+00 6.496796e-01 -2.116155e+00 6.698936e-01 1.474976e+00 1.125421e+00 7.887394e-01 -1.389024e+00 2.713854e+00
<VARIANCE> 25
 2.852062e+01 2.622479e+01 3.750100e+01 5.124926e+01 4.119447e+01 6.858281e+01 5.446161e+01 5.098603e+01 5.533233e+01 3.583492e+01 4.085533e+01 2.743749e+01 6.340012e+00 3.672961e+00 6.798454e+00 5.760491e+00 6.367457e+00 6.100443e+00 6.902093e+00 8.805367e+00 7.855937e+00 5.108696e+00 5.570940e+00 4.195683e+00 5.155519e+00
<GCONST> 1.136812e+02
<STATE> 3
<MEAN> 25
 6.493135e+00 -3.823474e+00 -1.607908e+00 -5.538255e+00 -3.163571e+00 6.689534e-01 -8.674489e+00 1.796882e-01 3.492280e+00 4.548913e+00 2.735757e+00 -3.326305e+00 1.085200e+00 -9.147571e-01 -2.463412e-02 -6.248188e-01 -7.732137e-01 5.331498e-01 -1.030120e+00 6.026884e-01 1.093631e+00 5.901163e-01 2.006931e-01 -9.407367e-01 9.733915e-01
<VARIANCE> 25
 1.449206e+01 2.556484e+01 4.088619e+01 5.130354e+01 4.236836e+01 7.015499e+01 5.579747e+01 5.864637e+01 5.810924e+01 4.168363e+01 4.720024e+01 3.427791e+01 2.684507e+00 2.347959e+00 3.157895e+00 4.502636e+00 4.371080e+00 5.182098e+00 4.303103e+00 7.339767e+00 6.319517e+00 4.065396e+00 4.536128e+00 3.189295e+00 2.746622e+00
<GCONST> 1.087789e+02
<STATE> 4
<MEAN> 25
 6.248948e+00 -2.880614e+00 -7.496383e-01 -4.680495e+00 -3.469711e+00 -4.310471e-01 -9.404499e+00 6.687142e-01 4.103668e+00 5.120683e+00 2.240456e+00 -3.931899e+00 7.593129e-02 3.983805e-01 2.527937e-01 6.939998e-01 7.840927e-02 -1.113796e-01 4.810081e-01 -2.993800e-01 -1.353399e-01 -3.044448e-01 -2.842558e-01 1.401195e-01 -9.877483e-01
<VARIANCE> 25
 1.332654e+01 2.736465e+01 3.867596e+01 4.821404e+01 4.804366e+01 6.007408e+01 6.121508e+01 5.808384e+01 5.986715e+01 4.357873e+01 4.481112e+01 3.578966e+01 8.888194e-01 1.859878e+00 1.578761e+00 2.932168e+00 2.518611e+00 3.147110e+00 2.857249e+00 3.589374e+00 3.759303e+00 2.811309e+00 2.754934e+00 2.106649e+00 3.166171e+00
<GCONST> 1.024696e+02
<TRANSP> 5
 0.000000e+00 1.000000e+00 0.000000e+00 0.000000e+00 0.000000e+00
 0.000000e+00 2.244141e-01 7.755859e-01 0.000000e+00 0.000000e+00
 0.000000e+00 0.000000e+00 1.318016e-01 8.681983e-01 0.000000e+00
 0.000000e+00 0.000000e+00 0.000000e+00 6.433400e-01 3.566600e-01
 0.000000e+00 0.000000e+00 0.000000e+00 0.000000e+00 0.000000e+00
<ENDHMM>
~h "AI"
<BEGINHMM>
<NUMSTATES> 5
<STATE> 2
<MEAN> 25
 4.616313e+00 -1.226647e+01 -3.051807e+00 -5.689741e+00 -2.471119e+00 -5.280077e-01 -6.347165e-01 8.578691e+00 6.213683e+00 -2.886843e+00 -4.444794e+00 -4.585392e+00 -2.621092e-01 -2.982442e-01 1.151558e+00 1.664689e-01 -1.283498e+00 -1.199734e+00 8.503848e-01 1.492744e+00 -5.866290e-01 -6.407890e-01 1.849417e-01 7.263781e-01 2.486635e-01
<VARIANCE> 25
 9.348549e+00 1.742541e+01 4.244724e+01 2.649661e+01 4.730813e+01 5.263414e+01 5.028448e+01 4.848579e+01 4.439270e+01 3.706818e+01 3.832463e+01 2.888863e+01 5.382499e-01 1.722481e+00 1.805752e+00 1.611976e+00 2.747903e+00 2.940831e+00 2.370883e+00 3.083126e+00 2.415077e+00 2.495851e+00 3.093243e+00 2.130183e+00 7.487957e-01
<GCONST> 9.656376e+01
<STATE> 3
<MEAN> 25
 2.853158e+00 -7.794264e+00 7.746224e+00 -5.182680e+00 -1.301931e+01 -7.703892e+00 1.328352e-02 9.840552e+00 -1.154413e+00 8.155115e-01 3.660738e+00 1.845896e-01 -3.045774e-01 1.184941e+00 1.814123e+00 4.937385e-02 -1.168759e+00 -3.423186e-01 -4.622187e-01 -1.429948e+00 -1.471227e+00 9.594711e-01 1.363472e+00 4.781081e-01 -5.917230e-01
<VARIANCE> 25
 8.421432e+00 1.646815e+01 3.485112e+01 2.465473e+01 2.414127e+01 3.083031e+01 4.239649e+01 4.413402e+01 3.971742e+01 3.561982e+01 3.802356e+01 2.269562e+01 2.878564e-01 9.529511e-01 1.468374e+00 9.314319e-01 1.860608e+00 1.373107e+00 2.031397e+00 2.384415e+00 2.108358e+00 2.031444e+00 2.126135e+00 1.241930e+00 2.987106e-01
<GCONST> 8.854961e+01
<STATE> 4
<MEAN> 25
 1.617006e+00 3.919051e-01 1.287416e+01 -1.797692e+00 -1.224234e+01 -6.167406e+00 -1.669933e+00 3.763289e-01 -5.618217e+00 2.041563e+00 4.101978e+00 4.810176e-01 7.241716e-02 7.436830e-01 -4.794581e-01 7.298923e-01 1.006510e+00 2.596018e-01 7.916806e-02 -5.515663e-01 1.200791e-01 -2.197419e-01 -4.992392e-01 -1.113463e-01 -1.677081e+00
<VARIANCE> 25
 1.477970e+01 3.699211e+01 4.431771e+01 3.605822e+01 3.647720e+01 4.579798e+01 4.521478e+01 6.028664e+01 4.668274e+01 4.727010e+01 3.968107e+01 2.772287e+01 1.158342e+00 1.947807e+00 2.802543e+00 2.074895e+00 2.801994e+00 2.397060e+00 3.040508e+00 3.455663e+00 3.247323e+00 2.493558e+00 2.094801e+00 1.819653e+00 2.336053e+00
<GCONST> 1.007701e+02
<TRANSP> 5
 0.000000e+00 1.000000e+00 0.000000e+00 0.000000e+00 0.000000e+00
 0.000000e+00 7.861152e-01 2.138849e-01 0.000000e+00 0.000000e+00
 0.000000e+00 0.000000e+00 7.790812e-01 2.209188e-01 0.000000e+00
 0.000000e+00 0.000000e+00 0.000000e+00 8.539768e-01 1.460232e-01
 0.000000e+00 0.000000e+00 0.000000e+00 0.000000e+00 0.000000e+00
<ENDHMM>
~h "AU"
<BEGINHMM>
<NUMSTATES> 5
<STATE> 2
<MEAN> 25
 5.187672e+00 -7.364659e+00 -8.370140e+00 -1.079354e+01 1.084727e+00 7.757372e+00 -3.120028e+00 -1.055441e-01 6.003037e+00 2.559057e+00 -5.470071e-01 -7.038014e+00 7.019808e-01 -4.315335e-01 -6.349096e-01 -1.443615e+00 1.893739e-01 1.900359e+00 -1.275740e-01 -5.049402e-01 1.510258e-01 6.147256e-02 8.244123e-01 -6.662494e-01 8.283856e-01
<VARIANCE> 25
 1.290808e+01 2.691506e+01 2.825934e+01 4.007279e+01 3.643796e+01 5.004002e+01 5.299304e+01 4.647810e+01 4.147269e+01 3.987307e+01 4.161951e+01 3.039834e+01 1.750830e+00 2.522207e+00 1.814546e+00 2.889683e+00 3.006740e+00 3.922099e+00 3.179453e+00 3.622871e+00 3.143798e+00 3.241821e+00 3.524066e+00 3.201005e+00 3.587686e+00
<GCONST> 1.027767e+02
<STATE> 3
<MEAN> 25
 7.637874e+00 -2.513581e+00 -8.131125e+00 -1.679699e+01 -2.529536e+00 1.375333e+01 -3.492117e+00 -3.134744e+00 3.410826e+00 1.010703e+00 5.848880e+00 -2.965942e+00 3.627225e-01 1.129719e+00 2.901295e-01 -6.537746e-01 -6.846803e-01 1.093238e-01 -2.046124e-01 3.999192e-02 -8.548910e-01 -3.719432e-01 4.978391e-01 1.154894e+00 -6.482829e-01
<VARIANCE> 25
 9.003315e+00 2.811546e+01 1.947438e+01 3.260226e+01 3.162613e+01 3.099082e+01 4.487778e+01 3.503801e+01 3.921790e+01 3.963713e+01 3.745425e+01 4.356166e+01 2.851081e-01 1.042397e+00 6.417275e-01 1.175269e+00 1.359803e+00 1.391045e+00 1.653059e+00 1.512875e+00 1.731682e+00 1.830155e+00 1.939030e+00 2.004582e+00 4.141968e-01
<GCONST> 8.861684e+01
<STATE> 4
<MEAN> 25
 9.346620e+00 6.416252e+00 -4.370551e+00 -1.411808e+01 -5.186308e+00 8.147015e+00 -4.819932e+00 -1.423108e+00 -2.583039e+00 -4.842697e-01 3.586875e+00 1.692837e+00 -2.784090e-01 3.247807e-01 4.868782e-01 1.842458e+00 4.052455e-01 -1.113083e+00 1.375068e-01 -1.753772e-01 -1.191021e-01 1.073049e-01 -5.518783e-01 -1.908280e-01 -1.530855e+00
<VARIANCE> 25
 1.591986e+01 3.699739e+01 2.702717e+01 6.678754e+01 4.741616e+01 4.778167e+01 6.562486e+01 5.850028e+01 4.626180e+01 5.611517e+01 3.979255e+01 3.908596e+01 1.200409e+00 2.502973e+00 1.709392e+00 3.939714e+00 3.401563e+00 3.238679e+00 3.534096e+00 3.543896e+00 3.086391e+00 3.336671e+00 2.964864e+00 2.615171e+00 2.071617e+00
<GCONST> 1.040564e+02
<TRANSP> 5
 0.000000e+00 1.000000e+00 0.000000e+00 0.000000e+00 0.000000e+00
 0.000000e+00 7.033088e-01 2.966913e-01 0.000000e+00 0.000000e+00
 0.000000e+00 0.000000e+00 8.547178e-01 1.452822e-01 0.000000e+00
 0.000000e+00 0.000000e+00 0.000000e+00 8.521268e-01 1.478732e-01
 0.000000e+00 0.000000e+00 0.000000e+00 0.000000e+00 0.000000e+00
<ENDHMM>
~h "NG"
<BEGINHMM>
<NUMSTATES> 5
<STATE> 2
<MEAN> 25
 8.011821e+00 -1.925448e+00 -1.576626e-01 -2.100035e+00 -3.341957e+00 3.247713e+00 -6.219834e-03 -2.969088e+00 -2.030052e+00 2.116007e+00 -8.079495e-01 -4.716823e+00 4.691497e-01 1.029221e+00 1.636186e+00 1.010070e+00 -1.646038e+00 2.783108e-01 8.293588e-01 -1.952629e+00 -9.746644e-01 6.493194e-01 -7.267343e-01 1.283938e+00 -1.290981e+00
<VARIANCE> 25
 9.157946e+00 2.920072e+01 4.326042e+01 4.309705e+01 4.988937e+01 4.789716e+01 4.909961e+01 5.393677e+01 5.758664e+01 4.332309e+01 4.403812e+01 4.223484e+01 5.970795e-01 1.720262e+00 3.028942e+00 3.321994e+00 3.587687e+00 3.918698e+00 4.562762e+00 4.645283e+00 5.191449e+00 3.878921e+00 4.100225e+00 3.598055e+00 7.444135e-01
<GCONST> 1.035087e+02
<STATE> 3
<MEAN> 25
 8.605255e+00 4.130399e-01 4.692908e+00 -7.462764e-01 -8.108327e+00 4.863907e+00 1.793064e-01 -6.875502e+00 -2.950877e+00 1.716160e+00 -1.796271e+00 -7.395380e-01 6.528813e-02 4.150125e-01 4.927314e-01 4.268413e-01 -2.386785e-01 -2.502399e-02 1.314291e-01 -4.384411e-01 -2.299708e-01 7.439657e-02 -1.776322e-01 3.133129e-01 -5.338704e-01
<VARIANCE> 25
 8.273146e+00 2.116243e+01 2.728172e+01 4.370885e+01 3.336794e+01 3.782895e+01 5.216859e+01 5.199070e+01 4.612476e+01 4.166349e+01 3.765530e+01 3.601211e+01 3.113115e-01 9.103304e-01 1.317247e+00 1.343881e+00 1.578500e+00 1.640322e+00 1.862571e+00 1.910764e+00 1.944642e+00 1.761712e+00 1.646009e+00 1.567241e+00 5.625472e-01
<GCONST> 9.115023e+01
<STATE> 4
<MEAN> 25
 6.964505e+00 2.986171e+00 4.079135e+00 1.696351e+00 -3.968630e+00 2.800333e+00 2.181058e+00 -5.875413e+00 -4.306727e+00 1.761591e+00 -3.547018e+00 -9.397116e-01 -6.969203e-01 3.356645e-01 -5.514169e-01 1.950173e-01 1.206410e+00 -5.540426e-01 1.080021e-01 7.194037e-01 5.468822e-02 -1.955282e-01 1.501314e-02 -3.032495e-01 -7.966925e-01
<VARIANCE> 25
 1.732256e+01 2.846213e+01 3.239423e+01 4.714554e+01 6.278995e+01 3.941631e+01 4.935346e+01 5.343230e+01 4.640950e+01 4.894749e+01 4.332544e+01 3.680289e+01 1.095252e+00 2.034049e+00 2.298696e+00 2.623256e+00 3.249955e+00 2.846848e+00 2.986243e+00 3.570867e+00 3.279439e+00 2.796245e+00 2.455087e+00 2.544745e+00 2.959559e+00
<GCONST> 1.025953e+02
<TRANSP> 5
 0.000000e+00 1.000000e+00 0.000000e+00 0.000000e+00 0.000000e+00
 0.000000e+00 5.790310e-01 4.209690e-01 0.000000e+00 0.000000e+00
 0.000000e+00 0.000000e+00 7.246525e-01 2.753476e-01 0.000000e+00
 0.000000e+00 0.000000e+00 0.000000e+00 6.784067e-01 3.215933e-01
 0.000000e+00 0.000000e+00 0.000000e+00 0.000000e+00 0.000000e+00
<ENDHMM>
~h "NY"
<BEGINHMM>
<NUMSTATES> 5
<STATE> 2
<MEAN> 25
 5.358943e+00 3.399971e+00 9.050661e+00 -8.176839e-01 -6.290084e+00 -2.622655e+00 -2.236959e+00 -1.069411e+00 -6.817742e+00 -1.042859e+00 2.615193e+00 1.227602e+00 -2.442340e-01 -3.000568e-01 5.620112e-01 -6.474494e-01 -6.103479e-01 1.779455e-01 2.434462e-01 4.972561e-01 -2.590522e-01 -2.112149e-01 3.402453e-01 9.179230e-02 5.473943e-01
<VARIANCE> 25
 1.862464e+01 3.162638e+01 3.650811e+01 6.168145e+01 3.567746e+01 3.890578e+01 4.479131e+01 6.802798e+01 4.800221e+01 4.368663e+01 3.862135e+01 3.870043e+01 2.259848e+00 5.075747e+00 3.647738e+00 5.727819e+00 3.933239e+00 3.966269e+00 4.419589e+00 9.590919e+00 5.056143e+00 3.638987e+00 3.413859e+00 2.840560e+00 3.503016e+00
<GCONST> 1.086716e+02
<STATE> 3
<MEAN> 25
 3.143111e+00 -7.634830e+00 6.451640e+00 -4.840220e+00 -8.067164e+00 -2.121720e+00 7.529168e-01 1.033596e+01 -1.620581e+00 -5.954140e+00 -1.721880e-01 4.125357e-03 2.882576e-01 -1.528953e+00 -1.997682e+00 6.303450e-01 1.422333e+00 1.180775e-01 -5.466587e-02 9.601258e-01 1.562587e+00 -9.802973e-01 -1.428950e+00 -4.343425e-01 4.575953e-01
<VARIANCE> 25
 8.659073e+00 2.266821e+01 3.188968e+01 2.989014e+01 4.029797e+01 2.859213e+01 3.525327e+01 3.836530e+01 4.318137e+01 3.343871e+01 3.461428e+01 2.836218e+01 3.069040e-01 1.432216e+00 1.141036e+00 1.194871e+00 2.092566e+00 1.789286e+00 1.903004e+00 2.976714e+00 1.914387e+00 2.164402e+00 1.687930e+00 1.752885e+00 6.515898e-01
<GCONST> 9.113031e+01
<STATE> 4
<MEAN> 25
 2.527689e+00 -6.733401e+00 -1.162336e+00 1.284148e+00 2.655658e+00 -5.544747e-01 1.390730e+00 7.221273e+00 1.183537e+00 -6.805829e+00 -4.277338e+00 1.264393e-01 -2.624207e-02 7.468206e-02 -6.993444e-01 2.862112e-01 8.561995e-01 2.656437e-01 -1.485790e-01 -4.344859e-01 2.949670e-01 2.707899e-01 -2.576887e-01 -2.583548e-01 -8.492545e-01
<VARIANCE> 25
 1.465564e+01 3.373127e+01 2.980092e+01 3.742328e+01 6.642159e+01 3.264100e+01 4.010384e+01 4.646584e+01 4.074541e+01 3.459088e+01 3.330453e+01 2.830005e+01 5.087190e-01 1.174853e+00 1.549186e+00 1.567292e+00 2.228680e+00 1.539376e+00 1.730381e+00 1.720325e+00 1.912866e+00 1.662956e+00 1.667287e+00 1.640034e+00 1.046403e+00
<GCONST> 9.338275e+01
<TRANSP> 5
 0.000000e+00 1.000000e+00 0.000000e+00 0.000000e+00 0.000000e+00
 0.000000e+00 8.835769e-01 1.164231e-01 0.000000e+00 0.000000e+00
 0.000000e+00 0.000000e+00 7.555165e-01 2.444835e-01 0.000000e+00
 0.000000e+00 0.000000e+00 0.000000e+00 7.182413e-01 2.817587e-01
 0.000000e+00 0.000000e+00 0.000000e+00 0.000000e+00 0.000000e+00
<ENDHMM>
~h "OI"
<BEGINHMM>
<NUMSTATES> 5
<STATE> 2
<MEAN> 25
 7.143189e+00 3.394218e+00 -7.207082e+00 -1.499660e+01 -8.223524e+00 9.036901e+00 3.894230e-01 -2.958972e+00 3.426147e-01 -4.277526e+00 2.701557e+00 2.177404e+00 2.097789e+00 -3.943078e-01 -7.961352e-01 -3.593604e+00 -1.551376e+00 2.145070e+00 -7.561724e-01 -5.145985e-01 9.292336e-02 7.344508e-01 1.182091e+00 1.785064e-01 2.134488e+00
<VARIANCE> 25
 2.377409e+01 2.222295e+01 2.870207e+01 5.555719e+01 5.228965e+01 3.686637e+01 4.362475e+01 3.646177e+01 3.279190e+01 2.781268e+01 3.670126e+01 4.020470e+01 6.172086e+00 3.167156e+00 3.223430e+00 1.040988e+01 5.353535e+00 5.074439e+00 5.793320e+00 3.707718e+00 2.533510e+00 4.129116e+00 4.338914e+00 3.577831e+00 1.821537e+00
<GCONST> 1.071844e+02
<STATE> 3
<MEAN> 25
 7.795601e+00 -3.151364e+00 -8.546412e+00 -1.541188e+01 -4.607643e+00 1.056233e+01 -2.971943e+00 -3.972185e+00 1.349540e+00 4.626864e+00 6.824842e+00 -2.830930e+00 -4.217473e-01 -1.504930e+00 4.032620e-01 1.896965e+00 9.347933e-01 -1.983332e+00 -1.352798e+00 5.866939e-01 8.775499e-01 2.110528e+00 -2.665691e-01 -1.858939e+00 6.674021e-01
<VARIANCE> 25
 1.055682e+01 3.113504e+01 2.965405e+01 4.488224e+01 2.771366e+01 3.909319e+01 6.589141e+01 3.886062e+01 3.971382e+01 5.004216e+01 5.637133e+01 5.753868e+01 2.800482e-01 9.771996e-01 1.559449e+00 2.891089e+00 1.757650e+00 5.330554e+00 2.867319e+00 4.345384e+00 2.853529e+00 3.057853e+00 3.926597e+00 3.128397e+00 4.621115e-01
<GCONST> 9.832317e+01
<STATE> 4
<MEAN> 25
 1.407220e+00 -2.342169e+00 9.324746e+00 -8.141913e-01 -1.045451e+01 -7.355427e+00 -4.774944e+00 1.039848e+00 -4.171481e+00 3.749494e+00 3.436596e+00 -1.058419e+00 -4.759059e-01 4.848314e-01 1.103640e+00 7.283353e-01 -3.769040e-01 -7.412100e-01 4.327792e-01 4.618552e-02 -7.019359e-01 -6.942498e-01 -7.291302e-02 6.476209e-01 -8.610122e-01
<VARIANCE> 25
 2.069072e+01 4.627340e+01 7.714691e+01 3.325973e+01 4.464988e+01 4.895767e+01 5.661984e+01 9.875381e+01 7.323781e+01 4.548816e+01 4.415409e+01 3.150497e+01 8.721175e-01 1.458251e+00 5.501049e+00 2.416147e+00 4.306355e+00 5.708314e+00 3.055119e+00 5.399705e+00 5.304771e+00 2.758938e+00 3.121834e+00 2.940259e+00 1.187684e+00
<GCONST> 1.062341e+02
<TRANSP> 5
 0.000000e+00 1.000000e+00 0.000000e+00 0.000000e+00 0.000000e+00
 0.000000e+00 6.844574e-01 3.155426e-01 0.000000e+00 0.000000e+00
 0.000000e+00 0.000000e+00 7.948940e-01 2.051060e-01 0.000000e+00
 0.000000e+00 0.000000e+00 0.000000e+00 9.198931e-01 8.010694e-02
 0.000000e+00 0.000000e+00 0.000000e+00 0.000000e+00 0.000000e+00
<ENDHMM>
~h "SY"
<BEGINHMM>
<NUMSTATES> 5
<STATE> 2
<MEAN> 25
 -8.479343e+00 4.572423e+00 4.804325e+00 1.607373e+00 2.607190e+00 -3.270890e+00 1.819682e+00 1.949972e+00 -8.089977e-01 -8.432593e-01 -2.711301e-01 2.801301e+00 -4.068025e+00 8.137478e-01 3.232002e-02 -3.044356e-01 1.159263e+00 4.738268e-01 9.004311e-01 4.670811e-01 2.997602e-01 3.929659e-02 7.074969e-01 3.730102e-01 3.644850e-01
<VARIANCE> 25
 7.835850e+01 4.017180e+01 5.338708e+01 3.212057e+01 5.126385e+01 4.445691e+01 4.909143e+01 5.313791e+01 4.085928e+01 3.168321e+01 3.226735e+01 2.486503e+01 4.328281e+00 5.331186e+00 4.653973e+00 3.897885e+00 4.866309e+00 4.731067e+00 5.061074e+00 4.573215e+00 4.153698e+00 3.607045e+00 3.463169e+00 2.824481e+00 3.685860e+00
<GCONST> 1.095071e+02
<STATE> 3
<MEAN> 25
 -2.386667e+01 3.350693e+00 2.580945e+00 -2.735024e+00 4.399041e+00 1.014057e+00 3.663611e+00 3.133763e+00 1.913018e+00 1.863925e+00 3.774809e+00 4.080403e+00 -5.686075e-01 -4.907147e-01 -1.331442e-01 -3.481936e-01 -3.567351e-01 1.897204e-01 1.032353e-01 -5.106742e-02 2.384100e-01 2.682171e-01 2.112070e-01 1.697469e-01 2.232126e-01
<VARIANCE> 25
 1.376084e+01 2.589196e+01 3.399596e+01 2.402913e+01 3.495054e+01 4.482306e+01 3.515877e+01 3.236613e+01 3.276033e+01 2.361756e+01 2.326872e+01 1.905642e+01 1.930022e+00 9.786410e-01 1.210755e+00 1.213284e+00 1.539828e+00 1.548037e+00 1.525140e+00 1.590961e+00 1.527273e+00 1.530740e+00 1.432176e+00 1.266435e+00 5.936146e-01
<GCONST> 8.936627e+01
<STATE> 4
<MEAN> 25
 -1.317874e+01 2.355998e-02 5.819422e+00 -1.956243e+00 -3.609616e+00 -3.223129e+00 1.300321e+00 1.532258e+00 9.540284e-01 1.710499e-01 2.703678e+00 3.957857e+00 4.654677e+00 -7.736853e-01 7.531562e-01 2.657432e-01 -1.739716e+00 -1.337672e+00 -1.338495e+00 2.892681e-01 -2.299720e-01 -6.487873e-01 -5.318280e-01 -6.206344e-01 1.184337e+00
<VARIANCE> 25
 1.109278e+02 2.410572e+01 5.245602e+01 3.157434e+01 5.330581e+01 4.273680e+01 4.675484e+01 3.693501e+01 3.686032e+01 2.718758e+01 2.888628e+01 1.960351e+01 6.475490e+00 3.508302e+00 4.690710e+00 3.060221e+00 3.946924e+00 3.473382e+00 4.128058e+00 4.811384e+00 5.031192e+00 2.748393e+00 2.970438e+00 2.228765e+00 2.254984e+00
<GCONST> 1.064088e+02
<TRANSP> 5
 0.000000e+00 1.000000e+00 0.000000e+00 0.000000e+00 0.000000e+00
 0.000000e+00 7.677430e-01 2.322570e-01 0.000000e+00 0.000000e+00
 0.000000e+00 0.000000e+00 8.758973e-01 1.241027e-01 0.000000e+00
 0.000000e+00 0.000000e+00 0.000000e+00 7.871046e-01 2.128954e-01
 0.000000e+00 0.000000e+00 0.000000e+00 0.000000e+00 0.000000e+00
<ENDHMM>
~h "sp"
<BEGINHMM>
<NUMSTATES> 3
<STATE> 2
~s "silst"
<TRANSP> 3
 0.000000e+00 1.986322e-01 8.013679e-01
 0.000000e+00 9.484154e-01 5.158458e-02
 0.000000e+00 0.000000e+00 0.000000e+00
<ENDHMM>
~h "sil"
<BEGINHMM>
<NUMSTATES> 5
<STATE> 2
<MEAN> 25
 -5.642155e+00 4.752910e-02 -1.076092e+00 3.837280e+00 3.404084e+00 5.602643e-01 4.287343e+00 8.156085e-01 1.293439e-02 -4.738972e-01 -2.192444e-02 2.895640e+00 -1.290946e-01 -1.458256e-01 -5.230090e-02 1.061115e-01 -1.384154e-01 -1.811857e-01 7.161910e-03 1.360448e-01 -8.415890e-02 -1.193578e-01 1.592337e-02 1.590639e-01 -6.950000e-02
<VARIANCE> 25
 2.410131e+01 3.214505e+01 3.948988e+01 4.669818e+01 4.340827e+01 4.784924e+01 4.031485e+01 5.417299e+01 3.765649e+01 3.617610e+01 3.451928e+01 2.923423e+01 1.623517e+00 2.796798e+00 2.607878e+00 3.468142e+00 3.189952e+00 3.388624e+00 2.917335e+00 4.319578e+00 2.967755e+00 3.118641e+00 2.613412e+00 2.485759e+00 2.862615e+00
<GCONST> 1.033582e+02
<STATE> 3
~s "silst"
<STATE> 4
<MEAN> 25
 -4.761698e+00 3.337230e+00 -1.869367e+00 3.563229e+00 3.910223e+00 1.396552e-01 4.223147e+00 7.180185e-01 6.981102e-02 -1.353317e-01 2.588778e-01 2.300280e+00 -1.631953e-02 2.914651e-02 3.908232e-03 -1.772648e-03 1.738438e-02 1.469096e-02 6.577746e-03 -3.583076e-03 1.288541e-03 1.765374e-02 1.284845e-02 -1.159449e-02 -2.827390e-02
<VARIANCE> 25
 6.617280e+00 1.200144e+01 1.477349e+01 1.237564e+01 1.624061e+01 1.985012e+01 2.013834e+01 2.291159e+01 2.061351e+01 1.743831e+01 1.832176e+01 1.468848e+01 1.561935e-01 3.405954e-01 4.976719e-01 6.728213e-01 8.903319e-01 1.087091e+00 1.241594e+00 1.360817e+00 1.416741e+00 1.410243e+00 1.341410e+00 1.211794e+00 9.815178e-02
<GCONST> 7.424068e+01
<TRANSP> 5
 0.000000e+00 1.000000e+00 0.000000e+00 0.000000e+00 0.000000e+00
 0.000000e+00 7.900577e-01 6.282022e-02 1.471221e-01 0.000000e+00
 0.000000e+00 0.000000e+00 9.292673e-01 7.073258e-02 0.000000e+00
 0.000000e+00 3.574850e-02 0.000000e+00 9.466631e-01 1.758835e-02
 0.000000e+00 0.000000e+00 0.000000e+00 0.000000e+00 0.000000e+00
<ENDHMM>
