~o
<STREAMINFO> 1 25
<VECSIZE> 25<NULLD><MFCC_D_N_Z_0><DIAGC>
~h "A"
<BEGINHMM>
<NUMSTATES> 5
<STATE> 2
<MEAN> 25
 4.507031e+00 -9.642020e+00 -5.415092e+00 -6.590846e+00 -2.185891e-01 2.419167e+00 -2.214316e+00 5.391231e+00 5.611518e+00 -5.685674e-01 -2.514874e+00 -5.675559e+00 2.937186e-01 -1.551282e+00 -1.024775e+00 -5.026980e-01 1.002123e+00 9.450992e-01 4.408730e-01 6.123288e-01 6.645815e-01 -8.304827e-01 -9.922733e-01 -1.063812e+00 1.276424e+00
<VARIANCE> 25
 1.767899e+01 2.758783e+01 3.619150e+01 3.696689e+01 4.991785e+01 6.368343e+01 4.440023e+01 6.058199e+01 4.531676e+01 3.973729e+01 4.325472e+01 3.459739e+01 1.870299e+00 2.494377e+00 2.548822e+00 2.866526e+00 3.342934e+00 3.884063e+00 3.451531e+00 4.530675e+00 3.571927e+00 3.209586e+00 3.497098e+00 3.008967e+00 3.723839e+00
<GCONST> 1.050537e+02
<STATE> 3
<MEAN> 25
 4.867543e+00 -1.175835e+01 -7.130216e+00 -6.674143e+00 2.360430e+00 4.272305e+00 -1.424793e+00 4.897406e+00 5.919879e+00 -2.198972e+00 -4.014911e+00 -7.196453e+00 1.848814e-02 1.386760e-01 -3.598941e-02 2.964018e-01 3.014022e-01 -1.545878e-01 1.697321e-01 -9.649044e-02 -1.205037e-01 -9.886166e-02 -1.899330e-01 4.293898e-02 -4.205527e-01
<VARIANCE> 25
 1.060925e+01 2.215256e+01 2.955530e+01 2.988492e+01 3.578532e+01 5.018105e+01 4.029337e+01 5.043196e+01 4.283439e+01 3.738271e+01 3.704375e+01 3.072847e+01 5.593572e-01 1.440511e+00 1.188869e+00 1.479042e+00 2.009567e+00 2.606837e+00 2.049373e+00 2.637232e+00 1.941494e+00 2.149628e+00 2.212779e+00 1.767051e+00 1.917857e+00
<GCONST> 9.485132e+01
<STATE> 4
<MEAN> 25
 3.161962e+00 -6.725113e+00 -6.105181e+00 -2.618434e+00 3.036011e+00 1.134350e+00 3.401259e-01 3.353771e+00 3.944671e+00 -1.657920e+00 -4.119059e+00 -3.960557e+00 -3.734584e-02 9.448255e-01 5.076898e-01 5.634356e-01 -2.537285e-01 -4.009863e-01 -7.596099e-02 -2.910205e-01 -3.335606e-01 2.868065e-01 1.804296e-01 4.328613e-01 -1.391316e+00
<VARIANCE> 25
 2.274309e+01 4.018528e+01 3.124612e+01 3.805914e+01 3.975725e+01 4.363854e+01 4.057890e+01 4.534695e+01 4.116758e+01 3.745611e+01 3.760128e+01 3.725003e+01 9.466357e-01 1.861238e+00 1.633055e+00 1.944933e+00 2.220149e+00 2.423166e+00 2.414254e+00 2.766270e+00 2.371737e+00 2.334736e+00 2.303919e+00 1.977660e+00 2.456069e+00
<GCONST> 9.883781e+01
<TRANSP> 5
 0.000000e+00 1.000000e+00 0.000000e+00 0.000000e+00 0.000000e+00
 0.000000e+00 5.959675e-01 4.040324e-01 0.000000e+00 0.000000e+00
 0.000000e+00 0.000000e+00 6.708753e-01 3.291246e-01 0.000000e+00
 0.000000e+00 0.000000e+00 0.000000e+00 7.977553e-01 2.022447e-01
 0.000000e+00 0.000000e+00 0.000000e+00 0.000000e+00 0.000000e+00
<ENDHMM>
~h "B"
<BEGINHMM>
<NUMSTATES> 5
<STATE> 2
<MEAN> 25
 8.479846e+00 7.006021e+00 3.681791e+00 2.336706e+00 1.276156e+00 4.197952e+00 1.273146e-01 -5.051459e+00 -5.138098e+00 1.051639e-01 3.421013e-01 -1.637470e+00 8.395276e-01 1.530979e+00 5.873933e-01 4.352513e-01 6.261342e-01 4.034307e-01 7.823207e-01 -4.857292e-01 -5.624667e-01 -1.577445e-01 -2.793587e-01 -9.570970e-02 -1.203090e+00
<VARIANCE> 25
 5.066282e+01 3.960452e+01 3.175036e+01 3.977130e+01 3.514608e+01 4.010907e+01 4.437114e+01 3.985207e+01 4.991351e+01 3.284946e+01 4.283680e+01 2.904719e+01 2.392451e+00 2.820362e+00 2.724574e+00 3.274284e+00 2.828879e+00 2.839603e+00 3.425843e+00 3.351211e+00 4.052580e+00 2.959232e+00 3.279316e+00 2.354613e+00 5.947414e+00
<GCONST> 1.048826e+02
<STATE> 3
<MEAN> 25
 1.095548e+01 1.013723e+01 4.729793e+00 2.196716e+00 1.855873e+00 5.107100e+00 1.317314e+00 -6.164865e+00 -6.091594e+00 4.648948e-02 5.967021e-02 -2.067255e+00 -3.499880e-01 -6.941141e-01 -6.733339e-01 -8.675907e-01 1.789722e-01 -4.010101e-01 -6.390890e-01 2.409343e-01 7.802922e-01 2.614908e-01 5.642017e-01 2.968825e-01 1.679772e+00
<VARIANCE> 25
 2.559187e+01 3.189326e+01 2.434233e+01 3.214841e+01 3.123806e+01 3.744180e+01 3.389941e+01 3.571696e+01 4.513659e+01 3.337256e+01 4.063913e+01 2.870255e+01 3.028705e+00 4.522245e+00 3.303787e+00 4.877067e+00 3.006036e+00 3.383645e+00 3.985291e+00 3.488661e+00 5.023834e+00 3.456891e+00 3.934502e+00 3.007790e+00 7.215508e+00
<GCONST> 1.055070e+02
<STATE> 4
<MEAN> 25
 8.285776e+00 4.882642e+00 1.310360e+00 -1.544118e+00 1.332770e+00 3.699167e+00 -2.183170e+00 -4.664453e+00 -2.273353e+00 1.777716e+00 2.386659e+00 -1.085082e+00 -1.161042e+00 -2.887390e+00 -1.437123e+00 -1.741638e+00 -1.019520e+00 -5.994297e-01 -1.765826e+00 1.086876e+00 1.830587e+00 7.420930e-01 7.265671e-01 -1.960401e-01 4.061409e+00
<VARIANCE> 25
 2.832680e+01 5.913039e+01 3.925463e+01 7.246323e+01 3.373623e+01 4.667049e+01 4.373003e+01 3.413612e+01 4.549012e+01 4.446366e+01 4.451664e+01 3.480075e+01 2.382273e+00 4.361471e+00 5.100133e+00 6.753847e+00 4.881919e+00 5.625411e+00 4.660423e+00 5.580893e+00 7.960898e+00 5.894087e+00 5.552884e+00 6.330100e+00 5.715861e+00
<GCONST> 1.125543e+02
<TRANSP> 5
 0.000000e+00 1.000000e+00 0.000000e+00 0.000000e+00 0.000000e+00
 0.000000e+00 7.166125e-01 2.833875e-01 0.000000e+00 0.000000e+00
 0.000000e+00 0.000000e+00 4.495354e-01 5.504646e-01 0.000000e+00
 0.000000e+00 0.000000e+00 0.000000e+00 5.800510e-01 4.199490e-01
 0.000000e+00 0.000000e+00 0.000000e+00 0.000000e+00 0.000000e+00
<ENDHMM>
~h "C"
<BEGINHMM>
<NUMSTATES> 5
<STATE> 2
<MEAN> 25
 -1.955454e+00 6.097443e+00 2.680710e+00 3.627921e+00 9.328032e-01 -5.275137e+00 6.071718e-01 9.392758e-02 -4.434513e-01 -5.887074e-01 -1.261129e+00 2.012454e+00 -1.589836e+00 1.005398e-01 -6.115909e-01 -3.177993e-01 8.017058e-01 1.297711e-01 4.493180e-01 -1.738430e-01 1.336515e-01 6.214635e-02 9.139846e-02 2.058006e-01 -1.139539e+00
<VARIANCE> 25
 3.676736e+01 3.566358e+01 3.765723e+01 2.800958e+01 4.010089e+01 4.126591e+01 4.361573e+01 3.983574e+01 3.774482e+01 2.738383e+01 2.677512e+01 2.234980e+01 5.128117e+00 4.942372e+00 3.149496e+00 3.512537e+00 4.136464e+00 3.134095e+00 3.496423e+00 3.275651e+00 3.136237e+00 2.603025e+00 2.666952e+00 2.429594e+00 1.162751e+01
<GCONST> 1.053518e+02
<STATE> 3
<MEAN> 25
 -1.404710e+01 3.189474e+00 -1.198491e+00 -1.539902e+00 4.366854e+00 -3.113920e+00 2.185794e+00 -7.571453e-02 1.304944e-01 6.837562e-01 8.045217e-01 3.709497e+00 -2.375994e+00 -4.072569e-01 -2.440046e-01 -1.141551e+00 -1.898107e-01 4.711248e-02 7.910156e-02 3.784032e-01 2.411266e-01 1.822184e-01 4.701344e-01 5.120106e-01 3.848322e+00
<VARIANCE> 25
 6.108331e+01 2.938544e+01 3.167386e+01 3.298533e+01 3.408101e+01 3.571900e+01 3.369269e+01 3.094199e+01 2.814053e+01 2.148894e+01 2.181675e+01 1.775379e+01 9.878492e+00 3.590756e+00 4.094359e+00 3.618614e+00 4.382082e+00 3.855371e+00 3.548815e+00 3.452576e+00 3.062064e+00 2.390353e+00 2.559805e+00 1.922806e+00 1.024248e+01
<GCONST> 1.043170e+02
<STATE> 4
<MEAN> 25
 -1.033787e+01 1.466116e+00 2.038198e+00 -2.529625e+00 -1.879148e+00 -5.293612e+00 -7.758005e-01 2.374546e+00 1.718709e+00 -5.374920e-01 4.511146e-01 3.630364e+00 4.366146e+00 -1.606201e+00 8.189083e-01 2.314517e-01 -1.940164e+00 -4.630501e-01 -1.419898e+00 8.629957e-01 7.332272e-01 -4.010363e-01 -3.786725e-01 -1.018150e+00 2.338804e+00
<VARIANCE> 25
 1.025228e+02 3.551248e+01 3.603935e+01 3.018654e+01 4.535326e+01 3.943907e+01 4.605775e+01 4.170669e+01 3.318701e+01 2.247878e+01 2.611752e+01 1.939038e+01 9.044532e+00 6.014143e+00 6.119353e+00 4.207453e+00 5.151503e+00 5.031281e+00 4.303909e+00 6.854537e+00 5.515772e+00 3.453804e+00 3.292233e+00 2.897007e+00 3.186453e+00
<GCONST> 1.092760e+02
<TRANSP> 5
 0.000000e+00 1.000000e+00 0.000000e+00 0.000000e+00 0.000000e+00
 0.000000e+00 8.051012e-01 1.948988e-01 0.000000e+00 0.000000e+00
 0.000000e+00 0.000000e+00 7.188652e-01 2.811348e-01 0.000000e+00
 0.000000e+00 0.000000e+00 0.000000e+00 7.087013e-01 2.912987e-01
 0.000000e+00 0.000000e+00 0.000000e+00 0.000000e+00 0.000000e+00
<ENDHMM>
~h "D"
<BEGINHMM>
<NUMSTATES> 5
<STATE> 2
<MEAN> 25
 6.380677e+00 4.444528e+00 6.028886e+00 6.445660e+00 -6.955186e-01 -3.064762e+00 -2.558352e+00 9.973395e-02 1.332526e+00 -8.855449e-01 -3.765460e+00 -1.157482e+00 8.030216e-01 1.080602e+00 9.018699e-01 8.740325e-01 5.652121e-01 -3.908666e-01 -1.491434e-01 6.442958e-02 1.569142e-01 -2.388558e-01 -5.535948e-01 -8.980343e-02 -8.635911e-01
<VARIANCE> 25
 4.941814e+01 5.690930e+01 3.754026e+01 3.651562e+01 5.425738e+01 3.500808e+01 5.583413e+01 6.531099e+01 4.464957e+01 3.641269e+01 3.942328e+01 3.106256e+01 3.246888e+00 4.330362e+00 2.838158e+00 3.714866e+00 4.506877e+00 3.134189e+00 3.971769e+00 5.456088e+00 3.920776e+00 3.031555e+00 3.727826e+00 2.841878e+00 7.796152e+00
<GCONST> 1.089789e+02
<STATE> 3
<MEAN> 25
 7.711458e+00 5.069317e+00 8.449394e+00 6.825858e+00 -7.855558e-02 -4.142001e+00 -3.895463e+00 1.045559e+00 1.342622e+00 -1.576902e+00 -3.876810e+00 -6.355247e-01 -1.163596e+00 -1.907085e+00 6.463112e-02 -1.509549e+00 -6.381360e-01 -4.533390e-01 -7.311250e-01 1.128640e+00 -7.716791e-02 -1.600887e-01 1.184831e+00 8.966804e-01 3.059140e+00
<VARIANCE> 25
 3.411190e+01 4.782568e+01 2.752179e+01 3.864214e+01 4.422021e+01 3.472609e+01 5.117940e+01 5.047416e+01 4.355855e+01 3.496694e+01 3.423098e+01 3.337035e+01 3.829437e+00 5.533383e+00 3.712868e+00 4.980366e+00 6.348180e+00 3.885781e+00 5.176249e+00 7.598627e+00 5.965454e+00 3.803252e+00 4.522513e+00 3.527461e+00 9.254744e+00
<GCONST> 1.108412e+02
<STATE> 4
<MEAN> 25
 4.085367e+00 -1.743923e+00 7.050694e+00 1.165589e+00 -5.086727e+00 -5.307070e+00 -6.075020e+00 4.908628e+00 1.612565e+00 -1.273129e+00 5.262738e-01 1.482259e+00 -9.639925e-01 -1.830260e+00 -8.480519e-01 -1.787058e+00 -1.551441e+00 8.404729e-02 -2.421628e-01 9.215844e-01 2.117184e-01 2.192068e-01 1.065017e+00 -6.110098e-02 3.318239e+00
<VARIANCE> 25
 2.394107e+01 4.683380e+01 4.170657e+01 4.770507e+01 6.942361e+01 3.841887e+01 6.315915e+01 6.520889e+01 6.249241e+01 3.157543e+01 3.960972e+01 2.716650e+01 3.350529e+00 3.664608e+00 5.595626e+00 4.344036e+00 7.341885e+00 4.263116e+00 6.231741e+00 9.224730e+00 8.892977e+00 4.186808e+00 6.373035e+00 4.062416e+00 6.368218e+00
<GCONST> 1.132615e+02
<TRANSP> 5
 0.000000e+00 1.000000e+00 0.000000e+00 0.000000e+00 0.000000e+00
 0.000000e+00 7.015653e-01 2.984347e-01 0.000000e+00 0.000000e+00
 0.000000e+00 0.000000e+00 5.170586e-01 4.829415e-01 0.000000e+00
 0.000000e+00 0.000000e+00 0.000000e+00 5.284216e-01 4.715783e-01
 0.000000e+00 0.000000e+00 0.000000e+00 0.000000e+00 0.000000e+00
<ENDHMM>
~h "E"
<BEGINHMM>
<NUMSTATES> 5
<STATE> 2
<MEAN> 25
 2.602446e+00 -7.886788e+00 4.784963e+00 -2.111918e+00 -1.014950e+01 -6.471779e+00 -4.977449e-01 8.368885e+00 -5.191762e-01 -2.860804e-01 3.062346e+00 -9.079127e-01 1.136162e-01 -1.114231e+00 8.896024e-01 -9.630160e-01 -1.806214e+00 -2.375087e-01 9.046679e-01 1.436229e+00 -3.984310e-01 -1.386342e-01 7.527543e-01 -2.018586e-01 1.871087e+00
<VARIANCE> 25
 2.143765e+01 3.989898e+01 4.699946e+01 3.361182e+01 5.689086e+01 4.174906e+01 6.111361e+01 5.206757e+01 4.641629e+01 3.877420e+01 4.726363e+01 2.846908e+01 2.328519e+00 3.414464e+00 2.824284e+00 2.731468e+00 4.561990e+00 3.200904e+00 4.410919e+00 5.260799e+00 3.856683e+00 3.710426e+00 3.266465e+00 2.387835e+00 6.597733e+00
<GCONST> 1.071452e+02
<STATE> 3
<MEAN> 25
 2.709893e+00 -8.499035e+00 7.679191e+00 -4.449860e+00 -1.366458e+01 -6.811716e+00 1.214111e+00 9.096998e+00 -1.932603e+00 9.637165e-01 5.149119e+00 -1.782067e+00 -3.241134e-02 3.146855e-01 -2.828360e-02 8.266622e-02 1.077984e-01 -4.376731e-02 2.828460e-01 -2.140329e-01 -6.418723e-02 6.990489e-02 -8.848534e-02 -7.914049e-02 -4.094301e-01
<VARIANCE> 25
 8.993336e+00 2.549689e+01 4.174342e+01 2.718757e+01 3.586968e+01 3.717242e+01 5.057788e+01 4.571080e+01 4.207924e+01 4.327014e+01 4.613124e+01 2.531796e+01 4.942524e-01 1.148906e+00 1.173781e+00 1.287823e+00 1.538974e+00 1.352792e+00 1.889888e+00 1.861059e+00 1.825542e+00 1.536845e+00 1.510597e+00 1.035737e+00 2.331990e+00
<GCONST> 9.209178e+01
<STATE> 4
<MEAN> 25
 -3.233339e-01 -1.920234e+00 3.384452e+00 4.297407e-01 -6.294936e+00 -5.277551e+00 3.126335e+00 3.232352e+00 -1.064768e+00 4.635409e-02 2.015911e+00 2.792525e-01 -3.628499e-02 4.706838e-01 -3.074312e-01 3.749204e-01 6.720858e-01 1.312309e-01 -1.167534e-01 -3.740006e-01 1.142404e-01 -1.739630e-02 -3.260826e-01 7.853676e-02 -9.516069e-01
<VARIANCE> 25
 2.465353e+01 4.412078e+01 5.354742e+01 2.903936e+01 7.382659e+01 4.191538e+01 4.168627e+01 4.796468e+01 3.743653e+01 3.369790e+01 3.879197e+01 2.588805e+01 9.266337e-01 1.583111e+00 1.409217e+00 1.550740e+00 2.311589e+00 1.879761e+00 2.421285e+00 2.271040e+00 2.083737e+00 1.938136e+00 1.920728e+00 1.500824e+00 2.557763e+00
<GCONST> 9.771039e+01
<TRANSP> 5
 0.000000e+00 1.000000e+00 0.000000e+00 0.000000e+00 0.000000e+00
 0.000000e+00 6.577861e-01 3.422139e-01 0.000000e+00 0.000000e+00
 0.000000e+00 0.000000e+00 8.029814e-01 1.970186e-01 0.000000e+00
 0.000000e+00 0.000000e+00 0.000000e+00 8.596646e-01 1.403354e-01
 0.000000e+00 0.000000e+00 0.000000e+00 0.000000e+00 0.000000e+00
<ENDHMM>
~h "F"
<BEGINHMM>
<NUMSTATES> 5
<STATE> 2
<MEAN> 25
 -4.052203e+00 2.258485e+00 -1.787533e-01 3.402924e+00 3.823408e+00 -2.148943e-01 1.104003e+00 -1.322531e-01 -1.672128e-02 6.265490e-01 -3.577216e-01 1.363353e+00 -2.937828e+00 -1.092834e-01 -4.201735e-01 9.365320e-01 6.856012e-01 -3.660847e-01 2.632171e-01 2.342062e-01 6.802126e-01 -2.545590e-02 -7.683226e-02 4.867765e-01 -8.662570e-01
<VARIANCE> 25
 4.734912e+01 2.534516e+01 3.403705e+01 3.508775e+01 3.508357e+01 4.186235e+01 3.482684e+01 3.356673e+01 3.248340e+01 2.677960e+01 2.637435e+01 2.226236e+01 4.023797e+00 3.772138e+00 3.559024e+00 3.976870e+00 4.966904e+00 4.182840e+00 3.442374e+00 4.005548e+00 3.804857e+00 3.318977e+00 3.193194e+00 2.380963e+00 2.083255e+00
<GCONST> 1.039479e+02
<STATE> 3
<MEAN> 25
 -1.107326e+01 -6.830095e-01 -3.007058e+00 3.665462e+00 3.377924e+00 -1.288295e+00 9.368926e-01 6.346973e-01 9.322538e-01 8.521625e-01 3.800890e-01 2.820606e+00 -4.978468e-01 -4.007234e-01 -2.954301e-01 -9.408105e-02 -9.927127e-02 -4.243706e-02 -3.065570e-02 1.959150e-02 3.890472e-02 3.564500e-02 6.330879e-02 8.450370e-02 -1.521637e-01
<VARIANCE> 25
 3.151409e+01 2.522598e+01 2.221109e+01 1.929775e+01 2.402526e+01 2.517368e+01 2.639940e+01 2.646876e+01 2.443245e+01 2.243839e+01 2.015350e+01 1.921584e+01 1.995972e+00 1.430240e+00 1.439689e+00 1.437500e+00 1.631644e+00 1.847511e+00 1.870977e+00 1.871968e+00 1.833910e+00 1.752241e+00 1.628540e+00 1.496634e+00 1.667278e+00
<GCONST> 9.060845e+01
<STATE> 4
<MEAN> 25
 -8.833840e+00 -2.869995e+00 -4.611483e+00 2.012395e+00 3.015559e+00 -7.116662e-01 1.249904e+00 8.777238e-01 1.254322e+00 9.438525e-01 8.745648e-01 2.280944e+00 1.911323e+00 2.014869e-01 2.415031e-01 -5.853957e-01 -4.336024e-01 2.018700e-01 -8.281550e-02 -1.293103e-01 -2.367495e-01 -8.858113e-02 8.913317e-02 -4.233146e-01 6.166703e-01
<VARIANCE> 25
 5.524644e+01 3.243633e+01 3.150266e+01 2.882263e+01 2.986300e+01 3.029934e+01 2.535603e+01 2.639652e+01 2.610903e+01 2.437107e+01 2.158405e+01 1.941536e+01 8.206758e+00 2.723650e+00 3.254449e+00 3.859392e+00 2.891383e+00 3.533065e+00 2.588525e+00 2.742902e+00 2.861238e+00 2.542319e+00 2.317181e+00 2.377124e+00 3.993150e+00
<GCONST> 1.010536e+02
<TRANSP> 5
 0.000000e+00 1.000000e+00 0.000000e+00 0.000000e+00 0.000000e+00
 0.000000e+00 7.070375e-01 2.929625e-01 0.000000e+00 0.000000e+00
 0.000000e+00 0.000000e+00 8.645574e-01 1.354426e-01 0.000000e+00
 0.000000e+00 0.000000e+00 0.000000e+00 8.217607e-01 1.782393e-01
 0.000000e+00 0.000000e+00 0.000000e+00 0.000000e+00 0.000000e+00
<ENDHMM>
~h "G"
<BEGINHMM>
<NUMSTATES> 5
<STATE> 2
<MEAN> 25
 7.281359e+00 4.851318e+00 6.566041e+00 4.097680e+00 -2.111649e+00 -3.388972e+00 -2.685957e+00 -8.075762e-01 -3.546415e+00 2.864533e+00 -9.188295e-01 -3.228375e+00 1.597586e-01 1.112736e+00 6.192901e-01 1.173058e+00 5.346868e-01 -7.251672e-01 4.246885e-01 -2.515329e-01 -4.495738e-01 -1.179859e-01 -3.095585e-01 1.427087e-01 -1.311393e+00
<VARIANCE> 25
 3.070622e+01 4.820356e+01 4.339222e+01 4.279872e+01 5.834537e+01 4.773474e+01 6.220904e+01 5.737513e+01 4.981574e+01 4.033276e+01 3.960131e+01 3.438079e+01 3.383356e+00 4.520657e+00 4.076318e+00 3.662186e+00 5.738958e+00 4.245083e+00 4.885434e+00 4.691082e+00 5.550931e+00 3.624288e+00 3.607829e+00 3.275636e+00 7.537141e+00
<GCONST> 1.109545e+02
<STATE> 3
<MEAN> 25
 4.270342e+00 4.780626e+00 5.511204e+00 5.684435e+00 4.854610e-01 -5.409981e+00 -2.096128e+00 -5.861636e-01 -3.749027e+00 2.369780e+00 -1.197057e+00 -1.037339e+00 -1.191012e+00 -1.347878e+00 -8.204167e-01 -7.734960e-01 3.374319e-02 -6.703559e-01 -7.344017e-01 8.195230e-01 2.857200e-01 3.107846e-03 5.920464e-01 7.012132e-01 2.490931e+00
<VARIANCE> 25
 4.235960e+01 5.024963e+01 5.386416e+01 3.366138e+01 7.559149e+01 4.658178e+01 5.754478e+01 4.729301e+01 4.150540e+01 3.454715e+01 3.628156e+01 3.476128e+01 4.808065e+00 5.513962e+00 6.191613e+00 4.052364e+00 1.153891e+01 4.797661e+00 5.701440e+00 5.917956e+00 5.821020e+00 3.860091e+00 4.977092e+00 3.916796e+00 7.643564e+00
<GCONST> 1.137452e+02
<STATE> 4
<MEAN> 25
 2.492207e+00 5.327241e-01 3.639863e+00 1.287548e+00 -3.368034e+00 -5.818402e+00 -4.005404e+00 2.658596e+00 -1.563866e+00 2.213740e+00 1.523619e+00 -3.893994e-01 -1.959055e-01 -1.288896e+00 -7.087342e-01 -1.700311e+00 -1.005658e+00 6.150774e-01 -2.955492e-01 1.023003e+00 9.928232e-01 -1.106822e-01 4.647198e-01 -3.118724e-01 2.155421e+00
<VARIANCE> 25
 2.912754e+01 4.847269e+01 5.302503e+01 4.034536e+01 8.320206e+01 5.135193e+01 6.110241e+01 5.859689e+01 5.519103e+01 3.621602e+01 4.639902e+01 3.090593e+01 3.404797e+00 3.025954e+00 5.072742e+00 3.603997e+00 8.733351e+00 4.151886e+00 4.442255e+00 5.857999e+00 6.825516e+00 3.284614e+00 5.321993e+00 4.185483e+00 4.048679e+00
<GCONST> 1.119794e+02
<TRANSP> 5
 0.000000e+00 1.000000e+00 0.000000e+00 0.000000e+00 0.000000e+00
 0.000000e+00 6.611325e-01 3.388675e-01 0.000000e+00 0.000000e+00
 0.000000e+00 0.000000e+00 5.908396e-01 4.091604e-01 0.000000e+00
 0.000000e+00 0.000000e+00 0.000000e+00 5.850242e-01 4.149759e-01
 0.000000e+00 0.000000e+00 0.000000e+00 0.000000e+00 0.000000e+00
<ENDHMM>
~h "H"
<BEGINHMM>
<NUMSTATES> 5
<STATE> 2
<MEAN> 25
 2.228815e-01 -2.978264e+00 -2.083785e+00 6.073195e-01 7.337094e+00 3.576598e+00 2.975944e+00 2.256620e+00 8.121586e-01 -5.804401e-01 -2.670507e+00 7.019950e-02 -8.649826e-01 -1.951887e-01 -6.393880e-03 6.107169e-01 1.056678e+00 3.458492e-01 5.703166e-01 1.721064e-01 2.899766e-01 -1.053676e-01 2.161621e-02 4.379900e-01 -8.324987e-01
<VARIANCE> 25
 2.852978e+01 4.369962e+01 4.960863e+01 4.543879e+01 7.663176e+01 5.138809e+01 5.140496e+01 5.030957e+01 4.581808e+01 3.948962e+01 4.100966e+01 3.355991e+01 1.710214e+00 3.183724e+00 3.408356e+00 3.360852e+00 3.852708e+00 3.353967e+00 3.304376e+00 3.395672e+00 3.102893e+00 2.910662e+00 2.887796e+00 2.489342e+00 2.332449e+00
<GCONST> 1.057899e+02
<STATE> 3
<MEAN> 25
 -1.940192e+00 -3.989286e+00 -2.959555e+00 8.950297e-01 8.398849e+00 3.762579e+00 3.416546e+00 2.392901e+00 1.707751e+00 -5.702228e-01 -2.280708e+00 7.917964e-01 -3.644378e-01 -3.838289e-02 -1.396349e-01 -9.643480e-02 -1.549622e-01 -1.672365e-01 -4.985657e-03 -1.568481e-01 -1.323316e-02 -1.413349e-02 1.371207e-01 1.256663e-01 -8.293609e-01
<VARIANCE> 25
 3.223748e+01 4.638596e+01 4.765014e+01 4.121219e+01 6.839796e+01 5.052701e+01 5.256583e+01 4.825787e+01 4.422196e+01 3.981111e+01 3.813164e+01 3.147440e+01 1.600454e+00 2.548325e+00 2.527124e+00 2.537789e+00 3.129603e+00 2.900450e+00 2.992863e+00 2.938211e+00 2.767838e+00 2.592563e+00 2.488522e+00 2.210567e+00 2.894056e+00
<GCONST> 1.037719e+02
<STATE> 4
<MEAN> 25
 -4.149970e+00 -2.630199e+00 -4.049789e+00 1.375197e+00 5.306955e+00 8.304853e-01 3.033427e+00 1.034640e+00 9.058762e-01 -9.293801e-01 -8.871801e-01 1.582462e+00 1.315213e-01 1.718301e-01 2.803732e-02 -6.879891e-02 -2.270512e-01 -7.121369e-02 -6.347497e-02 -9.977262e-02 -7.759027e-02 1.474800e-02 3.311304e-02 -6.399481e-02 -1.562775e-01
<VARIANCE> 25
 2.343119e+01 5.337514e+01 3.338298e+01 2.930591e+01 3.921394e+01 3.465163e+01 3.305972e+01 3.211112e+01 3.143435e+01 2.784649e+01 2.762041e+01 2.311298e+01 1.217133e+00 1.672778e+00 1.520682e+00 1.521352e+00 1.783716e+00 1.803372e+00 1.997402e+00 2.003098e+00 2.023164e+00 1.887500e+00 1.769492e+00 1.657761e+00 1.718678e+00
<GCONST> 9.444191e+01
<TRANSP> 5
 0.000000e+00 1.000000e+00 0.000000e+00 0.000000e+00 0.000000e+00
 0.000000e+00 5.381724e-01 4.618275e-01 0.000000e+00 0.000000e+00
 0.000000e+00 0.000000e+00 4.893520e-01 5.106480e-01 0.000000e+00
 0.000000e+00 0.000000e+00 0.000000e+00 8.755517e-01 1.244483e-01
 0.000000e+00 0.000000e+00 0.000000e+00 0.000000e+00 0.000000e+00
<ENDHMM>
~h "I"
<BEGINHMM>
<NUMSTATES> 5
<STATE> 2
<MEAN> 25
 -3.630401e-01 1.452605e+00 1.337251e+01 1.879542e+00 -9.119055e+00 -5.451628e+00 -3.499144e+00 -2.131058e+00 -7.441718e+00 -5.971466e-01 4.098692e+00 4.723429e-01 3.306986e-01 6.426604e-02 2.696407e+00 -4.197367e-01 -2.727942e+00 2.468255e-01 -1.178791e+00 -6.253947e-01 -1.742276e+00 -5.903293e-03 1.347675e+00 -4.109141e-01 1.670359e+00
<VARIANCE> 25
 2.974610e+01 3.613035e+01 4.834003e+01 3.704744e+01 5.395879e+01 4.503591e+01 5.049146e+01 5.056163e+01 4.469963e+01 3.759605e+01 3.394305e+01 2.634549e+01 5.269028e+00 3.043654e+00 4.640726e+00 3.925287e+00 4.888003e+00 4.508729e+00 5.952404e+00 5.481956e+00 5.017676e+00 4.341678e+00 3.684894e+00 3.008183e+00 4.402055e+00
<GCONST> 1.095049e+02
<STATE> 3
<MEAN> 25
 4.883081e-02 2.420394e+00 1.840926e+01 -1.337018e-01 -1.427672e+01 -2.875607e+00 -6.695100e+00 -3.953820e+00 -1.010276e+01 -3.606632e-02 6.383764e+00 -1.475951e+00 1.259415e-01 2.528303e-01 -7.604021e-02 -4.999461e-02 -1.265438e-01 1.020639e-01 8.328147e-02 -1.247882e-01 1.259014e-01 1.171782e-01 -6.038105e-03 -1.043706e-01 -3.174074e-01
<VARIANCE> 25
 1.232888e+01 2.506010e+01 3.072194e+01 3.583968e+01 2.688095e+01 4.538895e+01 4.127131e+01 4.071423e+01 3.554377e+01 4.999932e+01 3.499550e+01 2.965131e+01 1.012074e+00 1.710557e+00 2.247879e+00 2.004608e+00 2.801443e+00 2.530313e+00 2.858746e+00 2.924599e+00 2.635462e+00 2.209733e+00 2.052287e+00 1.587096e+00 2.485262e+00
<GCONST> 9.763456e+01
<STATE> 4
<MEAN> 25
 -2.098341e-02 5.059285e+00 1.287610e+01 1.982171e+00 -9.088014e+00 -3.399018e+00 -2.202351e+00 -4.516597e+00 -6.413352e+00 -1.444706e-01 2.711261e+00 -1.292417e-01 1.022112e-01 9.900472e-02 -1.168377e+00 2.925366e-01 1.039902e+00 -1.511097e-01 5.083950e-01 2.989045e-01 6.515864e-01 -1.457210e-02 -5.537131e-01 1.868162e-01 -1.211346e+00
<VARIANCE> 25
 2.044009e+01 3.231708e+01 5.353909e+01 3.600250e+01 5.383128e+01 5.545142e+01 4.576129e+01 4.981316e+01 3.807963e+01 3.554775e+01 3.694788e+01 2.924471e+01 1.540355e+00 1.973587e+00 2.293498e+00 2.007620e+00 3.133682e+00 2.576960e+00 3.044309e+00 3.245676e+00 2.895616e+00 2.306354e+00 2.410289e+00 1.883158e+00 3.101541e+00
<GCONST> 1.014946e+02
<TRANSP> 5
 0.000000e+00 1.000000e+00 0.000000e+00 0.000000e+00 0.000000e+00
 0.000000e+00 6.651908e-01 3.348092e-01 0.000000e+00 0.000000e+00
 0.000000e+00 0.000000e+00 7.434270e-01 2.565730e-01 0.000000e+00
 0.000000e+00 0.000000e+00 0.000000e+00 8.439278e-01 1.560722e-01
 0.000000e+00 0.000000e+00 0.000000e+00 0.000000e+00 0.000000e+00
<ENDHMM>
~h "J"
<BEGINHMM>
<NUMSTATES> 5
<STATE> 2
<MEAN> 25
 3.207707e+00 8.204333e+00 8.783806e+00 5.030123e+00 -1.430623e+00 -4.155922e+00 -1.382515e-01 1.391360e+00 -1.379109e+00 -2.631244e+00 -7.116989e-01 1.386767e+00 -2.649338e-01 1.226608e+00 6.050506e-01 2.488279e-01 7.874451e-01 4.170591e-02 6.854593e-01 -4.021699e-02 9.214369e-02 -1.525374e-01 -2.216637e-01 6.510042e-02 -9.151148e-01
<VARIANCE> 25
 4.560855e+01 4.363739e+01 4.260647e+01 3.074750e+01 4.912446e+01 4.053394e+01 4.738421e+01 3.699300e+01 3.824503e+01 3.140111e+01 2.643380e+01 2.465930e+01 5.803934e+00 3.371399e+00 3.086492e+00 3.052643e+00 4.128383e+00 3.281720e+00 4.151878e+00 3.981906e+00 3.827867e+00 2.944445e+00 2.586639e+00 2.557815e+00 6.858309e+00
<GCONST> 1.062226e+02
<STATE> 3
<MEAN> 25
 -5.845030e+00 9.470963e+00 9.457999e+00 2.988990e+00 2.752684e+00 -3.076619e+00 1.150012e+00 -6.612731e-01 -2.287800e+00 -1.794350e+00 1.201109e-01 3.052534e+00 -1.869764e+00 -1.149626e+00 2.686662e-01 -5.124800e-01 -1.006540e+00 -8.291304e-01 -8.422207e-01 -4.565796e-01 -5.452805e-01 -1.412439e-02 9.660246e-01 9.252648e-01 3.249821e+00
<VARIANCE> 25
 8.277827e+01 3.666692e+01 4.147639e+01 3.326197e+01 5.697020e+01 4.367445e+01 3.398355e+01 3.138066e+01 3.043113e+01 2.446836e+01 2.228724e+01 2.078976e+01 1.263722e+01 3.834910e+00 4.144308e+00 4.139371e+00 9.938634e+00 4.765826e+00 3.952593e+00 4.183630e+00 3.727499e+00 2.681928e+00 2.584983e+00 2.144137e+00 4.491868e+00
<GCONST> 1.076407e+02
<STATE> 4
<MEAN> 25
 -1.321759e+00 8.220415e-01 1.014720e+01 8.703519e-01 -8.971339e+00 -8.382500e+00 -5.673022e+00 2.509559e+00 -1.732336e+00 -2.162757e+00 4.822060e+00 4.799923e+00 2.232115e+00 -2.642095e+00 -1.335208e+00 -8.555429e-01 -1.762696e+00 1.924564e-02 -1.365947e+00 1.904337e+00 1.372282e+00 3.733810e-01 2.061248e-01 -1.010296e+00 1.487060e+00
<VARIANCE> 25
 3.137736e+01 3.755844e+01 3.253531e+01 3.948399e+01 4.402634e+01 2.634853e+01 3.713852e+01 5.487839e+01 4.223373e+01 2.842153e+01 2.709418e+01 2.146747e+01 3.929681e+00 3.372931e+00 4.856144e+00 3.401338e+00 8.569687e+00 4.168272e+00 5.231681e+00 7.208172e+00 5.083599e+00 3.182742e+00 4.981740e+00 3.363737e+00 1.781505e+00
<GCONST> 1.070838e+02
<TRANSP> 5
 0.000000e+00 1.000000e+00 0.000000e+00 0.000000e+00 0.000000e+00
 0.000000e+00 8.127353e-01 1.872648e-01 0.000000e+00 0.000000e+00
 0.000000e+00 0.000000e+00 7.407628e-01 2.592371e-01 0.000000e+00
 0.000000e+00 0.000000e+00 0.000000e+00 6.927667e-01 3.072333e-01
 0.000000e+00 0.000000e+00 0.000000e+00 0.000000e+00 0.000000e+00
<ENDHMM>
~h "K"
<BEGINHMM>
<NUMSTATES> 5
<STATE> 2
<MEAN> 25
 -1.450008e+00 3.547619e+00 -1.116909e+00 2.005823e+00 1.951257e+00 -2.278402e+00 1.098383e+00 -6.492829e-01 -9.182826e-01 1.389469e+00 -1.018007e+00 5.912360e-01 -1.065086e+00 -4.686952e-01 -7.567397e-01 2.253197e-01 9.033499e-01 -3.829789e-01 -4.914438e-02 3.092043e-01 1.855463e-01 2.037612e-01 -2.036473e-01 5.117120e-01 -4.790721e-01
<VARIANCE> 25
 3.480630e+01 3.568528e+01 3.973147e+01 3.556319e+01 4.500302e+01 4.581762e+01 4.299853e+01 4.271746e+01 4.020426e+01 3.515748e+01 3.253664e+01 3.052092e+01 2.431125e+00 5.095619e+00 4.186207e+00 3.301118e+00 4.753815e+00 4.000506e+00 4.078933e+00 3.897026e+00 3.641098e+00 3.480188e+00 3.122086e+00 2.617326e+00 1.114952e+01
<GCONST> 1.075323e+02
<STATE> 3
<MEAN> 25
 -4.569566e+00 -1.511957e+00 -5.599330e+00 1.070360e+00 5.366644e+00 -3.783841e+00 -6.866140e-01 1.187662e+00 -3.568349e-01 2.892577e+00 -2.018211e+00 1.971004e+00 -6.673516e-01 -1.615064e+00 -1.548247e+00 -7.619386e-01 8.393728e-01 -4.417413e-01 -6.185544e-01 8.016289e-01 1.440841e-01 6.175565e-01 -3.752671e-01 1.244120e-01 3.528830e+00
<VARIANCE> 25
 3.179383e+01 5.542021e+01 6.106116e+01 4.232060e+01 5.643383e+01 5.310146e+01 5.332500e+01 4.480781e+01 4.273874e+01 3.739778e+01 3.227333e+01 3.132072e+01 4.066177e+00 5.785705e+00 7.308702e+00 4.706477e+00 6.637313e+00 5.774213e+00 5.674137e+00 5.314797e+00 4.881648e+00 4.619931e+00 3.906583e+00 3.927032e+00 1.651325e+01
<GCONST> 1.137568e+02
<STATE> 4
<MEAN> 25
 -3.890568e+00 -2.802434e+00 -6.121403e+00 -9.983373e-01 4.454874e+00 -3.372954e+00 -5.348483e-01 2.817230e+00 3.996193e-01 2.873422e+00 -2.187854e+00 7.300175e-01 1.281318e+00 -2.103453e-01 6.124102e-01 -8.448910e-01 -1.045849e+00 4.475631e-01 5.933911e-02 2.719837e-01 1.178339e-01 -3.129535e-01 2.590661e-01 -9.300083e-01 2.460530e+00
<VARIANCE> 25
 3.703191e+01 4.513591e+01 5.787780e+01 4.202117e+01 5.301712e+01 5.223743e+01 4.890592e+01 4.432019e+01 4.300217e+01 3.742229e+01 3.318741e+01 3.595087e+01 4.787137e+00 4.447450e+00 6.283969e+00 4.259530e+00 5.473157e+00 4.841317e+00 5.087174e+00 4.629741e+00 4.823954e+00 3.991479e+00 3.622102e+00 4.316544e+00 9.418304e+00
<GCONST> 1.119721e+02
<TRANSP> 5
 0.000000e+00 1.000000e+00 0.000000e+00 0.000000e+00 0.000000e+00
 0.000000e+00 6.614233e-01 3.385768e-01 0.000000e+00 0.000000e+00
 0.000000e+00 0.000000e+00 5.205805e-01 4.794194e-01 0.000000e+00
 0.000000e+00 0.000000e+00 0.000000e+00 6.801798e-01 3.198202e-01
 0.000000e+00 0.000000e+00 0.000000e+00 0.000000e+00 0.000000e+00
<ENDHMM>
~h "L"
<BEGINHMM>
<NUMSTATES> 5
<STATE> 2
<MEAN> 25
 6.640285e+00 -5.144248e+00 -9.376165e-01 -5.746466e+00 -3.050994e+00 2.200771e+00 -7.546391e+00 -5.006105e+00 5.426999e+00 4.512133e+00 1.622558e+00 -2.877283e+00 5.048175e-01 -1.003735e-02 4.529026e-01 -6.941077e-01 2.286173e-01 2.384258e-01 -1.199478e+00 -1.031651e+00 4.802746e-01 1.034918e+00 2.036391e-01 -1.290005e-01 -1.951071e-01
<VARIANCE> 25
 1.848723e+01 2.845088e+01 4.929919e+01 5.624548e+01 4.588899e+01 6.896288e+01 6.818055e+01 9.060908e+01 6.170012e+01 4.758424e+01 4.824063e+01 3.917351e+01 1.072464e+00 1.813859e+00 2.928646e+00 3.867319e+00 4.111198e+00 4.751904e+00 4.217762e+00 5.202605e+00 4.541833e+00 3.653346e+00 3.810217e+00 2.913881e+00 1.434138e+00
<GCONST> 1.071873e+02
<STATE> 3
<MEAN> 25
 7.582382e+00 -4.832896e+00 -1.210678e-02 -7.571797e+00 -2.546147e+00 3.194373e+00 -9.848376e+00 -7.152371e+00 5.674255e+00 6.659161e+00 2.342275e+00 -2.933495e+00 -7.300291e-02 3.086993e-02 2.364410e-02 -2.146436e-01 2.195229e-01 5.308127e-03 -1.597856e-01 3.396683e-01 7.830045e-03 -4.537658e-02 -1.950098e-01 -7.640558e-02 -3.822315e-02
<VARIANCE> 25
 1.400214e+01 2.643105e+01 4.812188e+01 5.859238e+01 4.382672e+01 5.915164e+01 7.532269e+01 7.865469e+01 6.053881e+01 4.779056e+01 4.586047e+01 3.666466e+01 6.550810e-01 1.528934e+00 2.771765e+00 2.892675e+00 2.581501e+00 3.721171e+00 3.863181e+00 5.831840e+00 3.897153e+00 3.369894e+00 3.384214e+00 2.546809e+00 1.167156e+00
<GCONST> 1.040939e+02
<STATE> 4
<MEAN> 25
 6.141237e+00 -4.152618e+00 -1.210971e+00 -7.494676e+00 -4.755332e-01 3.002508e+00 -7.446299e+00 -3.745520e+00 5.023239e+00 4.632514e+00 1.483959e-01 -2.818626e+00 -4.504870e-01 -7.396773e-02 -2.989949e-01 5.677940e-01 1.261879e-01 -1.591857e-01 9.653462e-01 9.940891e-01 -3.036045e-01 -9.065890e-01 -5.684689e-01 -1.305903e-02 -7.834759e-02
<VARIANCE> 25
 1.923446e+01 3.705952e+01 5.923987e+01 6.608730e+01 4.705869e+01 6.369101e+01 7.755888e+01 7.436186e+01 5.748499e+01 4.988161e+01 4.945772e+01 3.993865e+01 7.268344e-01 2.166468e+00 2.584051e+00 2.743317e+00 3.092337e+00 3.595228e+00 4.130784e+00 4.818291e+00 3.692554e+00 3.398369e+00 3.708989e+00 2.575168e+00 1.898803e+00
<GCONST> 1.062433e+02
<TRANSP> 5
 0.000000e+00 1.000000e+00 0.000000e+00 0.000000e+00 0.000000e+00
 0.000000e+00 5.703055e-01 4.296945e-01 0.000000e+00 0.000000e+00
 0.000000e+00 0.000000e+00 5.532632e-01 4.467368e-01 0.000000e+00
 0.000000e+00 0.000000e+00 0.000000e+00 6.425639e-01 3.574361e-01
 0.000000e+00 0.000000e+00 0.000000e+00 0.000000e+00 0.000000e+00
<ENDHMM>
~h "M"
<BEGINHMM>
<NUMSTATES> 5
<STATE> 2
<MEAN> 25
 8.025037e+00 -9.682354e-01 8.850490e-01 -2.707139e-01 -1.180105e+00 5.206625e+00 -1.443463e+00 -6.315685e+00 -6.109321e+00 -9.019905e-02 1.722358e+00 -2.835658e+00 3.919957e-01 9.331989e-01 1.498167e+00 1.772388e+00 2.462191e-02 5.803132e-01 4.465860e-01 -2.161690e+00 -2.448793e+00 -2.490448e-01 -4.535286e-01 3.073851e-01 -8.713474e-01
<VARIANCE> 25
 2.469833e+01 3.114194e+01 4.109174e+01 5.806842e+01 3.979126e+01 5.183727e+01 5.058530e+01 6.091945e+01 6.330253e+01 4.346008e+01 5.280275e+01 3.703321e+01 1.513511e+00 2.326366e+00 3.371595e+00 4.021947e+00 3.102972e+00 3.500549e+00 4.022793e+00 5.263202e+00 5.363586e+00 3.938159e+00 5.391528e+00 3.454779e+00 3.299076e+00
<GCONST> 1.080052e+02
<STATE> 3
<MEAN> 25
 8.544237e+00 6.934766e-01 4.613262e+00 3.365136e+00 -1.704405e+00 6.525880e+00 -5.761666e-01 -1.089110e+01 -1.130864e+01 -9.754732e-01 5.486698e-02 -1.960430e+00 -3.723986e-04 1.075738e-01 3.106138e-01 1.425463e-01 6.975179e-02 2.568077e-01 1.417477e-01 -1.522956e-01 -3.718513e-01 -2.773516e-01 -3.180435e-01 1.225750e-01 1.270365e-03
<VARIANCE> 25
 1.349492e+01 2.247249e+01 2.501419e+01 3.912568e+01 4.017762e+01 5.664744e+01 5.896160e+01 5.974551e+01 5.587933e+01 5.758421e+01 6.302196e+01 3.886946e+01 6.830884e-01 1.468088e+00 1.921339e+00 2.661604e+00 1.803982e+00 2.235057e+00 2.167484e+00 3.272886e+00 3.547642e+00 2.383623e+00 3.054264e+00 1.996368e+00 2.127972e+00
<GCONST> 1.000113e+02
<STATE> 4
<MEAN> 25
 6.000100e+00 7.788856e-01 2.845555e+00 1.644149e+00 -1.168498e-01 5.535500e+00 3.915300e-01 -6.529841e+00 -7.494627e+00 -2.373618e+00 -1.349121e+00 -9.984315e-01 -1.383355e-01 -1.923403e-01 -6.385438e-01 -7.533140e-01 7.778999e-02 -2.585777e-01 -8.703208e-02 8.283409e-01 9.910504e-01 1.447138e-01 2.462318e-01 -1.031662e-01 3.323829e-01
<VARIANCE> 25
 3.221421e+01 2.850701e+01 4.088004e+01 4.741083e+01 4.772353e+01 5.863972e+01 4.738425e+01 5.138974e+01 6.165849e+01 4.392529e+01 5.643750e+01 3.622878e+01 6.970979e-01 1.664586e+00 2.780540e+00 3.370688e+00 2.195602e+00 2.288576e+00 2.382175e+00 3.451819e+00 4.370132e+00 2.419411e+00 3.122113e+00 2.115151e+00 2.220631e+00
<GCONST> 1.027522e+02
<TRANSP> 5
 0.000000e+00 1.000000e+00 0.000000e+00 0.000000e+00 0.000000e+00
 0.000000e+00 6.204860e-01 3.795140e-01 0.000000e+00 0.000000e+00
 0.000000e+00 0.000000e+00 6.242391e-01 3.757609e-01 0.000000e+00
 0.000000e+00 0.000000e+00 0.000000e+00 7.851223e-01 2.148777e-01
 0.000000e+00 0.000000e+00 0.000000e+00 0.000000e+00 0.000000e+00
<ENDHMM>
~h "N"
<BEGINHMM>
<NUMSTATES> 5
<STATE> 2
<MEAN> 25
 7.716370e+00 -3.026523e+00 2.996867e+00 2.520917e+00 -4.443316e+00 -2.118856e+00 -4.510052e+00 -1.668673e+00 1.216873e+00 1.057564e+00 -4.189237e+00 -3.141033e+00 5.692184e-01 1.894393e+00 1.563408e+00 1.776028e+00 -5.531643e-01 -4.826085e-01 1.847893e-01 -2.854836e+00 -1.009121e+00 9.673139e-01 -7.225101e-01 4.867506e-01 -1.845447e+00
<VARIANCE> 25
 1.084880e+01 3.405199e+01 3.806432e+01 3.609952e+01 3.517789e+01 4.382208e+01 4.529220e+01 9.131183e+01 5.688537e+01 4.013584e+01 4.128850e+01 3.714576e+01 7.915125e-01 2.194524e+00 3.079638e+00 2.989999e+00 3.451955e+00 4.400411e+00 4.420166e+00 6.354711e+00 4.187801e+00 4.027170e+00 3.878816e+00 3.163653e+00 1.525687e+00
<GCONST> 1.044043e+02
<STATE> 3
<MEAN> 25
 8.531721e+00 1.688173e+00 6.075581e+00 5.556380e+00 -5.664682e+00 -2.205854e+00 -2.928191e+00 -8.616955e+00 -1.755976e+00 3.433767e+00 -5.274892e+00 -1.941012e+00 2.150363e-02 7.685279e-01 3.153859e-01 2.942856e-01 1.517660e-01 9.959594e-02 2.723918e-01 -4.441069e-01 -5.185523e-01 1.490438e-01 -1.759992e-01 3.140602e-01 -8.138251e-01
<VARIANCE> 25
 9.698842e+00 2.089703e+01 2.506074e+01 2.966370e+01 3.267486e+01 5.045122e+01 5.131998e+01 6.077074e+01 5.491653e+01 4.203358e+01 4.953361e+01 4.595225e+01 5.877001e-01 1.624046e+00 1.576569e+00 1.621611e+00 2.238379e+00 2.300727e+00 2.604669e+00 4.496668e+00 2.984587e+00 2.511802e+00 2.353809e+00 1.994436e+00 1.495474e+00
<GCONST> 9.775209e+01
<STATE> 4
<MEAN> 25
 5.013030e+00 3.895401e+00 4.965123e+00 6.011221e+00 -1.502386e+00 -1.848420e+00 -7.060634e-01 -5.229783e+00 -2.148875e+00 8.264582e-01 -5.110518e+00 3.725263e-01 -5.860890e-01 8.890483e-02 -3.028221e-01 -2.714899e-01 6.204739e-01 1.713027e-01 1.207423e-01 6.995347e-01 3.884812e-02 -4.057899e-01 3.581657e-01 5.311869e-02 -6.846399e-01
<VARIANCE> 25
 3.320044e+01 3.138092e+01 3.337579e+01 3.240331e+01 4.652850e+01 3.946949e+01 4.970768e+01 5.408842e+01 4.605022e+01 4.227348e+01 4.836256e+01 3.770359e+01 1.143465e+00 2.174075e+00 1.928971e+00 2.244544e+00 2.556419e+00 2.534825e+00 2.762071e+00 4.088905e+00 2.970042e+00 2.740067e+00 2.644489e+00 2.163612e+00 2.644541e+00
<GCONST> 1.018590e+02
<TRANSP> 5
 0.000000e+00 1.000000e+00 0.000000e+00 0.000000e+00 0.000000e+00
 0.000000e+00 6.512164e-01 3.487836e-01 0.000000e+00 0.000000e+00
 0.000000e+00 0.000000e+00 6.456584e-01 3.543416e-01 0.000000e+00
 0.000000e+00 0.000000e+00 0.000000e+00 7.961587e-01 2.038414e-01
 0.000000e+00 0.000000e+00 0.000000e+00 0.000000e+00 0.000000e+00
<ENDHMM>
~h "O"
<BEGINHMM>
<NUMSTATES> 5
<STATE> 2
<MEAN> 25
 5.695339e+00 -5.781353e-01 -6.270922e+00 -9.163161e+00 -2.271145e+00 6.213086e+00 -4.284169e+00 -1.623586e+00 5.377661e-01 2.131625e+00 4.099585e+00 -8.333066e-01 1.586958e+00 -4.285281e-01 -8.140788e-01 -2.774773e+00 -1.226102e+00 2.361013e+00 -2.313856e-01 -7.507741e-02 4.383782e-01 -6.598239e-02 1.407000e+00 -5.247836e-01 2.020963e+00
<VARIANCE> 25
 3.236555e+01 3.446197e+01 4.732950e+01 7.426038e+01 6.154430e+01 5.656709e+01 6.715395e+01 5.064618e+01 6.317606e+01 5.233162e+01 4.552406e+01 3.635233e+01 4.103673e+00 2.787351e+00 5.806505e+00 5.902267e+00 6.973341e+00 5.266440e+00 4.919825e+00 5.517537e+00 5.438643e+00 5.330050e+00 4.452944e+00 3.740461e+00 5.665929e+00
<GCONST> 1.137207e+02
<STATE> 3
<MEAN> 25
 8.305262e+00 -1.994307e+00 -7.345951e+00 -1.490782e+01 -4.770440e+00 1.175709e+01 -3.646324e+00 -1.955044e+00 1.495596e+00 8.209648e-01 7.471727e+00 -1.448690e+00 2.076709e-01 -2.011930e-01 -2.042428e-01 -8.236951e-01 -6.196807e-02 8.631029e-01 3.514271e-01 -4.292610e-02 -4.305426e-03 -2.311353e-01 4.158311e-01 -2.059787e-02 3.026349e-01
<VARIANCE> 25
 1.176768e+01 2.896755e+01 2.703320e+01 5.064508e+01 4.143301e+01 4.019592e+01 5.567947e+01 4.399598e+01 4.795919e+01 5.675013e+01 4.572249e+01 3.769207e+01 7.843456e-01 1.752124e+00 1.546675e+00 3.366810e+00 2.666724e+00 2.714466e+00 2.973599e+00 2.815739e+00 3.571573e+00 3.326838e+00 2.508963e+00 2.367666e+00 2.043096e+00
<GCONST> 1.006267e+02
<STATE> 4
<MEAN> 25
 7.900447e+00 -3.767945e-01 -6.716320e+00 -1.341537e+01 -3.106284e+00 9.755239e+00 -2.108638e+00 -2.352113e+00 7.868857e-01 1.022709e+00 5.142979e+00 -8.403081e-01 -1.984451e-01 1.889355e-01 3.496697e-01 1.260932e+00 3.744041e-01 -9.317523e-01 2.653644e-02 -1.120257e-01 1.843402e-02 2.036657e-01 -6.558521e-01 -2.990661e-02 -1.021064e+00
<VARIANCE> 25
 1.453566e+01 3.841937e+01 2.911058e+01 5.837579e+01 4.410064e+01 4.606558e+01 6.003430e+01 4.433952e+01 4.881343e+01 5.341437e+01 4.317656e+01 4.121993e+01 8.426163e-01 1.692606e+00 1.667041e+00 3.542485e+00 2.572088e+00 3.021327e+00 2.829359e+00 2.797668e+00 3.037848e+00 2.930069e+00 2.627829e+00 2.200194e+00 2.493186e+00
<GCONST> 1.016683e+02
<TRANSP> 5
 0.000000e+00 1.000000e+00 0.000000e+00 0.000000e+00 0.000000e+00
 0.000000e+00 6.255274e-01 3.744726e-01 0.000000e+00 0.000000e+00
 0.000000e+00 0.000000e+00 6.188581e-01 3.811419e-01 0.000000e+00
 0.000000e+00 0.000000e+00 0.000000e+00 8.534719e-01 1.465282e-01
 0.000000e+00 0.000000e+00 0.000000e+00 0.000000e+00 0.000000e+00
<ENDHMM>
~h "P"
<BEGINHMM>
<NUMSTATES> 5
<STATE> 2
<MEAN> 25
 -6.070758e-01 4.562462e+00 -1.371582e+00 1.432343e+00 2.664315e+00 1.648597e-01 2.243181e+00 -1.574736e+00 -1.013921e+00 2.405313e-01 -5.707467e-01 5.455689e-01 -7.971997e-01 1.761655e-01 -8.330625e-02 2.585844e-01 2.363869e-01 -3.289840e-01 2.084275e-01 1.706503e-01 1.948105e-01 2.390119e-02 -5.305940e-02 2.624741e-01 -1.013349e+00
<VARIANCE> 25
 4.659052e+01 2.803549e+01 2.879105e+01 3.131956e+01 2.586268e+01 3.548628e+01 2.938094e+01 3.009176e+01 3.372358e+01 2.583670e+01 2.793090e+01 2.657364e+01 1.867132e+00 2.460215e+00 1.867662e+00 2.284859e+00 2.190566e+00 2.488331e+00 2.284179e+00 2.398614e+00 2.774210e+00 2.279171e+00 2.459333e+00 1.974845e+00 6.706692e+00
<GCONST> 9.861227e+01
<STATE> 3
<MEAN> 25
 -2.607465e+00 3.724526e+00 -1.467826e+00 1.356242e+00 2.741303e+00 -1.058840e+00 1.802357e+00 -1.383526e+00 -2.484251e-01 3.995373e-01 -7.166446e-01 1.310695e+00 -2.210642e-01 -1.624884e+00 -6.176997e-01 -8.140498e-01 -1.103612e-01 7.945526e-02 -3.209356e-01 2.888557e-01 3.332966e-01 1.879911e-01 5.758995e-01 1.426862e-01 4.037696e+00
<VARIANCE> 25
 2.957995e+01 2.851073e+01 2.646916e+01 2.966025e+01 2.523181e+01 3.130082e+01 3.036001e+01 2.927307e+01 3.063692e+01 2.407830e+01 2.336228e+01 2.368945e+01 4.438097e+00 3.919866e+00 3.790714e+00 4.770234e+00 3.122470e+00 5.259050e+00 3.482606e+00 3.693131e+00 3.945124e+00 3.136467e+00 3.386939e+00 3.239568e+00 1.451890e+01
<GCONST> 1.044218e+02
<STATE> 4
<MEAN> 25
 -2.643985e-01 -1.762002e+00 -4.058572e+00 -2.463829e+00 1.858832e+00 1.037993e+00 7.796777e-01 -1.015983e+00 6.633279e-01 7.747664e-01 1.226607e+00 4.194709e-01 2.029065e+00 -1.917945e+00 -6.762892e-01 -1.991431e+00 -1.007908e+00 1.219604e+00 -8.112651e-01 8.982232e-02 1.914794e-01 1.239395e-01 7.810441e-01 -9.771872e-01 5.553048e+00
<VARIANCE> 25
 4.867596e+01 4.034965e+01 3.028333e+01 6.063425e+01 3.236302e+01 5.881796e+01 3.247196e+01 2.944734e+01 2.850137e+01 2.498549e+01 2.653854e+01 3.071025e+01 5.211412e+00 6.061732e+00 5.411305e+00 7.673163e+00 5.158243e+00 8.043739e+00 4.408834e+00 4.937266e+00 5.074932e+00 3.910877e+00 4.090623e+00 4.775856e+00 1.424348e+01
<GCONST> 1.113327e+02
<TRANSP> 5
 0.000000e+00 1.000000e+00 0.000000e+00 0.000000e+00 0.000000e+00
 0.000000e+00 8.099306e-01 1.900693e-01 0.000000e+00 0.000000e+00
 0.000000e+00 0.000000e+00 4.082532e-01 5.917467e-01 0.000000e+00
 0.000000e+00 0.000000e+00 0.000000e+00 5.998583e-01 4.001417e-01
 0.000000e+00 0.000000e+00 0.000000e+00 0.000000e+00 0.000000e+00
<ENDHMM>
~h "Q"
<BEGINHMM>
<NUMSTATES> 5
<STATE> 2
<MEAN> 25
 -3.051864e+00 3.750679e-01 -2.101039e+00 2.412288e+00 4.783290e+00 -1.017641e+00 1.705337e+00 -3.233813e+00 -1.012388e+00 3.059738e+00 -7.847440e-01 8.823479e-01 -3.832838e-01 -2.495072e-01 -4.696981e-01 1.573116e-03 3.568440e-01 2.083912e-01 4.244381e-01 3.744536e-01 1.080970e-01 -6.656545e-02 -1.642476e-01 2.063802e-01 -8.973867e-01
<VARIANCE> 25
 4.593176e+01 5.644830e+01 7.512395e+01 4.526552e+01 5.727816e+01 6.153289e+01 5.137320e+01 4.905889e+01 5.358340e+01 4.514224e+01 3.573199e+01 3.204291e+01 3.183615e+00 6.488731e+00 4.503700e+00 4.132949e+00 4.253793e+00 3.425518e+00 4.047527e+00 4.258552e+00 4.086808e+00 3.374219e+00 2.739164e+00 2.434244e+00 1.015058e+01
<GCONST> 1.110897e+02
<STATE> 3
<MEAN> 25
 -3.309860e+00 1.547741e+00 -1.192300e+00 2.565311e+00 3.308848e+00 -2.268165e+00 1.376499e+00 -4.766155e-01 -9.805565e-01 2.287901e+00 -1.839026e+00 1.150931e+00 -2.873524e-01 3.430514e-01 -2.053481e-01 3.943853e-03 4.846306e-02 1.409499e-01 2.258976e-01 3.325559e-01 -9.128406e-02 -2.094130e-01 4.861289e-02 4.572383e-02 -7.569835e-01
<VARIANCE> 25
 2.929578e+01 3.784935e+01 6.638242e+01 4.081983e+01 4.194966e+01 3.838864e+01 3.937358e+01 4.727682e+01 4.479097e+01 3.190823e+01 3.403889e+01 2.794339e+01 1.805693e+00 3.307489e+00 2.736259e+00 2.679766e+00 2.773856e+00 2.245925e+00 2.807976e+00 3.009709e+00 3.014600e+00 2.387398e+00 2.581562e+00 1.838946e+00 4.848307e+00
<GCONST> 1.027515e+02
<STATE> 4
<MEAN> 25
 -4.732722e+00 1.179296e+00 -1.624183e+00 2.909440e+00 2.503008e+00 -2.094529e+00 3.188259e+00 4.177809e-01 -5.447731e-01 -1.240765e-01 3.891288e-01 2.328902e+00 -3.988943e-02 3.213268e-03 -5.065585e-04 -2.148108e-02 2.652252e-02 4.570759e-02 3.054464e-02 8.173728e-02 3.601747e-02 -2.800421e-02 -1.745799e-02 1.403283e-02 -5.499151e-02
<VARIANCE> 25
 1.128891e+01 2.995128e+01 2.091003e+01 1.737040e+01 2.117842e+01 2.151830e+01 2.293039e+01 2.330130e+01 1.963679e+01 2.373043e+01 2.182520e+01 1.668107e+01 5.427340e-01 9.694425e-01 9.477071e-01 1.122398e+00 1.249153e+00 1.443237e+00 1.649849e+00 1.806107e+00 1.591430e+00 1.784725e+00 1.693164e+00 1.456325e+00 8.300142e-01
<GCONST> 8.497057e+01
<TRANSP> 5
 0.000000e+00 1.000000e+00 0.000000e+00 0.000000e+00 0.000000e+00
 0.000000e+00 7.283906e-01 2.716094e-01 0.000000e+00 0.000000e+00
 0.000000e+00 0.000000e+00 6.491461e-01 3.508540e-01 0.000000e+00
 0.000000e+00 0.000000e+00 0.000000e+00 9.364835e-01 6.351653e-02
 0.000000e+00 0.000000e+00 0.000000e+00 0.000000e+00 0.000000e+00
<ENDHMM>
~h "R"
<BEGINHMM>
<NUMSTATES> 5
<STATE> 2
<MEAN> 25
 5.364392e+00 -5.781298e+00 -4.566950e+00 2.866035e-01 -2.628720e+00 -1.780074e+00 -4.611985e+00 1.224624e+00 6.617619e+00 2.461095e+00 -1.616498e-01 -3.234798e+00 4.086654e-01 -1.550339e-01 8.189101e-02 1.125825e+00 -3.093967e-01 -2.856223e-01 -7.186571e-01 -4.478001e-02 3.725969e-01 -2.912256e-02 3.357433e-02 1.225485e-01 -5.533183e-01
<VARIANCE> 25
 2.213331e+01 2.583441e+01 3.813206e+01 3.940722e+01 5.019062e+01 4.528553e+01 5.024442e+01 6.207544e+01 5.159399e+01 4.002689e+01 3.908099e+01 3.615334e+01 2.128380e+00 2.327423e+00 2.985911e+00 4.043507e+00 4.598206e+00 4.518693e+00 4.036766e+00 5.058964e+00 4.844917e+00 4.141027e+00 3.962002e+00 3.254583e+00 3.795220e+00
<GCONST> 1.073022e+02
<STATE> 3
<MEAN> 25
 6.375531e+00 -5.817890e+00 -3.914773e+00 2.453410e+00 -3.411605e+00 -2.191090e+00 -6.201109e+00 1.138366e+00 6.346489e+00 2.519121e+00 3.622456e-01 -2.889984e+00 1.410455e-01 5.467018e-02 3.954548e-01 4.484147e-01 -9.938934e-02 -8.507270e-02 -2.665713e-01 1.089765e-01 -5.134252e-01 -1.609974e-01 1.872039e-01 2.437741e-01 -6.236886e-01
<VARIANCE> 25
 2.078093e+01 2.716764e+01 4.218623e+01 3.495937e+01 5.413403e+01 4.831971e+01 4.979132e+01 6.201622e+01 5.409039e+01 4.207380e+01 3.889420e+01 3.546994e+01 1.978706e+00 2.449827e+00 3.064030e+00 3.120468e+00 4.677203e+00 4.434204e+00 3.995377e+00 5.209372e+00 4.666448e+00 3.841197e+00 3.679155e+00 3.215463e+00 3.466554e+00
<GCONST> 1.069472e+02
<STATE> 4
<MEAN> 25
 4.262971e+00 -4.229136e+00 -2.970399e+00 2.676882e+00 -1.490560e+00 -2.179031e+00 -4.014998e+00 1.374266e+00 3.679646e+00 1.302498e+00 1.352963e-01 -1.393460e+00 -1.997165e-01 2.965873e-01 4.862722e-01 -1.108280e-01 8.136062e-02 6.547052e-02 3.347064e-01 3.523792e-02 -8.056722e-01 -2.496212e-01 1.167586e-01 2.549145e-01 -4.650052e-01
<VARIANCE> 25
 3.618006e+01 3.778423e+01 5.057692e+01 3.293632e+01 6.119183e+01 5.229736e+01 5.607627e+01 5.883829e+01 5.109772e+01 4.030128e+01 4.100956e+01 3.554028e+01 1.739736e+00 2.322682e+00 2.615517e+00 2.211763e+00 3.769966e+00 3.302131e+00 3.225482e+00 3.771427e+00 3.823136e+00 2.928702e+00 3.003555e+00 2.447413e+00 2.832443e+00
<GCONST> 1.052959e+02
<TRANSP> 5
 0.000000e+00 1.000000e+00 0.000000e+00 0.000000e+00 0.000000e+00
 0.000000e+00 4.908285e-01 5.091715e-01 0.000000e+00 0.000000e+00
 0.000000e+00 0.000000e+00 4.391737e-01 5.608263e-01 0.000000e+00
 0.000000e+00 0.000000e+00 0.000000e+00 6.088585e-01 3.911415e-01
 0.000000e+00 0.000000e+00 0.000000e+00 0.000000e+00 0.000000e+00
<ENDHMM>
~h "S"
<BEGINHMM>
<NUMSTATES> 5
<STATE> 2
<MEAN> 25
 -7.158772e+00 6.547742e+00 6.663930e-01 2.059551e+00 5.004698e+00 -4.681743e+00 1.631839e+00 1.747399e+00 3.973303e-01 2.972602e-01 -1.769645e+00 2.291660e+00 -4.317001e+00 1.924938e+00 -6.428936e-01 5.919204e-01 1.710579e+00 -1.549298e-01 1.365989e+00 6.541930e-01 2.382668e-01 -3.286899e-01 4.872161e-01 8.981251e-01 -4.975286e-01
<VARIANCE> 25
 7.038358e+01 4.414918e+01 4.507286e+01 3.284649e+01 4.768548e+01 4.222896e+01 6.183775e+01 4.689327e+01 4.198277e+01 3.091612e+01 3.643555e+01 2.664009e+01 3.850763e+00 5.390862e+00 4.219246e+00 4.076171e+00 5.314923e+00 4.446959e+00 4.762182e+00 5.145946e+00 3.940767e+00 3.414022e+00 3.516272e+00 2.765849e+00 2.172238e+00
<GCONST> 1.088044e+02
<STATE> 3
<MEAN> 25
 -2.063514e+01 7.697582e+00 -4.094980e+00 2.002932e+00 6.962687e+00 -3.356843e+00 4.409682e+00 3.172104e+00 1.249294e+00 5.344161e-01 1.293929e+00 4.571448e+00 -8.963381e-01 -3.249363e-01 -4.700028e-01 -1.723578e-01 -1.110512e-01 9.037654e-02 8.311627e-02 4.705023e-02 9.819516e-02 8.094405e-02 2.192907e-01 1.869053e-01 -2.590316e-01
<VARIANCE> 25
 3.997530e+01 2.347235e+01 3.522817e+01 3.400124e+01 3.771324e+01 3.909370e+01 4.326065e+01 3.704441e+01 3.352284e+01 2.505062e+01 2.532707e+01 2.131913e+01 3.525605e+00 1.693333e+00 1.799956e+00 1.524054e+00 1.740536e+00 1.905914e+00 2.046815e+00 2.020811e+00 1.958001e+00 1.824672e+00 1.772960e+00 1.521138e+00 1.459621e+00
<GCONST> 9.563762e+01
<STATE> 4
<MEAN> 25
 -1.385646e+01 3.556252e+00 -3.395786e+00 9.518655e-01 4.114763e+00 -3.536009e+00 2.563799e+00 2.183749e+00 1.865013e+00 3.557239e-01 2.386270e-01 3.322806e+00 2.881646e+00 -6.269997e-01 6.785095e-01 -2.644338e-01 -8.577583e-01 -2.166843e-02 -9.940265e-01 -6.117635e-01 -1.278431e-03 3.272687e-02 -4.269185e-01 -7.652270e-01 3.060254e-01
<VARIANCE> 25
 8.092377e+01 3.195634e+01 3.971815e+01 3.100209e+01 3.575114e+01 3.902210e+01 4.815417e+01 3.773340e+01 3.441457e+01 2.574253e+01 2.754777e+01 2.357406e+01 9.129047e+00 3.073403e+00 3.790405e+00 3.008172e+00 3.231009e+00 3.648398e+00 4.400076e+00 3.959265e+00 3.477949e+00 2.553203e+00 2.600211e+00 2.658243e+00 4.088945e+00
<GCONST> 1.055472e+02
<TRANSP> 5
 0.000000e+00 1.000000e+00 0.000000e+00 0.000000e+00 0.000000e+00
 0.000000e+00 7.086527e-01 2.913473e-01 0.000000e+00 0.000000e+00
 0.000000e+00 0.000000e+00 8.477532e-01 1.522468e-01 0.000000e+00
 0.000000e+00 0.000000e+00 0.000000e+00 8.196151e-01 1.803849e-01
 0.000000e+00 0.000000e+00 0.000000e+00 0.000000e+00 0.000000e+00
<ENDHMM>
~h "T"
<BEGINHMM>
<NUMSTATES> 5
<STATE> 2
<MEAN> 25
 -1.060523e-01 4.652589e+00 -8.359959e-01 2.211857e+00 2.116194e+00 -3.407344e+00 -4.265048e-01 -1.567200e+00 1.397051e+00 1.381960e+00 -1.871283e+00 -4.913223e-01 -9.059325e-01 1.686521e-01 -1.910148e-01 1.023455e-01 3.144482e-01 -1.280756e-01 5.235139e-01 1.221813e-01 -7.479683e-02 -1.580981e-01 -1.524229e-02 3.747644e-01 -1.481904e+00
<VARIANCE> 25
 3.359103e+01 2.902037e+01 3.337295e+01 2.999027e+01 3.307749e+01 3.386016e+01 4.255294e+01 3.715106e+01 3.903566e+01 3.044473e+01 3.045247e+01 2.846859e+01 2.389733e+00 3.894830e+00 2.486222e+00 2.947075e+00 3.270086e+00 2.791589e+00 3.017055e+00 3.164139e+00 2.959753e+00 2.534157e+00 2.631812e+00 2.248897e+00 9.868540e+00
<GCONST> 1.027424e+02
<STATE> 3
<MEAN> 25
 -3.902641e+00 2.817083e+00 -1.874580e+00 1.218220e+00 2.469978e+00 -3.481687e+00 1.026978e+00 -5.537683e-01 1.093618e+00 6.521140e-01 -1.619010e+00 1.059754e+00 -1.134163e+00 -1.519510e+00 -6.234540e-01 -9.522586e-01 1.175618e-01 -1.223270e-01 6.226678e-02 5.215770e-01 2.461108e-01 -5.527623e-02 2.128941e-01 3.647351e-01 2.967885e+00
<VARIANCE> 25
 3.242696e+01 3.359676e+01 2.967388e+01 2.896018e+01 2.893209e+01 3.202454e+01 3.535561e+01 3.249340e+01 3.422551e+01 2.655430e+01 2.696985e+01 2.554164e+01 3.826097e+00 4.188353e+00 3.534714e+00 3.661099e+00 3.305545e+00 3.700322e+00 3.850986e+00 3.888357e+00 4.365216e+00 2.976318e+00 3.213886e+00 3.206295e+00 1.790937e+01
<GCONST> 1.052488e+02
<STATE> 4
<MEAN> 25
 -4.853043e+00 -1.590509e+00 -3.514518e+00 -1.714974e+00 2.086337e+00 -3.523286e+00 4.420026e-01 8.565054e-01 2.154375e+00 6.301129e-01 -1.251028e+00 9.661432e-01 1.107419e+00 -1.007534e+00 1.078971e-02 -1.001742e+00 -6.879126e-01 3.073526e-01 -1.035123e+00 4.494444e-02 3.648315e-01 7.793271e-02 1.896863e-01 -7.489954e-01 4.511045e+00
<VARIANCE> 25
 3.603642e+01 3.296872e+01 2.972862e+01 3.163195e+01 3.153267e+01 3.764212e+01 3.935318e+01 3.146445e+01 3.863443e+01 2.657252e+01 2.773951e+01 2.949285e+01 5.706207e+00 4.296279e+00 5.081504e+00 4.654847e+00 4.450998e+00 5.448588e+00 5.489503e+00 5.101404e+00 6.311567e+00 3.551648e+00 4.064974e+00 4.342364e+00 1.568936e+01
<GCONST> 1.093322e+02
<TRANSP> 5
 0.000000e+00 1.000000e+00 0.000000e+00 0.000000e+00 0.000000e+00
 0.000000e+00 7.249222e-01 2.750778e-01 0.000000e+00 0.000000e+00
 0.000000e+00 0.000000e+00 5.066492e-01 4.933508e-01 0.000000e+00
 0.000000e+00 0.000000e+00 0.000000e+00 6.289770e-01 3.710230e-01
 0.000000e+00 0.000000e+00 0.000000e+00 0.000000e+00 0.000000e+00
<ENDHMM>
~h "U"
<BEGINHMM>
<NUMSTATES> 5
<STATE> 2
<MEAN> 25
 6.419454e+00 4.029896e+00 -1.638700e+00 -3.935511e+00 -3.797430e+00 3.655428e+00 -7.902002e+00 -5.219165e+00 -3.230060e+00 1.832747e-01 3.561563e+00 4.281644e-01 1.795514e+00 8.298899e-01 -3.828424e-01 -2.067746e+00 -1.711888e+00 2.232191e+00 -1.221367e+00 -9.451041e-01 -9.898692e-01 -1.890261e-01 1.526386e+00 -3.271090e-02 1.142489e+00
<VARIANCE> 25
 2.611938e+01 3.405957e+01 3.686872e+01 7.333677e+01 5.235519e+01 5.384185e+01 7.416611e+01 6.817040e+01 5.100633e+01 4.676002e+01 4.351297e+01 3.339203e+01 4.166635e+00 3.060225e+00 4.378181e+00 5.273820e+00 5.712066e+00 4.859731e+00 6.357851e+00 6.883085e+00 5.188047e+00 5.123048e+00 4.235946e+00 3.752314e+00 4.130744e+00
<GCONST> 1.124228e+02
<STATE> 3
<MEAN> 25
 9.076815e+00 5.861498e+00 -2.482009e+00 -9.136184e+00 -7.384486e+00 9.410974e+00 -8.677043e+00 -6.208503e+00 -5.612734e+00 -1.557539e+00 6.410853e+00 9.589529e-01 2.332457e-01 1.629271e-01 -8.355304e-02 -5.625762e-01 -1.777151e-01 6.012396e-01 7.507230e-02 -8.563891e-02 -2.087285e-01 -4.367901e-02 2.667618e-01 4.398561e-02 -4.638420e-02
<VARIANCE> 25
 1.149886e+01 3.373433e+01 2.669940e+01 6.199606e+01 4.264299e+01 4.494384e+01 5.974150e+01 7.124847e+01 5.490676e+01 5.558906e+01 4.414375e+01 3.826499e+01 8.509889e-01 2.608325e+00 1.812123e+00 4.696538e+00 3.641292e+00 3.499744e+00 4.512225e+00 5.053039e+00 4.149209e+00 4.280635e+00 3.690543e+00 2.762113e+00 2.498405e+00
<GCONST> 1.054144e+02
<STATE> 4
<MEAN> 25
 8.177910e+00 6.280355e+00 -1.824358e+00 -7.228068e+00 -4.909869e+00 6.181373e+00 -6.832700e+00 -5.706529e+00 -4.502734e+00 -2.063223e-01 4.110034e+00 5.237772e-01 -4.580121e-01 -2.977373e-01 3.425252e-01 1.161625e+00 7.759761e-01 -1.080694e+00 5.157558e-01 1.224390e-01 6.146198e-01 3.708676e-01 -7.304001e-01 -2.136112e-01 -9.304494e-01
<VARIANCE> 25
 1.609521e+01 4.049566e+01 3.184333e+01 6.804791e+01 4.777494e+01 5.278989e+01 6.527515e+01 6.396634e+01 5.069606e+01 5.348324e+01 4.551306e+01 3.883200e+01 1.197832e+00 2.481753e+00 2.176684e+00 3.717239e+00 3.581563e+00 3.523399e+00 3.870787e+00 4.037124e+00 3.630646e+00 3.684855e+00 3.604338e+00 3.087470e+00 3.199912e+00
<GCONST> 1.062907e+02
<TRANSP> 5
 0.000000e+00 1.000000e+00 0.000000e+00 0.000000e+00 0.000000e+00
 0.000000e+00 6.025236e-01 3.974764e-01 0.000000e+00 0.000000e+00
 0.000000e+00 0.000000e+00 6.308009e-01 3.691991e-01 0.000000e+00
 0.000000e+00 0.000000e+00 0.000000e+00 7.987074e-01 2.012926e-01
 0.000000e+00 0.000000e+00 0.000000e+00 0.000000e+00 0.000000e+00
<ENDHMM>
~h "V"
<BEGINHMM>
<NUMSTATES> 5
<STATE> 2
<MEAN> 25
 -4.065594e+00 2.804436e+00 1.380033e-01 3.796005e+00 3.648918e+00 5.434561e-01 1.767087e+00 5.554830e-01 -6.510523e-02 5.278718e-01 1.061619e-01 2.219017e+00 -3.311507e+00 -1.102610e-01 -7.581893e-02 1.101394e+00 9.472330e-01 -4.602714e-01 2.160325e-01 4.123752e-01 8.949888e-01 3.591941e-02 -1.724963e-01 4.992219e-01 -1.021133e+00
<VARIANCE> 25
 4.703401e+01 2.242400e+01 3.533457e+01 3.770192e+01 3.065918e+01 3.782387e+01 3.196900e+01 3.519364e+01 2.980789e+01 2.297557e+01 2.350695e+01 1.886248e+01 3.339283e+00 3.511459e+00 3.523227e+00 4.006507e+00 4.669372e+00 3.957071e+00 3.151465e+00 4.135277e+00 3.413650e+00 3.180478e+00 3.062419e+00 2.163444e+00 1.686927e+00
<GCONST> 1.021993e+02
<STATE> 3
<MEAN> 25
 -1.188317e+01 -1.760803e+00 -2.670722e+00 3.562164e+00 2.909921e+00 -1.268717e+00 1.177497e+00 9.967682e-01 9.266305e-01 1.188756e+00 5.811796e-01 3.028073e+00 -4.234376e-01 -4.414135e-01 -2.297920e-01 -1.124700e-01 -1.394469e-01 -1.545169e-01 -9.004472e-02 -3.455124e-02 8.990884e-03 2.309189e-02 -1.238504e-02 1.024371e-02 -4.427400e-02
<VARIANCE> 25
 3.258543e+01 2.564135e+01 2.543327e+01 2.266455e+01 2.305420e+01 2.335140e+01 2.687124e+01 2.715274e+01 2.483612e+01 2.192328e+01 1.940249e+01 1.787808e+01 2.215564e+00 1.409021e+00 1.477674e+00 1.516956e+00 1.576842e+00 1.881085e+00 1.767048e+00 1.777432e+00 1.779465e+00 1.677997e+00 1.616025e+00 1.431601e+00 1.358279e+00
<GCONST> 9.047794e+01
<STATE> 4
<MEAN> 25
 -7.822276e+00 -3.370740e+00 -2.676910e+00 1.990590e+00 1.863699e+00 -2.022295e+00 2.034128e-01 1.367835e+00 1.205469e+00 9.961665e-01 2.768829e-01 1.524077e+00 4.234433e+00 3.761090e-02 6.190937e-01 -1.513350e+00 -1.394777e+00 8.100384e-02 -2.847443e-01 1.289467e-01 -7.247776e-01 -4.480437e-01 3.941979e-01 -9.576383e-01 1.988613e+00
<VARIANCE> 25
 7.951263e+01 2.945546e+01 3.681100e+01 4.333564e+01 2.997744e+01 4.269617e+01 2.803664e+01 3.530402e+01 2.657076e+01 2.256049e+01 1.973283e+01 2.124231e+01 7.561073e+00 4.532486e+00 6.305703e+00 6.331376e+00 4.123733e+00 6.182716e+00 3.539790e+00 5.069167e+00 4.897740e+00 3.210735e+00 3.134702e+00 3.482681e+00 3.771645e+00
<GCONST> 1.073870e+02
<TRANSP> 5
 0.000000e+00 1.000000e+00 0.000000e+00 0.000000e+00 0.000000e+00
 0.000000e+00 7.189619e-01 2.810381e-01 0.000000e+00 0.000000e+00
 0.000000e+00 0.000000e+00 8.772585e-01 1.227415e-01 0.000000e+00
 0.000000e+00 0.000000e+00 0.000000e+00 6.742666e-01 3.257334e-01
 0.000000e+00 0.000000e+00 0.000000e+00 0.000000e+00 0.000000e+00
<ENDHMM>
~h "W"
<BEGINHMM>
<NUMSTATES> 5
<STATE> 2
<MEAN> 25
 8.044781e+00 1.281687e+00 -3.797485e+00 -9.279980e+00 -3.061748e+00 7.394269e+00 -3.266782e+00 -1.248556e+00 -1.904795e+00 8.102744e-01 3.886061e+00 -1.264834e+00 1.211446e+00 9.258366e-01 -3.658199e-02 -1.819998e+00 -1.116144e+00 1.264621e+00 -1.278881e-01 -2.202888e-01 -8.909888e-01 -4.683818e-01 8.397080e-01 6.460640e-01 2.240274e-01
<VARIANCE> 25
 2.872316e+01 6.700576e+01 3.596536e+01 7.054813e+01 4.824136e+01 5.523809e+01 6.196964e+01 4.347178e+01 5.399390e+01 4.603186e+01 4.395705e+01 4.043553e+01 1.934074e+00 2.525670e+00 2.471239e+00 3.250688e+00 3.614076e+00 3.721982e+00 3.538752e+00 3.645202e+00 3.267997e+00 3.257625e+00 3.207612e+00 3.229833e+00 3.977296e+00
<GCONST> 1.073457e+02
<STATE> 3
<MEAN> 25
 1.153610e+01 3.968784e+00 -3.004362e+00 -1.615373e+01 -8.470112e+00 1.115958e+01 -4.524973e+00 -4.181315e-01 -2.922900e+00 -1.945706e+00 5.568924e+00 1.016452e+00 -1.062384e-02 -4.365810e-01 -2.202590e-01 -5.311913e-01 -3.024089e-02 3.665412e-01 4.404187e-03 -6.731635e-02 2.820304e-01 1.955397e-01 3.000401e-01 4.384474e-02 4.955202e-01
<VARIANCE> 25
 1.071039e+01 3.921668e+01 2.451201e+01 4.694948e+01 3.689863e+01 3.852343e+01 4.264927e+01 4.058493e+01 4.563021e+01 4.287781e+01 4.123562e+01 3.177759e+01 5.535459e-01 3.218499e+00 1.533074e+00 2.157074e+00 2.685012e+00 2.545569e+00 2.367792e+00 2.177601e+00 2.695891e+00 2.974341e+00 2.749643e+00 2.697238e+00 2.158038e+00
<GCONST> 9.869873e+01
<STATE> 4
<MEAN> 25
 8.918314e+00 -3.347658e+00 -6.585453e+00 -1.562540e+01 -2.648928e+00 1.223690e+01 -2.582411e+00 -1.761321e+00 1.177740e+00 1.380305e+00 5.176002e+00 -3.462607e+00 -6.119267e-01 -1.098908e+00 -2.828743e-01 1.094352e+00 1.131328e+00 -6.524233e-01 2.649140e-02 1.500463e-01 7.614749e-01 4.071190e-01 -7.835727e-01 -1.150652e+00 5.457841e-01
<VARIANCE> 25
 1.254734e+01 5.044026e+01 2.571417e+01 4.610289e+01 4.518130e+01 3.932845e+01 4.492943e+01 3.499123e+01 4.684477e+01 4.580001e+01 4.700821e+01 5.185688e+01 4.788864e-01 2.064336e+00 1.269145e+00 2.128251e+00 2.402137e+00 2.930212e+00 1.972623e+00 2.451034e+00 2.452382e+00 2.324692e+00 2.833392e+00 3.002515e+00 1.451133e+00
<GCONST> 9.855128e+01
<TRANSP> 5
 0.000000e+00 1.000000e+00 0.000000e+00 0.000000e+00 0.000000e+00
 0.000000e+00 7.289283e-01 2.710716e-01 0.000000e+00 0.000000e+00
 0.000000e+00 0.000000e+00 7.509311e-01 2.490689e-01 0.000000e+00
 0.000000e+00 0.000000e+00 0.000000e+00 8.190919e-01 1.809081e-01
 0.000000e+00 0.000000e+00 0.000000e+00 0.000000e+00 0.000000e+00
<ENDHMM>
~h "X"
<BEGINHMM>
<NUMSTATES> 5
<STATE> 2
<MEAN> 25
 -7.414740e+00 2.882588e+00 -3.229186e+00 4.434513e+00 1.774300e+00 -4.245360e+00 5.846586e+00 -1.120830e+00 1.177343e+00 1.080264e+00 1.934530e+00 1.979616e+00 -1.397892e-01 4.991201e-02 1.116168e-01 1.573109e-01 1.667294e-01 1.984569e-01 9.049225e-02 6.275652e-02 3.820442e-02 3.142548e-02 4.124033e-02 -4.900813e-03 -2.257438e-01
<VARIANCE> 25
 2.458416e+01 1.030415e+01 2.857175e+01 1.606876e+01 1.636217e+01 2.905315e+01 1.537407e+01 1.732605e+01 2.096214e+01 3.279095e+01 1.776532e+01 1.778127e+01 1.285740e+00 1.136890e+00 7.468807e-01 1.320141e+00 1.557360e+00 1.611753e+00 1.490990e+00 1.344971e+00 2.232771e+00 1.370455e+00 1.759390e+00 1.591700e+00 1.601990e+00
<GCONST> 8.624918e+01
<STATE> 3
<MEAN> 25
 -5.756574e+00 -2.000728e+00 2.897946e+00 4.095674e-01 -5.337082e+00 -9.405301e+00 8.809403e+00 3.628568e+00 -4.457584e+00 7.572345e+00 4.589155e+00 1.547598e+00 -1.337107e+00 -3.599445e-01 -9.171686e-01 3.786919e-01 5.042925e-01 -4.983428e-01 -3.973161e-01 1.289425e-01 4.393373e-01 -4.421808e-01 -3.894441e-02 6.291557e-01 1.386007e+00
<VARIANCE> 25
 5.036818e+01 3.795237e+01 8.836021e+01 6.558978e+01 4.466060e+01 4.885102e+01 6.885850e+01 4.453877e+01 7.213061e+01 3.703230e+01 2.766799e+01 4.416548e+01 5.193203e+00 6.148832e+00 7.875208e+00 5.101323e+00 5.594554e+00 5.756773e+00 3.769511e+00 3.928907e+00 4.914269e+00 3.104023e+00 2.349076e+00 4.022521e+00 2.673981e+01
<GCONST> 1.144635e+02
<STATE> 4
<MEAN> 25
 -1.858732e+01 5.766080e+00 -2.261558e+00 4.672644e+00 6.303164e+00 -5.282512e+00 4.022909e+00 3.051601e+00 4.248483e+00 -3.374618e-01 2.218625e+00 7.148224e+00 3.771248e-01 6.125202e-01 4.057055e-01 -2.409255e-01 2.084857e-01 4.899613e-01 -5.519948e-02 -1.875839e-01 -1.701171e-01 -6.907263e-02 -7.508492e-02 -1.979148e-01 -1.501342e+00
<VARIANCE> 25
 3.974077e+01 2.739646e+01 7.105798e+01 2.198433e+01 2.017084e+01 2.985492e+01 3.693461e+01 2.131150e+01 2.380329e+01 2.308262e+01 1.767273e+01 1.984914e+01 3.413902e+00 1.996976e+00 3.566599e+00 2.185832e+00 1.848400e+00 2.528883e+00 3.191436e+00 1.745924e+00 1.723465e+00 1.539276e+00 1.624754e+00 1.706761e+00 5.161310e+00
<GCONST> 9.640136e+01
<TRANSP> 5
 0.000000e+00 1.000000e+00 0.000000e+00 0.000000e+00 0.000000e+00
 0.000000e+00 9.420233e-01 5.797667e-02 0.000000e+00 0.000000e+00
 0.000000e+00 0.000000e+00 9.006062e-01 9.939381e-02 0.000000e+00
 0.000000e+00 0.000000e+00 0.000000e+00 9.278150e-01 7.218502e-02
 0.000000e+00 0.000000e+00 0.000000e+00 0.000000e+00 0.000000e+00
<ENDHMM>
~h "Y"
<BEGINHMM>
<NUMSTATES> 5
<STATE> 2
<MEAN> 25
 1.664985e-01 -1.683344e+00 7.762535e+00 -2.185858e+00 -6.993841e+00 -4.233172e+00 -1.703480e+00 4.995754e+00 -2.711626e+00 -4.827442e-01 2.125898e+00 4.906619e-01 -1.662097e-01 8.435420e-01 2.371467e+00 -5.790980e-02 -1.664590e+00 -5.793568e-01 -7.950834e-01 -4.181942e-01 -1.285429e+00 5.895490e-02 1.455054e+00 5.840350e-01 4.578052e-01
<VARIANCE> 25
 2.723677e+01 6.487006e+01 7.174947e+01 3.878088e+01 6.322260e+01 4.677211e+01 5.732168e+01 6.430006e+01 5.171213e+01 4.021344e+01 4.255737e+01 2.784867e+01 1.737480e+00 2.615739e+00 3.879520e+00 2.350808e+00 3.679491e+00 3.649296e+00 4.176562e+00 4.567284e+00 3.768221e+00 3.849917e+00 3.195546e+00 2.691957e+00 3.811030e+00
<GCONST> 1.077114e+02
<STATE> 3
<MEAN> 25
 4.878546e-01 1.352684e+00 1.686248e+01 -2.658339e+00 -1.234533e+01 -4.758180e+00 -6.882516e+00 1.156045e+00 -7.655632e+00 -4.436010e-01 6.595661e+00 1.398252e+00 2.445097e-02 -3.482553e-01 -4.709251e-02 -1.505426e-01 -4.599218e-01 -2.590033e-01 -9.232286e-02 1.315274e-01 1.819828e-01 5.539682e-02 3.464639e-01 1.571049e-01 6.120969e-01
<VARIANCE> 25
 1.049868e+01 3.540766e+01 5.120028e+01 3.496939e+01 3.076612e+01 3.913149e+01 4.407851e+01 4.194975e+01 4.324565e+01 5.845474e+01 3.475780e+01 2.811291e+01 6.808501e-01 2.910940e+00 4.212563e+00 1.551391e+00 2.363833e+00 2.248523e+00 3.197233e+00 4.219181e+00 3.641824e+00 2.307060e+00 2.082838e+00 1.581248e+00 2.621604e+00
<GCONST> 9.980886e+01
<STATE> 4
<MEAN> 25
 1.547664e-01 -2.693333e+00 8.031778e+00 -2.764981e+00 -9.797193e+00 -5.110849e+00 -1.966034e+00 4.879784e+00 -1.857565e+00 -1.081052e+00 4.140456e+00 1.257440e+00 3.045809e-01 -9.200879e-01 -1.651751e+00 -1.221931e-01 8.185309e-01 1.955053e-01 6.551163e-01 9.862825e-01 1.082904e+00 -2.825367e-01 -1.064273e+00 -4.939079e-01 4.593524e-01
<VARIANCE> 25
 1.766443e+01 4.242340e+01 7.286296e+01 3.561368e+01 5.459875e+01 3.444526e+01 4.935692e+01 6.486006e+01 4.468244e+01 3.831265e+01 3.895239e+01 2.442229e+01 4.549252e-01 1.637104e+00 3.489688e+00 1.168288e+00 2.921713e+00 1.928406e+00 2.603385e+00 3.323899e+00 2.921937e+00 2.599415e+00 3.138501e+00 1.664034e+00 1.034631e+00
<GCONST> 9.905341e+01
<TRANSP> 5
 0.000000e+00 1.000000e+00 0.000000e+00 0.000000e+00 0.000000e+00
 0.000000e+00 7.277567e-01 2.722434e-01 0.000000e+00 0.000000e+00
 0.000000e+00 0.000000e+00 7.184111e-01 2.815889e-01 0.000000e+00
 0.000000e+00 0.000000e+00 0.000000e+00 8.368917e-01 1.631083e-01
 0.000000e+00 0.000000e+00 0.000000e+00 0.000000e+00 0.000000e+00
<ENDHMM>
~h "Z"
<BEGINHMM>
<NUMSTATES> 5
<STATE> 2
<MEAN> 25
 -3.829285e+00 9.467293e+00 2.668414e+00 4.895269e+00 2.431583e+00 -8.071537e+00 -2.348653e+00 -5.218505e-01 7.475364e-01 -6.130005e-01 -2.045369e+00 3.536456e+00 -2.091777e+00 2.174726e+00 -4.588187e-01 8.649542e-01 1.348717e+00 -6.603710e-02 8.822147e-01 1.242828e-02 1.488959e-01 -2.499995e-01 5.743988e-02 4.376075e-01 -6.789226e-01
<VARIANCE> 25
 4.467566e+01 4.577783e+01 3.699543e+01 3.787453e+01 4.741335e+01 4.225173e+01 5.919120e+01 3.461568e+01 4.111396e+01 2.832336e+01 2.971418e+01 2.479554e+01 2.693527e+00 3.563179e+00 2.646176e+00 3.007568e+00 3.356542e+00 3.257755e+00 3.551533e+00 3.962060e+00 2.844184e+00 2.441167e+00 2.717516e+00 2.194726e+00 1.688316e+00
<GCONST> 1.033243e+02
<STATE> 3
<MEAN> 25
 -1.215605e+01 1.456331e+01 1.770403e+00 7.002456e+00 6.565317e+00 -6.797180e+00 7.076847e-01 7.767970e-01 6.886423e-01 -5.641740e-01 -7.188135e-01 4.300478e+00 -8.575020e-01 6.467299e-02 4.433140e-02 1.474528e-01 2.343673e-01 3.187237e-01 1.294875e-01 7.790183e-02 -5.280210e-02 9.899570e-03 2.217118e-01 6.339043e-02 -1.653984e-02
<VARIANCE> 25
 5.654727e+01 3.867218e+01 3.164539e+01 4.614447e+01 3.903912e+01 4.103855e+01 4.824340e+01 3.503724e+01 2.904919e+01 2.158488e+01 2.726438e+01 2.002937e+01 2.467456e+00 1.939615e+00 1.534050e+00 1.412348e+00 1.955886e+00 1.954459e+00 2.215039e+00 1.802949e+00 1.818321e+00 1.585950e+00 1.566252e+00 1.422831e+00 1.617063e+00
<GCONST> 9.588454e+01
<STATE> 4
<MEAN> 25
 -8.720966e+00 6.781909e+00 -2.383204e-01 4.697069e+00 3.667177e+00 -3.695233e+00 1.274657e+00 8.007240e-01 5.761768e-01 -1.142702e+00 1.762155e-01 3.273388e+00 6.677232e-01 -6.358058e-01 2.002333e-01 -2.655853e-01 -6.675305e-01 -2.035913e-01 -4.100906e-01 -1.920966e-01 7.819287e-02 4.558539e-02 4.501902e-02 2.853527e-02 5.935435e-01
<VARIANCE> 25
 4.954060e+01 6.509778e+01 4.238547e+01 3.293716e+01 3.562238e+01 3.841597e+01 4.180990e+01 3.106612e+01 2.927241e+01 2.255383e+01 2.539711e+01 2.108648e+01 3.735898e+00 2.928846e+00 1.744967e+00 1.813689e+00 2.913424e+00 2.285012e+00 2.574049e+00 2.326687e+00 2.249794e+00 1.797918e+00 1.674083e+00 1.631285e+00 2.012738e+00
<GCONST> 9.876544e+01
<TRANSP> 5
 0.000000e+00 1.000000e+00 0.000000e+00 0.000000e+00 0.000000e+00
 0.000000e+00 7.454385e-01 2.545615e-01 0.000000e+00 0.000000e+00
 0.000000e+00 0.000000e+00 7.613572e-01 2.386428e-01 0.000000e+00
 0.000000e+00 0.000000e+00 0.000000e+00 8.836648e-01 1.163352e-01
 0.000000e+00 0.000000e+00 0.000000e+00 0.000000e+00 0.000000e+00
<ENDHMM>
~h "e"
<BEGINHMM>
<NUMSTATES> 5
<STATE> 2
<MEAN> 25
 3.716288e+00 -1.127495e+00 -1.219967e+00 -2.494733e+00 -7.443622e-01 -8.237391e-01 -4.943535e+00 -1.490747e+00 9.956715e-01 2.747141e+00 1.507105e+00 -1.328342e+00 1.793387e+00 -9.982284e-01 -2.214123e-01 -1.328478e+00 -1.018740e+00 4.256588e-01 -1.568654e+00 3.977160e-01 1.218581e+00 7.610684e-01 7.871076e-01 -1.289085e+00 2.280099e+00
<VARIANCE> 25
 3.568331e+01 2.921326e+01 3.851769e+01 5.234664e+01 4.301429e+01 6.764632e+01 5.345517e+01 5.283343e+01 5.972684e+01 3.843297e+01 4.239154e+01 3.131794e+01 5.837955e+00 3.893558e+00 5.648331e+00 5.392920e+00 5.714001e+00 5.747908e+00 5.937909e+00 7.312091e+00 7.877274e+00 4.710711e+00 5.100757e+00 4.180568e+00 6.251513e+00
<GCONST> 1.136662e+02
<STATE> 3
<MEAN> 25
 6.143054e+00 -3.495083e+00 -1.877933e+00 -4.786029e+00 -2.563714e+00 -1.001717e-01 -7.611114e+00 -2.739190e-01 3.480972e+00 3.943822e+00 2.761666e+00 -3.603372e+00 8.771996e-01 -5.531780e-01 2.025829e-02 -3.078438e-01 -6.006665e-01 3.586870e-01 -5.987834e-01 2.952870e-01 7.875257e-01 2.638690e-01 1.959832e-01 -7.333705e-01 5.868653e-01
<VARIANCE> 25
 1.657443e+01 2.687167e+01 3.884988e+01 5.060008e+01 3.899261e+01 6.700797e+01 5.261668e+01 5.522878e+01 6.131625e+01 4.241451e+01 4.286999e+01 3.463883e+01 2.660680e+00 3.105881e+00 3.326293e+00 5.118173e+00 4.518841e+00 5.251070e+00 4.417140e+00 6.801867e+00 6.879132e+00 4.080055e+00 4.617632e+00 3.303367e+00 4.860951e+00
<GCONST> 1.097955e+02
<STATE> 4
<MEAN> 25
 5.979918e+00 -2.467747e+00 -1.357167e+00 -3.973787e+00 -2.519181e+00 -6.764766e-01 -7.717889e+00 -3.836361e-01 4.111064e+00 4.187375e+00 1.962422e+00 -3.732915e+00 1.055307e-01 4.634579e-01 3.587537e-01 7.501364e-01 -1.850753e-02 -1.804578e-02 4.577788e-01 -2.955099e-01 -2.590904e-01 -3.079079e-01 -3.699869e-01 1.881640e-01 -1.054698e+00
<VARIANCE> 25
 1.679391e+01 3.214386e+01 3.769491e+01 5.351068e+01 4.080578e+01 6.120565e+01 5.405906e+01 5.542100e+01 6.403648e+01 4.523319e+01 4.262791e+01 3.611065e+01 1.345186e+00 2.502736e+00 2.146587e+00 3.787013e+00 3.086532e+00 3.812591e+00 3.342888e+00 4.328032e+00 4.532990e+00 3.230108e+00 3.250432e+00 2.558509e+00 4.028708e+00
<GCONST> 1.056283e+02
<TRANSP> 5
 0.000000e+00 1.000000e+00 0.000000e+00 0.000000e+00 0.000000e+00
 0.000000e+00 3.205090e-01 6.794910e-01 0.000000e+00 0.000000e+00
 0.000000e+00 0.000000e+00 2.264941e-01 7.735059e-01 0.000000e+00
 0.000000e+00 0.000000e+00 0.000000e+00 5.401332e-01 4.598668e-01
 0.000000e+00 0.000000e+00 0.000000e+00 0.000000e+00 0.000000e+00
<ENDHMM>
~h "AI"
<BEGINHMM>
<NUMSTATES> 5
<STATE> 2
<MEAN> 25
 3.972932e+00 -1.174458e+01 -1.540469e+00 -5.251576e+00 -4.712266e+00 -2.146189e+00 -2.546210e-01 1.010505e+01 4.698340e+00 -2.838473e+00 -2.595837e+00 -3.719102e+00 -2.226471e-01 -2.366811e-02 1.423605e+00 -1.791604e-02 -1.664773e+00 -1.097883e+00 6.399305e-01 1.171160e+00 -8.620001e-01 -1.421619e-01 7.367837e-01 6.909511e-01 1.846614e-01
<VARIANCE> 25
 1.035040e+01 2.146100e+01 4.510294e+01 2.576638e+01 4.789375e+01 4.983340e+01 5.001426e+01 4.228911e+01 4.627414e+01 3.818300e+01 4.310446e+01 2.867474e+01 7.438604e-01 2.132629e+00 2.013031e+00 1.530051e+00 2.651543e+00 2.912043e+00 2.402419e+00 3.757795e+00 2.561962e+00 3.034306e+00 3.286702e+00 2.363135e+00 1.025035e+00
<GCONST> 9.839539e+01
<STATE> 3
<MEAN> 25
 2.573730e+00 -7.373950e+00 7.902231e+00 -5.142347e+00 -1.360865e+01 -7.324526e+00 -7.373941e-01 9.525077e+00 -1.829730e+00 9.924924e-01 5.097340e+00 -5.283647e-01 -2.342292e-01 1.086142e+00 1.548814e+00 8.597978e-02 -8.855414e-01 -2.819934e-01 -5.321646e-01 -1.309013e+00 -1.279818e+00 7.166473e-01 1.071311e+00 3.665999e-01 -5.967583e-01
<VARIANCE> 25
 8.954913e+00 1.864727e+01 3.306669e+01 2.372413e+01 2.503333e+01 3.062891e+01 4.177215e+01 4.040793e+01 3.964302e+01 3.758916e+01 3.889475e+01 2.366555e+01 3.592130e-01 1.134946e+00 1.764662e+00 1.018395e+00 1.952555e+00 1.467661e+00 2.252846e+00 2.756615e+00 2.288363e+00 1.990184e+00 2.247490e+00 1.293412e+00 5.956500e-01
<GCONST> 9.056776e+01
<STATE> 4
<MEAN> 25
 1.394521e+00 3.095758e-01 1.130196e+01 -1.238653e+00 -1.137609e+01 -5.734903e+00 -1.703657e+00 1.423833e+00 -5.438836e+00 1.430764e+00 4.458341e+00 4.056114e-02 6.675740e-02 6.983576e-01 -3.923519e-01 6.363093e-01 9.283586e-01 2.464483e-01 8.304896e-02 -5.853097e-01 6.891210e-02 -1.394054e-01 -4.753766e-01 -7.731816e-02 -1.484353e+00
<VARIANCE> 25
 1.737930e+01 3.814314e+01 5.131648e+01 3.240603e+01 4.458976e+01 4.579344e+01 4.796325e+01 5.641066e+01 4.390918e+01 4.287957e+01 3.834809e+01 2.643411e+01 1.074043e+00 1.822970e+00 2.589721e+00 1.904123e+00 2.770587e+00 2.340504e+00 3.013272e+00 3.346507e+00 3.104328e+00 2.327602e+00 2.177552e+00 1.716927e+00 2.191240e+00
<GCONST> 1.003752e+02
<TRANSP> 5
 0.000000e+00 1.000000e+00 0.000000e+00 0.000000e+00 0.000000e+00
 0.000000e+00 7.860972e-01 2.139029e-01 0.000000e+00 0.000000e+00
 0.000000e+00 0.000000e+00 7.409101e-01 2.590899e-01 0.000000e+00
 0.000000e+00 0.000000e+00 0.000000e+00 8.728521e-01 1.271479e-01
 0.000000e+00 0.000000e+00 0.000000e+00 0.000000e+00 0.000000e+00
<ENDHMM>
~h "AU"
<BEGINHMM>
<NUMSTATES> 5
<STATE> 2
<MEAN> 25
 4.951933e+00 -7.594580e+00 -8.741813e+00 -1.046191e+01 1.135088e+00 8.243781e+00 -2.975567e+00 -1.908290e-01 5.768703e+00 2.723941e+00 -1.656153e-01 -7.317353e+00 6.699734e-01 -3.362238e-01 -5.170732e-01 -1.370744e+00 1.350672e-01 1.705073e+00 -1.866655e-01 -3.578077e-01 1.281923e-02 1.340211e-01 8.277162e-01 -5.620545e-01 6.603204e-01
<VARIANCE> 25
 1.319507e+01 2.565615e+01 2.528520e+01 3.770891e+01 3.472914e+01 4.896442e+01 4.263393e+01 4.031291e+01 4.221711e+01 4.308734e+01 4.906351e+01 3.126057e+01 1.631727e+00 2.633698e+00 1.792915e+00 2.789354e+00 2.782127e+00 3.777724e+00 2.748656e+00 3.088679e+00 2.925034e+00 3.158117e+00 3.547302e+00 3.433757e+00 4.002055e+00
<GCONST> 1.020300e+02
<STATE> 3
<MEAN> 25
 7.312420e+00 -4.158230e+00 -8.473673e+00 -1.661730e+01 -1.740694e+00 1.336686e+01 -3.405774e+00 -2.594311e+00 2.746727e+00 2.521665e+00 5.360256e+00 -3.862476e+00 3.766662e-01 1.104760e+00 2.813142e-01 -6.919637e-01 -6.314291e-01 1.383657e-01 -2.145122e-01 -6.490387e-03 -8.471793e-01 -2.482739e-01 5.439484e-01 1.108488e+00 -6.615907e-01
<VARIANCE> 25
 9.809525e+00 2.878838e+01 2.131376e+01 3.113847e+01 3.158936e+01 3.298570e+01 4.257565e+01 3.351814e+01 4.202986e+01 4.690207e+01 4.998174e+01 4.195388e+01 3.685688e-01 1.222440e+00 7.762521e-01 1.447978e+00 1.635577e+00 1.721646e+00 1.863484e+00 1.790177e+00 2.054867e+00 2.110996e+00 2.245311e+00 2.479841e+00 6.428562e-01
<GCONST> 9.183720e+01
<STATE> 4
<MEAN> 25
 8.925867e+00 5.187334e+00 -4.924873e+00 -1.438325e+01 -4.457857e+00 8.597641e+00 -4.085890e+00 -1.279818e+00 -2.265604e+00 3.964944e-01 3.445506e+00 1.569028e+00 -1.791553e-01 4.861663e-01 4.939815e-01 1.479609e+00 2.400703e-01 -9.787643e-01 4.529540e-02 -1.497460e-01 -1.769246e-01 -6.185108e-02 -4.977749e-01 -4.742566e-02 -1.397994e+00
<VARIANCE> 25
 1.874396e+01 3.977697e+01 2.709100e+01 6.574502e+01 4.533382e+01 4.632286e+01 6.153915e+01 4.916051e+01 4.334528e+01 5.366274e+01 4.016581e+01 3.526793e+01 1.065147e+00 2.244108e+00 1.594705e+00 3.882699e+00 3.012543e+00 3.011764e+00 2.980473e+00 2.971718e+00 2.810186e+00 3.040839e+00 2.783025e+00 2.494180e+00 2.066425e+00
<GCONST> 1.026083e+02
<TRANSP> 5
 0.000000e+00 1.000000e+00 0.000000e+00 0.000000e+00 0.000000e+00
 0.000000e+00 7.312732e-01 2.687267e-01 0.000000e+00 0.000000e+00
 0.000000e+00 0.000000e+00 8.350185e-01 1.649816e-01 0.000000e+00
 0.000000e+00 0.000000e+00 0.000000e+00 8.641142e-01 1.358858e-01
 0.000000e+00 0.000000e+00 0.000000e+00 0.000000e+00 0.000000e+00
<ENDHMM>
~h "NG"
<BEGINHMM>
<NUMSTATES> 5
<STATE> 2
<MEAN> 25
 7.934104e+00 -1.496350e+00 3.590529e-01 -2.450567e+00 -3.958918e+00 3.651026e+00 -6.482552e-01 -3.646403e+00 -2.007745e+00 1.835543e+00 -4.260922e-01 -4.244230e+00 4.089757e-01 7.859519e-01 1.394801e+00 7.162105e-01 -1.305162e+00 2.628398e-01 5.289177e-01 -1.400396e+00 -8.655109e-01 5.964208e-01 -5.896730e-01 9.099400e-01 -1.012033e+00
<VARIANCE> 25
 1.068388e+01 2.730553e+01 4.556982e+01 4.513813e+01 5.144970e+01 4.585749e+01 5.174106e+01 5.114458e+01 5.712654e+01 4.361626e+01 4.340761e+01 4.138098e+01 6.870912e-01 1.685364e+00 3.314875e+00 3.463689e+00 3.669162e+00 3.579946e+00 3.814495e+00 4.380170e+00 4.201788e+00 3.475090e+00 3.219879e+00 3.384592e+00 1.104473e+00
<GCONST> 1.033606e+02
<STATE> 3
<MEAN> 25
 8.474401e+00 2.436451e-01 3.824367e+00 -1.212899e+00 -7.124306e+00 4.198575e+00 2.828517e-01 -6.293018e+00 -3.514401e+00 2.347493e+00 -1.899292e+00 -1.570708e+00 4.518273e-02 4.708738e-01 5.703994e-01 4.305080e-01 -2.848719e-01 -6.009270e-02 2.017287e-01 -3.780663e-01 -2.988001e-01 1.152916e-01 -3.066288e-01 3.943090e-01 -5.990790e-01
<VARIANCE> 25
 9.585009e+00 2.143566e+01 2.968611e+01 4.477636e+01 4.220612e+01 4.304763e+01 5.379916e+01 5.140812e+01 4.853081e+01 4.448885e+01 3.863939e+01 3.756133e+01 4.858335e-01 1.209982e+00 1.988383e+00 2.037990e+00 2.385217e+00 2.211315e+00 2.387845e+00 2.749293e+00 2.578446e+00 2.311313e+00 2.057837e+00 2.144156e+00 9.476933e-01
<GCONST> 9.648048e+01
<STATE> 4
<MEAN> 25
 7.058471e+00 2.372176e+00 3.923747e+00 4.969134e-01 -4.817862e+00 2.983166e+00 1.369962e+00 -5.299451e+00 -3.935188e+00 1.797566e+00 -3.259127e+00 -1.081675e+00 -4.849131e-01 3.052122e-01 -2.783437e-01 1.856350e-01 8.308861e-01 -4.356966e-01 8.199803e-02 4.699525e-01 9.166746e-02 -1.965436e-01 -2.811328e-04 -1.166562e-01 -6.184840e-01
<VARIANCE> 25
 1.822272e+01 2.822867e+01 3.401986e+01 4.867865e+01 6.295115e+01 4.451691e+01 5.101863e+01 5.024760e+01 4.456238e+01 4.706432e+01 3.979003e+01 3.766503e+01 9.676996e-01 1.748339e+00 2.095489e+00 2.388082e+00 3.274698e+00 2.614598e+00 2.626398e+00 3.218016e+00 2.886753e+00 2.626485e+00 2.197193e+00 2.244515e+00 2.287121e+00
<GCONST> 1.012168e+02
<TRANSP> 5
 0.000000e+00 1.000000e+00 0.000000e+00 0.000000e+00 0.000000e+00
 0.000000e+00 5.756992e-01 4.243008e-01 0.000000e+00 0.000000e+00
 0.000000e+00 0.000000e+00 6.111465e-01 3.888535e-01 0.000000e+00
 0.000000e+00 0.000000e+00 0.000000e+00 7.526097e-01 2.473903e-01
 0.000000e+00 0.000000e+00 0.000000e+00 0.000000e+00 0.000000e+00
<ENDHMM>
~h "NY"
<BEGINHMM>
<NUMSTATES> 5
<STATE> 2
<MEAN> 25
 4.651103e+00 1.386296e+00 9.109477e+00 -2.918057e+00 -7.000359e+00 -2.661363e+00 -1.598496e+00 2.043460e+00 -5.889056e+00 -2.293382e+00 2.585718e+00 1.176220e+00 -1.640377e-01 -6.833679e-01 6.978443e-02 -2.760845e-01 -3.935171e-01 6.197261e-02 3.085812e-01 7.253240e-01 1.095751e-01 -4.657002e-01 3.310299e-02 1.940453e-02 5.244235e-01
<VARIANCE> 25
 1.909665e+01 4.358389e+01 3.508008e+01 5.259894e+01 3.839597e+01 3.920482e+01 4.482967e+01 6.577174e+01 4.412777e+01 3.994309e+01 3.507182e+01 3.170057e+01 1.963897e+00 5.375856e+00 4.096909e+00 4.798426e+00 4.079460e+00 3.636936e+00 3.999414e+00 8.004070e+00 4.554311e+00 3.150170e+00 3.349019e+00 2.559201e+00 3.092036e+00
<GCONST> 1.074248e+02
<STATE> 3
<MEAN> 25
 3.641401e+00 -7.694893e+00 4.767517e+00 -3.583847e+00 -6.223716e+00 -1.893896e+00 2.236120e-01 9.240507e+00 -1.184091e+00 -6.422739e+00 -6.025537e-01 -2.765319e-01 2.396149e-01 -9.272274e-01 -1.740724e+00 7.126015e-01 1.497409e+00 1.678628e-01 -1.323262e-01 3.498695e-01 1.177603e+00 -6.567278e-01 -1.135165e+00 -3.357674e-01 -1.168227e-02
<VARIANCE> 25
 1.219030e+01 4.087735e+01 2.922917e+01 3.286373e+01 4.769060e+01 3.380800e+01 4.070325e+01 4.646951e+01 3.827687e+01 3.392239e+01 3.292455e+01 2.913245e+01 5.104154e-01 2.205115e+00 1.776580e+00 1.554229e+00 2.342190e+00 1.814121e+00 2.026414e+00 2.800309e+00 2.255388e+00 1.896555e+00 2.044331e+00 1.649802e+00 1.426397e+00
<GCONST> 9.533205e+01
<STATE> 4
<MEAN> 25
 -4.853671e-01 -3.150136e+00 -2.196112e+00 2.276112e+00 2.935991e+00 -1.038221e+00 2.045996e+00 3.864569e+00 8.797303e-01 -4.718829e+00 -2.763219e+00 6.318390e-01 -1.188459e-01 1.934308e-01 -2.842940e-01 1.980517e-01 3.911025e-01 1.096306e-01 -9.358335e-03 -2.496563e-01 1.135354e-01 1.830255e-01 -9.285367e-02 -5.300635e-02 -6.922611e-01
<VARIANCE> 25
 2.647512e+01 5.013351e+01 2.611239e+01 2.816542e+01 4.575612e+01 2.888793e+01 3.537924e+01 4.310091e+01 3.297690e+01 3.912699e+01 3.317287e+01 2.594875e+01 5.551537e-01 1.216411e+00 1.438685e+00 1.383623e+00 1.975566e+00 1.526590e+00 1.747025e+00 1.783813e+00 1.820676e+00 1.723059e+00 1.754025e+00 1.518224e+00 1.258018e+00
<GCONST> 9.306390e+01
<TRANSP> 5
 0.000000e+00 1.000000e+00 0.000000e+00 0.000000e+00 0.000000e+00
 0.000000e+00 8.722312e-01 1.277688e-01 0.000000e+00 0.000000e+00
 0.000000e+00 0.000000e+00 6.487922e-01 3.512077e-01 0.000000e+00
 0.000000e+00 0.000000e+00 0.000000e+00 8.924832e-01 1.075168e-01
 0.000000e+00 0.000000e+00 0.000000e+00 0.000000e+00 0.000000e+00
<ENDHMM>
~h "OI"
<BEGINHMM>
<NUMSTATES> 5
<STATE> 2
<MEAN> 25
 3.826036e+00 1.584278e+00 -4.972916e+00 -1.224799e+01 -6.047349e+00 7.251511e+00 6.605924e-01 -2.173254e+00 -8.642361e-01 -2.366964e+00 3.089542e+00 1.258957e+00 1.916412e+00 -6.711798e-01 -6.419756e-01 -2.516876e+00 -1.231301e+00 1.681298e+00 -6.633059e-01 -2.642262e-01 2.472821e-02 7.275206e-01 1.111501e+00 -2.201395e-01 2.074320e+00
<VARIANCE> 25
 7.275611e+01 3.226009e+01 7.045776e+01 7.420082e+01 6.427593e+01 7.416151e+01 4.431246e+01 4.093652e+01 4.411160e+01 4.101215e+01 4.448779e+01 2.917844e+01 7.542903e+00 2.713159e+00 2.841610e+00 1.057429e+01 4.814954e+00 6.229045e+00 4.984543e+00 3.880467e+00 3.138629e+00 4.058016e+00 4.581288e+00 2.969186e+00 3.908329e+00
<GCONST> 1.122142e+02
<STATE> 3
<MEAN> 25
 6.808684e+00 -3.109512e+00 -5.742369e+00 -1.336142e+01 -5.984235e+00 9.987864e+00 -2.500448e+00 -5.017254e+00 1.546437e-01 4.380217e+00 5.334217e+00 -2.652390e+00 -3.585317e-01 -1.467615e+00 3.370186e-01 1.495291e+00 8.951186e-01 -1.522682e+00 -1.229202e+00 4.407561e-01 7.075610e-01 1.756499e+00 -1.395597e-01 -1.713900e+00 5.631796e-01
<VARIANCE> 25
 2.433781e+01 3.991093e+01 6.646901e+01 7.340355e+01 3.977934e+01 7.542918e+01 6.281907e+01 5.878602e+01 4.271408e+01 4.480843e+01 8.362267e+01 4.910136e+01 7.495484e-01 1.557577e+00 1.828692e+00 4.351401e+00 2.369762e+00 7.145929e+00 3.690215e+00 4.631880e+00 3.476756e+00 4.346812e+00 4.164228e+00 3.835848e+00 1.068392e+00
<GCONST> 1.068657e+02
<STATE> 4
<MEAN> 25
 6.781857e-01 -4.774272e+00 2.198752e+00 -2.358396e+00 -5.495944e+00 -3.949442e+00 -3.639854e+00 3.326448e+00 -3.225862e-01 3.411567e+00 2.935363e+00 -2.482651e+00 -5.109664e-01 2.369188e-01 1.682114e+00 1.023821e+00 -8.418792e-01 -1.708017e+00 -5.839020e-03 8.563565e-01 -6.341655e-01 -6.308675e-01 -8.584704e-02 7.350875e-01 -3.844952e-01
<VARIANCE> 25
 4.107967e+01 3.627531e+01 6.940887e+01 5.282064e+01 5.876688e+01 7.192957e+01 6.789355e+01 5.581116e+01 5.858153e+01 4.780727e+01 4.194977e+01 4.667172e+01 7.802648e-01 1.166037e+00 3.746797e+00 3.124598e+00 2.891453e+00 7.861750e+00 3.274639e+00 6.184436e+00 4.348605e+00 3.025935e+00 3.683999e+00 3.118511e+00 8.070599e-01
<GCONST> 1.068687e+02
<TRANSP> 5
 0.000000e+00 1.000000e+00 0.000000e+00 0.000000e+00 0.000000e+00
 0.000000e+00 7.418306e-01 2.581695e-01 0.000000e+00 0.000000e+00
 0.000000e+00 0.000000e+00 7.544881e-01 2.455119e-01 0.000000e+00
 0.000000e+00 0.000000e+00 0.000000e+00 8.358043e-01 1.641957e-01
 0.000000e+00 0.000000e+00 0.000000e+00 0.000000e+00 0.000000e+00
<ENDHMM>
~h "SY"
<BEGINHMM>
<NUMSTATES> 5
<STATE> 2
<MEAN> 25
 -8.134303e+00 4.218206e+00 3.713137e+00 1.670938e+00 3.184371e+00 -2.841202e+00 2.404198e+00 1.947076e+00 -1.051920e+00 -1.060992e+00 -2.877447e-01 2.927335e+00 -3.301311e+00 7.194431e-01 1.894655e-02 -3.121804e-01 9.598188e-01 4.632602e-01 7.219623e-01 2.210634e-01 3.322453e-01 5.812595e-02 5.982245e-01 3.754879e-01 1.362415e-01
<VARIANCE> 25
 7.340878e+01 4.194889e+01 5.246140e+01 3.043744e+01 4.213639e+01 3.944695e+01 4.378905e+01 4.954200e+01 3.577675e+01 2.937023e+01 2.979592e+01 2.218509e+01 5.784136e+00 4.411732e+00 3.743685e+00 3.136620e+00 4.068146e+00 3.841968e+00 3.810827e+00 4.145085e+00 3.570374e+00 3.156992e+00 2.963610e+00 2.454821e+00 2.499374e+00
<GCONST> 1.064387e+02
<STATE> 3
<MEAN> 25
 -2.023565e+01 4.096509e+00 2.136995e+00 -1.988918e+00 5.026347e+00 6.034530e-01 3.694393e+00 2.439037e+00 1.071944e+00 1.085733e+00 2.563604e+00 4.130811e+00 -7.235889e-01 -3.431368e-01 -1.180611e-01 -3.468169e-01 -1.942228e-01 2.650057e-01 8.478180e-02 -5.481602e-02 2.215954e-01 2.227246e-01 1.853883e-01 1.292503e-01 2.250055e-01
<VARIANCE> 25
 6.521452e+01 2.315592e+01 3.705066e+01 3.158010e+01 2.968227e+01 3.982035e+01 3.311653e+01 3.387032e+01 2.969525e+01 2.615356e+01 2.375570e+01 1.806386e+01 2.413714e+00 1.088068e+00 1.270578e+00 1.339204e+00 1.610208e+00 1.625311e+00 1.641743e+00 1.649144e+00 1.651024e+00 1.555236e+00 1.461560e+00 1.287027e+00 8.149305e-01
<GCONST> 9.197128e+01
<STATE> 4
<MEAN> 25
 -1.506432e+01 4.550415e-01 4.324374e+00 -2.333134e+00 -1.462251e+00 -1.014495e+00 1.712774e+00 1.670752e+00 2.234150e+00 9.821733e-01 2.885075e+00 3.825082e+00 3.106888e+00 -6.882457e-01 4.370279e-01 1.859895e-01 -1.450324e+00 -1.012522e+00 -8.290457e-01 2.560296e-01 -1.799775e-01 -4.217417e-01 -2.608601e-01 -4.515452e-01 1.024294e+00
<VARIANCE> 25
 1.062992e+02 2.629434e+01 4.766628e+01 3.184169e+01 5.285379e+01 4.495135e+01 3.801340e+01 2.992085e+01 3.349528e+01 2.667653e+01 2.695017e+01 2.053061e+01 9.959813e+00 2.726432e+00 3.521071e+00 2.590998e+00 3.547721e+00 3.299863e+00 3.486786e+00 3.680699e+00 3.647890e+00 2.419874e+00 2.488879e+00 2.088773e+00 2.171324e+00
<GCONST> 1.042545e+02
<TRANSP> 5
 0.000000e+00 1.000000e+00 0.000000e+00 0.000000e+00 0.000000e+00
 0.000000e+00 7.889150e-01 2.110849e-01 0.000000e+00 0.000000e+00
 0.000000e+00 0.000000e+00 8.777730e-01 1.222269e-01 0.000000e+00
 0.000000e+00 0.000000e+00 0.000000e+00 8.521326e-01 1.478674e-01
 0.000000e+00 0.000000e+00 0.000000e+00 0.000000e+00 0.000000e+00
<ENDHMM>
~h "sil"
<BEGINHMM>
<NUMSTATES> 5
<STATE> 2
<MEAN> 25
 -3.921044e+00 6.181514e-01 -4.049723e-01 2.898283e+00 3.225791e+00 6.234481e-01 3.436451e+00 3.789741e-01 2.438307e-01 -6.886095e-01 4.342113e-01 2.088518e+00 -1.179623e-01 -5.538907e-02 -8.439432e-02 -1.447262e-02 -2.163579e-02 -8.298846e-02 -7.842244e-03 1.789841e-02 -2.226226e-02 -5.353494e-02 1.447649e-02 5.184227e-02 -2.057675e-01
<VARIANCE> 25
 3.581988e+01 3.737117e+01 4.290430e+01 4.470403e+01 4.321968e+01 4.243643e+01 4.150280e+01 4.067134e+01 3.678648e+01 3.217675e+01 3.231377e+01 2.644211e+01 1.400011e+00 2.061249e+00 2.085716e+00 2.508369e+00 2.293773e+00 2.476078e+00 2.436897e+00 2.855656e+00 2.464608e+00 2.366325e+00 2.067699e+00 1.938502e+00 2.202507e+00
<GCONST> 9.981053e+01
<STATE> 3
<MEAN> 25
 -5.779545e+00 5.385956e-01 -8.575704e-01 4.072604e+00 4.469815e+00 -8.900044e-01 4.912450e+00 2.068500e+00 1.460704e-01 -8.915573e-01 5.346624e-01 4.062288e+00 -2.075279e-02 3.243884e-02 -9.751123e-03 -8.088497e-03 2.804082e-03 8.555597e-03 9.443749e-03 -1.288823e-02 2.347409e-02 2.352965e-02 9.469308e-03 -2.532129e-03 -6.585040e-02
<VARIANCE> 25
 1.084217e+01 3.526128e+01 2.139528e+01 2.856945e+01 2.352756e+01 2.877374e+01 2.672354e+01 3.652196e+01 2.873377e+01 2.617219e+01 2.369261e+01 2.297141e+01 4.752407e-01 1.000240e+00 9.524108e-01 1.558380e+00 1.471112e+00 1.737767e+00 1.665218e+00 2.355398e+00 1.902435e+00 1.958166e+00 1.674008e+00 1.714597e+00 6.393410e-01
<GCONST> 8.851063e+01
<STATE> 4
<MEAN> 25
 -4.900503e+00 2.583998e+00 -1.723026e+00 3.320458e+00 3.808086e+00 1.195998e-01 4.299829e+00 3.994063e-01 1.003641e+00 -2.635465e-01 4.771515e-02 2.888937e+00 -1.635911e-02 2.428847e-02 8.864877e-03 -1.088831e-04 1.188593e-02 2.206445e-02 1.278386e-02 -7.112581e-03 1.228292e-03 1.720712e-02 7.934247e-03 -5.994827e-03 -2.462492e-02
<VARIANCE> 25
 6.794456e+00 1.910768e+01 1.600146e+01 1.316107e+01 1.755913e+01 2.405861e+01 2.024025e+01 2.354075e+01 2.251836e+01 1.941050e+01 1.958953e+01 1.617112e+01 2.145568e-01 4.891008e-01 6.161314e-01 8.006325e-01 1.046992e+00 1.219809e+00 1.327240e+00 1.549938e+00 1.506386e+00 1.532934e+00 1.450389e+00 1.288468e+00 2.015078e-01
<GCONST> 7.807909e+01
<TRANSP> 5
 0.000000e+00 1.000000e+00 0.000000e+00 0.000000e+00 0.000000e+00
 0.000000e+00 9.199279e-01 8.007210e-02 0.000000e+00 0.000000e+00
 0.000000e+00 0.000000e+00 9.530734e-01 4.692654e-02 0.000000e+00
 0.000000e+00 0.000000e+00 0.000000e+00 9.812863e-01 1.871374e-02
 0.000000e+00 0.000000e+00 0.000000e+00 0.000000e+00 0.000000e+00
<ENDHMM>
