~o
<STREAMINFO> 1 25
<VECSIZE> 25<NULLD><MFCC_D_N_Z_0><DIAGC>
~s "silst"
<MEAN> 25
 -4.936013e+00 -6.442970e-01 -2.714438e+00 2.846557e+00 3.487809e+00 -1.717319e+00 3.056598e+00 1.528402e+00 5.257362e-01 -1.283660e+00 -1.362879e-01 2.982080e+00 -5.065932e-02 1.192179e-01 1.036922e-02 1.851636e-02 4.463153e-02 6.344338e-02 5.283973e-02 -3.313665e-02 2.342889e-02 5.374898e-02 3.482743e-02 -1.011867e-02 -1.838006e-01
<VARIANCE> 25
 1.151606e+01 3.422000e+01 1.990965e+01 1.887123e+01 2.258321e+01 2.562304e+01 2.609241e+01 2.977608e+01 2.807997e+01 2.335727e+01 2.296374e+01 1.970978e+01 3.962849e-01 8.047050e-01 8.322008e-01 9.922310e-01 1.177595e+00 1.420695e+00 1.549704e+00 1.698149e+00 1.724281e+00 1.694465e+00 1.547885e+00 1.414217e+00 4.029450e-01
<GCONST> 8.456390e+01
~h "A"
<BEGINHMM>
<NUMSTATES> 5
<STATE> 2
<MEAN> 25
 4.720254e+00 -8.951227e+00 -4.571978e+00 -6.363102e+00 -1.476437e+00 1.981422e+00 -3.134465e+00 5.126797e+00 5.363968e+00 1.407175e-01 -1.954051e+00 -5.157346e+00 5.029991e-01 -2.029745e+00 -1.289669e+00 -8.973023e-01 8.816896e-01 1.329890e+00 3.277673e-01 1.052981e+00 9.865609e-01 -8.505849e-01 -1.174938e+00 -1.411379e+00 1.870088e+00
<VARIANCE> 25
 1.766586e+01 2.663087e+01 3.939127e+01 3.884743e+01 5.675977e+01 6.892329e+01 4.967752e+01 6.815918e+01 4.622758e+01 4.173059e+01 4.661616e+01 3.425888e+01 2.399197e+00 2.333575e+00 2.906027e+00 3.270066e+00 4.101642e+00 4.105184e+00 4.386889e+00 5.809156e+00 4.299341e+00 3.723753e+00 4.000273e+00 3.225617e+00 4.075612e+00
<GCONST> 1.075453e+02
<STATE> 3
<MEAN> 25
 4.660747e+00 -1.218790e+01 -6.972891e+00 -6.703860e+00 2.335395e+00 4.973230e+00 -1.600729e+00 4.643347e+00 5.687061e+00 -2.387196e+00 -4.325709e+00 -6.914639e+00 3.700738e-03 -6.509953e-02 -4.986970e-02 1.652500e-01 3.216585e-01 -7.211506e-02 1.558051e-01 1.464049e-02 -1.058527e-01 -1.295165e-01 -2.422068e-01 -1.939633e-02 -9.509133e-02
<VARIANCE> 25
 9.351984e+00 1.796887e+01 2.802480e+01 2.815318e+01 3.513739e+01 4.760555e+01 3.946335e+01 5.261590e+01 4.036777e+01 3.425503e+01 3.602653e+01 2.992950e+01 3.522613e-01 7.805895e-01 8.872942e-01 1.065616e+00 1.634622e+00 2.088607e+00 1.630733e+00 2.154680e+00 1.524918e+00 1.717500e+00 1.772857e+00 1.379514e+00 4.722582e-01
<GCONST> 8.926186e+01
<STATE> 4
<MEAN> 25
 4.849730e+00 -7.475842e+00 -6.000387e+00 -4.288097e+00 2.082906e+00 1.464642e+00 -9.006937e-01 4.143427e+00 4.652683e+00 -7.960491e-01 -4.602837e+00 -5.382221e+00 -1.254974e-03 1.439371e+00 6.598505e-01 8.466845e-01 -2.585837e-01 -6.323841e-01 -6.107446e-02 -4.411743e-01 -4.305251e-01 3.955521e-01 2.864226e-01 5.712695e-01 -2.186042e+00
<VARIANCE> 25
 1.358614e+01 2.917095e+01 3.216119e+01 3.868859e+01 4.893335e+01 5.276123e+01 4.640944e+01 5.392234e+01 4.291412e+01 4.396503e+01 4.422576e+01 3.422224e+01 1.217756e+00 2.057289e+00 2.058923e+00 2.415675e+00 2.952899e+00 3.190856e+00 3.229948e+00 3.576475e+00 3.071362e+00 2.999615e+00 3.030991e+00 2.464355e+00 2.792986e+00
<GCONST> 1.020725e+02
<TRANSP> 5
 0.000000e+00 1.000000e+00 0.000000e+00 0.000000e+00 0.000000e+00
 0.000000e+00 5.668157e-01 4.331843e-01 0.000000e+00 0.000000e+00
 0.000000e+00 0.000000e+00 7.616342e-01 2.383658e-01 0.000000e+00
 0.000000e+00 0.000000e+00 0.000000e+00 7.199569e-01 2.800431e-01
 0.000000e+00 0.000000e+00 0.000000e+00 0.000000e+00 0.000000e+00
<ENDHMM>
~h "B"
<BEGINHMM>
<NUMSTATES> 5
<STATE> 2
<MEAN> 25
 9.505746e+00 7.590234e+00 4.044128e+00 2.465775e+00 1.510111e+00 4.430847e+00 5.457690e-04 -5.372492e+00 -4.565315e+00 -5.669821e-02 2.644596e-01 -1.975021e+00 8.317036e-01 1.748386e+00 7.185360e-01 5.924037e-01 6.199315e-01 3.699113e-01 9.751117e-01 -4.491329e-01 -5.206595e-01 -2.366327e-01 -4.090424e-01 -1.429411e-01 -1.394515e+00
<VARIANCE> 25
 3.693405e+01 3.533904e+01 2.866476e+01 3.778360e+01 3.394764e+01 3.751640e+01 4.259932e+01 3.852304e+01 4.766214e+01 3.086884e+01 4.108358e+01 2.877459e+01 2.333359e+00 2.085090e+00 2.289640e+00 2.956733e+00 2.652698e+00 2.793496e+00 3.259096e+00 3.325007e+00 3.682058e+00 2.835067e+00 3.017788e+00 2.274615e+00 5.388164e+00
<GCONST> 1.028667e+02
<STATE> 3
<MEAN> 25
 1.127513e+01 1.153645e+01 5.536746e+00 2.864011e+00 1.872648e+00 5.034299e+00 2.596882e+00 -6.179046e+00 -5.919418e+00 -2.421061e-01 -4.951123e-01 -2.101452e+00 -9.379221e-01 -1.288048e+00 -9.292150e-01 -5.740540e-01 2.320812e-01 -7.691789e-01 -8.491250e-01 3.470902e-01 6.408053e-01 -1.247063e-02 7.526380e-01 8.750286e-01 2.259373e+00
<VARIANCE> 25
 1.969077e+01 2.439094e+01 2.038187e+01 2.642798e+01 3.173178e+01 3.607412e+01 2.986604e+01 3.801706e+01 4.496101e+01 3.113354e+01 3.967840e+01 2.656797e+01 2.681205e+00 2.598071e+00 2.747315e+00 3.658767e+00 2.972482e+00 3.468567e+00 2.849720e+00 3.000440e+00 3.789949e+00 2.764253e+00 3.298252e+00 2.417362e+00 4.359810e+00
<GCONST> 1.013181e+02
<STATE> 4
<MEAN> 25
 6.493483e+00 3.107410e+00 1.191576e-01 -1.137186e+00 1.608032e+00 2.718261e+00 -2.486224e+00 -5.316577e+00 -2.239582e+00 1.294799e+00 3.452665e+00 8.248098e-01 -1.009270e+00 -3.499985e+00 -1.920914e+00 -2.751465e+00 -1.647173e+00 -3.278595e-01 -2.586874e+00 1.100264e+00 2.270130e+00 1.390463e+00 1.195968e+00 -5.167407e-01 5.169452e+00
<VARIANCE> 25
 2.544739e+01 3.487580e+01 2.986636e+01 7.238474e+01 3.316520e+01 4.428609e+01 3.813858e+01 3.058545e+01 3.586946e+01 4.060554e+01 3.702410e+01 2.626167e+01 2.392031e+00 3.539194e+00 5.455738e+00 7.024686e+00 4.658211e+00 6.562873e+00 4.918868e+00 6.920949e+00 9.359631e+00 6.522343e+00 5.983601e+00 6.208043e+00 4.021627e+00
<GCONST> 1.107795e+02
<TRANSP> 5
 0.000000e+00 1.000000e+00 0.000000e+00 0.000000e+00 0.000000e+00
 0.000000e+00 7.325165e-01 2.674834e-01 0.000000e+00 0.000000e+00
 0.000000e+00 0.000000e+00 5.084757e-01 4.915243e-01 0.000000e+00
 0.000000e+00 0.000000e+00 0.000000e+00 4.394610e-01 5.605390e-01
 0.000000e+00 0.000000e+00 0.000000e+00 0.000000e+00 0.000000e+00
<ENDHMM>
~h "C"
<BEGINHMM>
<NUMSTATES> 5
<STATE> 2
<MEAN> 25
 -7.175815e-01 6.221369e+00 3.098988e+00 3.677058e+00 1.475166e-01 -6.217075e+00 2.369635e-02 1.597598e-01 9.727258e-03 -9.074907e-01 -1.220309e+00 2.085462e+00 -1.539965e+00 1.552195e-01 -6.936509e-01 -2.354010e-01 7.783757e-01 1.882320e-01 5.362422e-01 -2.854148e-01 1.537364e-01 7.066001e-02 4.448645e-02 1.429340e-01 -1.792395e+00
<VARIANCE> 25
 2.736556e+01 3.474263e+01 3.876170e+01 2.766337e+01 4.047172e+01 4.180561e+01 4.837160e+01 4.225227e+01 3.978232e+01 2.874557e+01 2.849879e+01 2.372745e+01 4.545098e+00 5.207076e+00 3.156405e+00 3.438344e+00 4.195231e+00 3.098507e+00 3.748538e+00 3.344476e+00 3.176980e+00 2.717511e+00 2.630622e+00 2.450616e+00 9.803701e+00
<GCONST> 1.053403e+02
<STATE> 3
<MEAN> 25
 -1.547875e+01 2.563712e+00 -1.765920e+00 -2.085763e+00 4.287383e+00 -2.853283e+00 2.218566e+00 -3.673480e-01 4.017981e-01 7.953319e-01 1.359250e+00 3.744794e+00 -2.945151e+00 -4.454262e-01 -3.282193e-01 -1.306075e+00 -1.520236e-01 -2.358465e-03 1.514491e-01 3.985999e-01 2.497075e-01 1.831437e-01 5.597404e-01 6.209410e-01 4.543713e+00
<VARIANCE> 25
 4.740721e+01 3.069539e+01 3.265387e+01 3.273615e+01 3.367082e+01 3.778571e+01 3.740752e+01 3.266909e+01 2.810892e+01 2.229687e+01 2.167822e+01 1.745502e+01 6.810735e+00 3.490712e+00 4.218490e+00 3.429346e+00 4.150746e+00 3.987765e+00 3.753696e+00 3.558197e+00 3.067138e+00 2.522489e+00 2.511492e+00 1.880603e+00 7.097276e+00
<GCONST> 1.036347e+02
<STATE> 4
<MEAN> 25
 -1.126437e+01 2.199180e+00 2.219390e+00 -2.002479e+00 -1.413634e+00 -5.930574e+00 2.350336e-01 2.133741e+00 1.435030e+00 -9.394339e-01 2.887789e-01 4.102073e+00 5.334859e+00 -1.478852e+00 1.324082e+00 4.824819e-01 -2.175418e+00 -7.265033e-01 -1.803390e+00 9.355887e-01 6.628858e-01 -5.672297e-01 -6.632600e-01 -1.069724e+00 2.169093e+00
<VARIANCE> 25
 9.120645e+01 2.878025e+01 3.467052e+01 3.049747e+01 3.964016e+01 3.725916e+01 5.134105e+01 3.903397e+01 3.134382e+01 2.379860e+01 2.568759e+01 1.859735e+01 3.743361e+00 5.701867e+00 5.850958e+00 4.468389e+00 4.869533e+00 4.732772e+00 4.657668e+00 7.384937e+00 6.049129e+00 3.572214e+00 3.437376e+00 2.728081e+00 2.244397e+00
<GCONST> 1.075873e+02
<TRANSP> 5
 0.000000e+00 1.000000e+00 0.000000e+00 0.000000e+00 0.000000e+00
 0.000000e+00 7.888314e-01 2.111685e-01 0.000000e+00 0.000000e+00
 0.000000e+00 0.000000e+00 7.289008e-01 2.710991e-01 0.000000e+00
 0.000000e+00 0.000000e+00 0.000000e+00 6.396062e-01 3.603938e-01
 0.000000e+00 0.000000e+00 0.000000e+00 0.000000e+00 0.000000e+00
<ENDHMM>
~h "D"
<BEGINHMM>
<NUMSTATES> 5
<STATE> 2
<MEAN> 25
 7.411949e+00 5.298098e+00 6.850480e+00 7.254323e+00 -5.314658e-01 -3.305960e+00 -2.756764e+00 -3.332763e-01 1.616196e+00 -1.148697e+00 -4.223632e+00 -1.465545e+00 8.647814e-01 1.295455e+00 8.897431e-01 9.205250e-01 6.933924e-01 -3.146147e-01 9.987491e-02 -7.471793e-02 2.087106e-01 -2.024384e-01 -6.303774e-01 -2.205044e-01 -1.084020e+00
<VARIANCE> 25
 3.977624e+01 4.782797e+01 3.453384e+01 3.131075e+01 4.829155e+01 3.554281e+01 5.395493e+01 6.340488e+01 4.314920e+01 3.816378e+01 3.753654e+01 3.037304e+01 2.861821e+00 3.296428e+00 2.615521e+00 2.974814e+00 3.950553e+00 2.940574e+00 3.810033e+00 4.960807e+00 3.574559e+00 2.943505e+00 3.270791e+00 2.501090e+00 6.563838e+00
<GCONST> 1.065392e+02
<STATE> 3
<MEAN> 25
 8.800040e+00 7.229030e+00 8.989121e+00 8.338646e+00 8.217733e-01 -3.724167e+00 -2.621840e+00 -2.405349e-01 1.519838e+00 -1.346413e+00 -4.746278e+00 -1.806277e+00 -2.117218e+00 -2.438126e+00 1.768907e-01 -1.822666e+00 -3.258644e-01 -2.556643e-01 -5.784021e-01 7.247946e-01 -8.042300e-01 -1.591517e-01 1.613670e+00 1.393465e+00 3.679178e+00
<VARIANCE> 25
 2.587502e+01 2.915857e+01 2.949255e+01 2.893998e+01 3.615022e+01 3.198917e+01 4.515167e+01 5.219957e+01 4.024974e+01 3.734381e+01 3.074180e+01 2.861337e+01 2.341379e+00 2.962050e+00 3.912966e+00 3.389806e+00 5.277946e+00 4.277939e+00 5.132370e+00 7.596846e+00 6.179739e+00 4.134313e+00 3.655759e+00 3.091621e+00 4.444058e+00
<GCONST> 1.066944e+02
<STATE> 4
<MEAN> 25
 1.873035e+00 -2.933963e+00 7.540713e+00 8.721647e-01 -3.177875e+00 -5.104387e+00 -5.657865e+00 3.141653e+00 3.945893e-02 -1.362429e+00 1.012780e+00 3.316887e+00 -1.147553e+00 -2.612635e+00 -7.730558e-01 -2.294655e+00 -2.822496e+00 -4.012752e-01 -1.312403e+00 1.611516e+00 3.724173e-01 2.034127e-01 1.754117e+00 3.420806e-01 4.848256e+00
<VARIANCE> 25
 1.830605e+01 2.548354e+01 3.894865e+01 3.547038e+01 6.510367e+01 4.658477e+01 7.293219e+01 5.355072e+01 5.854866e+01 2.898498e+01 2.890702e+01 2.437453e+01 3.141626e+00 3.503993e+00 6.273133e+00 4.762992e+00 5.500582e+00 4.439683e+00 6.013746e+00 1.128371e+01 9.657302e+00 4.605015e+00 5.416921e+00 3.950726e+00 4.354697e+00
<GCONST> 1.111430e+02
<TRANSP> 5
 0.000000e+00 1.000000e+00 0.000000e+00 0.000000e+00 0.000000e+00
 0.000000e+00 7.329514e-01 2.670486e-01 0.000000e+00 0.000000e+00
 0.000000e+00 0.000000e+00 4.165800e-01 5.834200e-01 0.000000e+00
 0.000000e+00 0.000000e+00 0.000000e+00 4.101943e-01 5.898057e-01
 0.000000e+00 0.000000e+00 0.000000e+00 0.000000e+00 0.000000e+00
<ENDHMM>
~h "E"
<BEGINHMM>
<NUMSTATES> 5
<STATE> 2
<MEAN> 25
 3.005104e+00 -7.813372e+00 4.137814e+00 -1.514686e+00 -9.015569e+00 -6.400768e+00 -1.311346e+00 7.528826e+00 2.872457e-01 -3.113415e-01 2.047837e+00 -1.140711e+00 4.447378e-01 -1.657676e+00 1.173345e+00 -1.112455e+00 -2.365336e+00 -4.437573e-01 5.938812e-01 2.128053e+00 -3.475453e-01 -4.299388e-01 7.416322e-01 -2.076291e-01 2.714958e+00
<VARIANCE> 25
 2.501484e+01 4.082542e+01 4.694210e+01 3.582661e+01 5.527534e+01 4.214292e+01 6.502462e+01 5.446331e+01 5.046322e+01 3.891895e+01 4.733906e+01 3.029943e+01 3.679267e+00 3.689961e+00 3.505965e+00 3.398624e+00 4.893634e+00 4.270124e+00 5.904491e+00 6.282743e+00 5.188905e+00 4.598075e+00 4.253449e+00 3.129104e+00 6.639235e+00
<GCONST> 1.104731e+02
<STATE> 3
<MEAN> 25
 2.538701e+00 -8.392510e+00 8.181865e+00 -4.318649e+00 -1.412241e+01 -6.569647e+00 1.101338e+00 8.357679e+00 -1.695397e+00 3.932099e-01 5.134268e+00 -1.283219e+00 -5.020339e-02 1.444393e-01 3.842913e-02 -7.090701e-02 2.481077e-02 -2.100850e-04 2.445339e-01 -8.940227e-02 -1.328903e-01 1.102253e-01 -4.099469e-02 -8.105536e-02 -3.664668e-02
<VARIANCE> 25
 8.118383e+00 2.686135e+01 4.299336e+01 2.597548e+01 3.293516e+01 3.705279e+01 4.895948e+01 5.254778e+01 4.357573e+01 4.241555e+01 4.398085e+01 2.706857e+01 3.197801e-01 6.563405e-01 9.702245e-01 9.092439e-01 1.173165e+00 1.111218e+00 1.536108e+00 1.423092e+00 1.428106e+00 1.225135e+00 1.301800e+00 8.791964e-01 5.747583e-01
<GCONST> 8.741496e+01
<STATE> 4
<MEAN> 25
 2.427104e+00 -3.818126e+00 5.836479e+00 -5.780052e-01 -1.013171e+01 -7.795105e+00 2.057814e+00 5.215024e+00 -1.717450e+00 8.395946e-01 2.525214e+00 -9.036260e-01 -9.204321e-03 1.060695e+00 -5.743380e-01 8.280822e-01 1.223795e+00 1.548171e-01 -6.783311e-02 -8.588831e-01 2.234555e-01 -3.687918e-03 -5.540183e-01 1.001485e-01 -2.073817e+00
<VARIANCE> 25
 1.723210e+01 4.253649e+01 4.797982e+01 3.284261e+01 4.506060e+01 4.541825e+01 5.731335e+01 5.752846e+01 5.162997e+01 4.158070e+01 4.749565e+01 2.886599e+01 1.478203e+00 2.152070e+00 2.012119e+00 2.220952e+00 3.198436e+00 2.765196e+00 3.878600e+00 3.333248e+00 3.260103e+00 2.902241e+00 2.667508e+00 2.091887e+00 3.262489e+00
<GCONST> 1.030689e+02
<TRANSP> 5
 0.000000e+00 1.000000e+00 0.000000e+00 0.000000e+00 0.000000e+00
 0.000000e+00 6.452509e-01 3.547492e-01 0.000000e+00 0.000000e+00
 0.000000e+00 0.000000e+00 8.313496e-01 1.686504e-01 0.000000e+00
 0.000000e+00 0.000000e+00 0.000000e+00 7.697198e-01 2.302802e-01
 0.000000e+00 0.000000e+00 0.000000e+00 0.000000e+00 0.000000e+00
<ENDHMM>
~h "F"
<BEGINHMM>
<NUMSTATES> 5
<STATE> 2
<MEAN> 25
 -2.970183e+00 2.221541e+00 -4.952492e-01 3.412106e+00 3.753457e+00 4.435154e-01 1.624125e+00 -2.702200e-01 1.234004e-01 7.198610e-01 -4.455862e-02 1.247721e+00 -3.329287e+00 -1.058044e-01 -4.512935e-01 1.139211e+00 7.069346e-01 -5.982673e-01 3.256062e-01 3.003897e-01 7.665663e-01 -2.131895e-02 -8.940990e-02 5.380915e-01 -8.768080e-01
<VARIANCE> 25
 4.542423e+01 2.522779e+01 3.659559e+01 3.932262e+01 3.548888e+01 4.670457e+01 3.439370e+01 3.465884e+01 3.330159e+01 2.679051e+01 2.639128e+01 2.282037e+01 3.569759e+00 4.311933e+00 4.038187e+00 4.708477e+00 5.480508e+00 4.955571e+00 4.202423e+00 4.384435e+00 3.937575e+00 3.619086e+00 3.361634e+00 2.625293e+00 2.993037e+00
<GCONST> 1.057786e+02
<STATE> 3
<MEAN> 25
 -1.331636e+01 -2.444314e+00 -3.706283e+00 3.804368e+00 2.833990e+00 -1.515740e+00 6.101940e-01 6.661587e-01 1.550888e+00 1.306557e+00 8.533947e-01 3.033460e+00 -5.290871e-01 -4.765119e-01 -2.884098e-01 -7.867624e-02 -4.267288e-02 -9.055548e-03 -6.298102e-03 3.447385e-02 3.887804e-02 4.531645e-02 8.528956e-02 8.971999e-02 -9.581602e-02
<VARIANCE> 25
 2.113301e+01 2.237352e+01 2.511663e+01 2.094530e+01 2.520304e+01 2.706685e+01 2.671112e+01 2.709317e+01 2.486011e+01 2.187261e+01 2.066069e+01 1.876746e+01 1.648877e+00 1.160284e+00 1.375347e+00 1.380929e+00 1.569847e+00 1.728602e+00 1.738171e+00 1.720832e+00 1.729546e+00 1.664046e+00 1.543822e+00 1.430294e+00 1.419055e+00
<GCONST> 8.932297e+01
<STATE> 4
<MEAN> 25
 -8.551671e+00 -2.285394e+00 -3.860960e+00 2.499089e+00 3.279025e+00 -6.441999e-01 1.418471e+00 2.812083e-01 1.064992e+00 1.120701e+00 8.436648e-01 2.117185e+00 3.449228e+00 5.951756e-01 3.006711e-01 -1.106903e+00 -7.305972e-01 4.571132e-01 -2.161760e-01 -3.559145e-01 -4.754947e-01 -2.404758e-01 4.910424e-02 -7.300578e-01 6.589642e-01
<VARIANCE> 25
 5.314337e+01 2.766576e+01 3.121900e+01 3.451183e+01 3.279516e+01 3.483094e+01 3.034215e+01 3.146337e+01 2.826980e+01 2.460216e+01 2.215029e+01 2.013710e+01 7.745845e+00 3.963120e+00 4.619729e+00 5.619815e+00 4.014053e+00 5.112057e+00 3.722306e+00 3.797933e+00 3.711035e+00 3.268552e+00 2.946253e+00 2.903034e+00 6.897073e+00
<GCONST> 1.056937e+02
<TRANSP> 5
 0.000000e+00 1.000000e+00 0.000000e+00 0.000000e+00 0.000000e+00
 0.000000e+00 6.917573e-01 3.082427e-01 0.000000e+00 0.000000e+00
 0.000000e+00 0.000000e+00 8.558004e-01 1.441996e-01 0.000000e+00
 0.000000e+00 0.000000e+00 0.000000e+00 6.810397e-01 3.189603e-01
 0.000000e+00 0.000000e+00 0.000000e+00 0.000000e+00 0.000000e+00
<ENDHMM>
~h "G"
<BEGINHMM>
<NUMSTATES> 5
<STATE> 2
<MEAN> 25
 7.948479e+00 5.660369e+00 7.069909e+00 4.470932e+00 -2.416951e+00 -3.560021e+00 -2.140177e+00 -1.075497e+00 -3.522769e+00 2.424522e+00 -7.328987e-01 -3.374909e+00 4.182696e-01 1.418733e+00 7.117409e-01 1.090700e+00 3.946682e-01 -3.951265e-01 7.738199e-01 -3.932193e-01 -1.637911e-01 -2.301911e-01 -3.681540e-01 -6.330088e-03 -1.887487e+00
<VARIANCE> 25
 2.437946e+01 4.428273e+01 4.105287e+01 3.755427e+01 5.289857e+01 4.958117e+01 6.047538e+01 5.555473e+01 4.784673e+01 4.095494e+01 3.838510e+01 3.336278e+01 2.331882e+00 2.548212e+00 3.161008e+00 3.202281e+00 4.516186e+00 3.746258e+00 4.007665e+00 4.262812e+00 4.831101e+00 3.274325e+00 3.103014e+00 2.744190e+00 4.774150e+00
<GCONST> 1.072287e+02
<STATE> 3
<MEAN> 25
 3.702696e+00 5.612329e+00 5.208561e+00 6.176529e+00 2.170480e+00 -3.670836e+00 1.928647e-01 -1.684592e+00 -3.617766e+00 2.029668e+00 -2.215567e+00 -4.430444e-01 -2.378046e+00 -2.199126e+00 -1.795634e+00 -7.805517e-01 1.409611e+00 -5.730487e-01 -8.481808e-01 7.058432e-01 -1.950415e-01 1.832180e-01 2.359867e-01 1.414006e+00 3.491876e+00
<VARIANCE> 25
 4.753188e+01 5.709877e+01 6.765324e+01 3.426891e+01 7.236882e+01 4.814534e+01 4.719270e+01 4.294916e+01 4.304243e+01 3.113576e+01 2.830950e+01 3.289304e+01 2.696641e+00 3.935140e+00 6.070603e+00 3.952851e+00 7.626145e+00 5.505301e+00 5.028843e+00 5.586829e+00 5.195145e+00 3.845117e+00 4.166348e+00 3.187602e+00 4.756720e+00
<GCONST> 1.111621e+02
<STATE> 4
<MEAN> 25
 1.079023e+00 -3.405132e-01 3.108198e+00 1.494350e+00 -3.324221e+00 -7.161415e+00 -5.074771e+00 2.093262e+00 -2.875913e+00 2.825726e+00 2.665772e+00 9.289789e-01 4.219660e-01 -1.159957e+00 8.586633e-02 -2.033679e+00 -2.761517e+00 1.049887e-01 -1.063128e+00 1.476684e+00 1.112745e+00 -3.768770e-02 1.430102e+00 -6.788898e-01 2.693106e+00
<VARIANCE> 25
 2.066715e+01 2.879826e+01 6.409430e+01 3.281887e+01 9.034002e+01 5.532750e+01 5.984288e+01 5.215150e+01 5.046254e+01 3.698208e+01 4.440314e+01 2.984473e+01 2.682321e+00 3.155351e+00 5.357256e+00 3.739554e+00 7.422677e+00 4.659424e+00 5.099185e+00 6.687073e+00 7.482824e+00 3.762767e+00 5.084526e+00 3.645873e+00 2.452484e+00
<GCONST> 1.106314e+02
<TRANSP> 5
 0.000000e+00 1.000000e+00 0.000000e+00 0.000000e+00 0.000000e+00
 0.000000e+00 7.290533e-01 2.709467e-01 0.000000e+00 0.000000e+00
 0.000000e+00 0.000000e+00 5.909269e-01 4.090731e-01 0.000000e+00
 0.000000e+00 0.000000e+00 0.000000e+00 5.357024e-01 4.642976e-01
 0.000000e+00 0.000000e+00 0.000000e+00 0.000000e+00 0.000000e+00
<ENDHMM>
~h "H"
<BEGINHMM>
<NUMSTATES> 5
<STATE> 2
<MEAN> 25
 8.302823e-01 -2.326552e+00 -1.887695e+00 9.853805e-01 7.169292e+00 3.597171e+00 3.171311e+00 2.354158e+00 4.782863e-01 -6.971189e-01 -2.863965e+00 3.275310e-02 -1.113964e+00 -6.920432e-02 2.204279e-01 1.081197e+00 1.617954e+00 5.422677e-01 9.453719e-01 2.809131e-01 3.998112e-01 -1.924693e-01 -3.485747e-03 6.539684e-01 -9.087729e-01
<VARIANCE> 25
 2.275994e+01 3.633988e+01 4.707686e+01 4.313992e+01 6.520648e+01 5.356034e+01 4.991597e+01 5.063411e+01 4.525724e+01 3.998280e+01 4.274695e+01 3.477842e+01 1.776619e+00 3.289901e+00 3.882353e+00 3.400985e+00 3.881771e+00 3.639379e+00 3.711028e+00 3.993009e+00 3.517208e+00 3.318264e+00 3.276645e+00 2.843257e+00 2.028148e+00
<GCONST> 1.061656e+02
<STATE> 3
<MEAN> 25
 -2.793607e+00 -4.145981e+00 -2.382525e+00 1.621224e+00 8.824815e+00 4.177771e+00 4.618431e+00 3.368090e+00 2.176152e+00 -5.442553e-01 -1.988798e+00 1.574070e+00 -4.503390e-01 -3.024642e-01 -3.269640e-01 -3.617238e-01 -3.010249e-01 -2.883871e-01 -1.716619e-01 -1.705157e-01 3.759699e-02 2.982148e-02 1.846509e-01 1.581122e-01 -8.123573e-01
<VARIANCE> 25
 2.958090e+01 4.075870e+01 4.858178e+01 4.392126e+01 6.679062e+01 5.351868e+01 5.516277e+01 4.833618e+01 4.347950e+01 4.250069e+01 3.837872e+01 3.276031e+01 1.675907e+00 2.994372e+00 2.718035e+00 2.608643e+00 3.235211e+00 3.161536e+00 3.294603e+00 3.267743e+00 2.956768e+00 2.775592e+00 2.685065e+00 2.260291e+00 3.965422e+00
<GCONST> 1.049951e+02
<STATE> 4
<MEAN> 25
 -3.638857e+00 -6.190159e+00 -5.554148e+00 -6.438360e-01 7.175228e+00 2.833572e+00 2.701955e+00 1.144325e+00 1.638505e+00 -1.009669e+00 -1.543501e+00 8.678151e-01 4.401800e-01 3.579369e-01 2.711954e-02 -1.125935e-01 -4.403868e-01 -1.162974e-01 -1.203020e-01 -2.229307e-01 -1.866470e-01 -3.128976e-02 -1.082010e-02 -2.224548e-01 -1.662920e-01
<VARIANCE> 25
 3.336786e+01 5.005053e+01 4.308072e+01 3.444616e+01 4.741285e+01 4.125196e+01 4.241416e+01 3.917055e+01 3.727201e+01 3.431675e+01 3.362698e+01 2.826586e+01 2.053691e+00 2.232667e+00 2.081409e+00 1.923581e+00 2.173873e+00 2.160422e+00 2.360997e+00 2.271610e+00 2.274437e+00 2.104521e+00 1.989411e+00 1.976962e+00 2.754176e+00
<GCONST> 9.975967e+01
<TRANSP> 5
 0.000000e+00 1.000000e+00 0.000000e+00 0.000000e+00 0.000000e+00
 0.000000e+00 4.772944e-01 5.227057e-01 0.000000e+00 0.000000e+00
 0.000000e+00 0.000000e+00 5.691211e-01 4.308789e-01 0.000000e+00
 0.000000e+00 0.000000e+00 0.000000e+00 7.539631e-01 2.460369e-01
 0.000000e+00 0.000000e+00 0.000000e+00 0.000000e+00 0.000000e+00
<ENDHMM>
~h "I"
<BEGINHMM>
<NUMSTATES> 5
<STATE> 2
<MEAN> 25
 -4.705648e-01 1.401247e+00 1.347449e+01 2.119563e+00 -9.304004e+00 -5.808085e+00 -3.406516e+00 -2.295852e+00 -7.429429e+00 -1.056832e+00 3.921565e+00 7.229469e-01 5.654248e-01 5.004155e-02 2.972281e+00 -4.440717e-01 -3.103364e+00 2.749061e-01 -1.392522e+00 -6.095383e-01 -1.849543e+00 -1.015660e-01 1.395249e+00 -4.589758e-01 1.848417e+00
<VARIANCE> 25
 2.796644e+01 3.693782e+01 4.739305e+01 3.727131e+01 5.072993e+01 4.485990e+01 5.065940e+01 5.275404e+01 4.450047e+01 3.710212e+01 3.274208e+01 2.720088e+01 5.512691e+00 3.167486e+00 4.637864e+00 4.445948e+00 4.414710e+00 4.950701e+00 6.416913e+00 5.985876e+00 5.390118e+00 4.801122e+00 3.728038e+00 3.355197e+00 4.209749e+00
<GCONST> 1.100220e+02
<STATE> 3
<MEAN> 25
 -4.573888e-01 3.271657e+00 1.907276e+01 -7.757999e-01 -1.414743e+01 -1.646219e+00 -6.827464e+00 -5.120742e+00 -9.534598e+00 -5.317951e-01 5.400096e+00 -1.279985e+00 6.170156e-02 1.196782e-01 5.656857e-03 -1.337251e-01 -1.834980e-01 1.134376e-01 1.457074e-02 -6.261931e-02 2.982373e-02 1.622647e-01 1.910372e-02 -5.794469e-02 -9.678151e-02
<VARIANCE> 25
 1.094280e+01 2.747247e+01 2.914611e+01 3.789201e+01 2.569139e+01 4.564831e+01 3.803814e+01 4.428950e+01 3.690914e+01 4.857537e+01 3.688951e+01 3.286133e+01 5.325004e-01 1.194336e+00 1.385373e+00 1.367083e+00 1.593559e+00 1.937164e+00 1.901513e+00 2.174042e+00 1.709932e+00 1.574389e+00 1.456969e+00 1.235633e+00 8.800934e-01
<GCONST> 9.193114e+01
<STATE> 4
<MEAN> 25
 9.519848e-01 4.159777e+00 1.323950e+01 2.404181e+00 -9.709011e+00 -4.896387e+00 -2.094759e+00 -3.613636e+00 -6.800569e+00 -1.004665e-01 3.197922e+00 4.142658e-02 2.169286e-01 3.138054e-01 -1.642022e+00 5.701369e-01 1.565349e+00 -2.820151e-01 7.868991e-01 3.272334e-01 9.744554e-01 -4.652881e-02 -7.556223e-01 2.215218e-01 -1.926840e+00
<VARIANCE> 25
 1.881558e+01 3.618299e+01 3.833748e+01 3.619965e+01 4.919741e+01 5.624519e+01 4.454076e+01 5.289286e+01 4.137193e+01 4.000465e+01 4.021478e+01 3.066641e+01 2.237334e+00 2.695859e+00 2.536011e+00 2.709411e+00 3.671435e+00 3.421230e+00 4.062315e+00 4.428349e+00 3.874863e+00 3.180974e+00 3.017267e+00 2.458605e+00 3.867948e+00
<GCONST> 1.049380e+02
<TRANSP> 5
 0.000000e+00 1.000000e+00 0.000000e+00 0.000000e+00 0.000000e+00
 0.000000e+00 6.284586e-01 3.715414e-01 0.000000e+00 0.000000e+00
 0.000000e+00 0.000000e+00 7.928734e-01 2.071265e-01 0.000000e+00
 0.000000e+00 0.000000e+00 0.000000e+00 7.776300e-01 2.223700e-01
 0.000000e+00 0.000000e+00 0.000000e+00 0.000000e+00 0.000000e+00
<ENDHMM>
~h "J"
<BEGINHMM>
<NUMSTATES> 5
<STATE> 2
<MEAN> 25
 4.716640e+00 8.661650e+00 9.848660e+00 5.497344e+00 -2.345421e+00 -4.319277e+00 -6.054387e-01 1.486536e+00 -1.309922e+00 -3.132082e+00 -4.259973e-01 1.136932e+00 -9.312225e-02 1.361838e+00 5.257607e-01 3.224222e-01 8.957835e-01 1.618737e-01 8.736677e-01 5.530326e-02 3.120101e-01 -1.091039e-01 -3.334706e-01 -6.012252e-02 -1.383920e+00
<VARIANCE> 25
 3.151481e+01 3.951517e+01 3.624974e+01 2.842341e+01 4.270665e+01 4.324252e+01 4.969042e+01 3.785587e+01 4.058034e+01 3.211471e+01 2.772685e+01 2.611701e+01 4.926819e+00 2.997690e+00 3.032639e+00 2.889261e+00 3.855436e+00 3.125880e+00 4.059345e+00 4.001107e+00 3.797751e+00 2.951632e+00 2.544560e+00 2.406402e+00 5.840200e+00
<GCONST> 1.049635e+02
<STATE> 3
<MEAN> 25
 -7.373176e+00 9.289482e+00 8.423158e+00 2.879974e+00 3.258203e+00 -3.049253e+00 1.606766e+00 -1.080514e+00 -1.980743e+00 -1.371808e+00 4.032727e-01 3.190842e+00 -1.696492e+00 -1.168682e+00 3.958136e-01 -4.946641e-01 -1.212233e+00 -9.375558e-01 -9.247818e-01 -4.907800e-01 -6.153054e-01 -1.102267e-01 9.655302e-01 1.000306e+00 3.466582e+00
<VARIANCE> 25
 6.721219e+01 3.873878e+01 4.703142e+01 3.337162e+01 4.733361e+01 4.441517e+01 3.480272e+01 3.063786e+01 2.983465e+01 2.225004e+01 2.218920e+01 2.056060e+01 1.327724e+01 3.750800e+00 4.717405e+00 4.205062e+00 9.715514e+00 4.597345e+00 4.073669e+00 4.001963e+00 3.716623e+00 2.687902e+00 2.527613e+00 2.171142e+00 3.554557e+00
<GCONST> 1.071723e+02
<STATE> 4
<MEAN> 25
 -1.121401e-01 2.792377e-01 1.109555e+01 1.064852e+00 -1.061694e+01 -9.058719e+00 -6.484223e+00 2.349128e+00 -1.935494e+00 -2.605484e+00 5.558112e+00 5.315071e+00 2.535382e+00 -2.948536e+00 -1.397959e+00 -1.079473e+00 -1.986938e+00 1.498924e-01 -1.588541e+00 2.328933e+00 1.557115e+00 5.242614e-01 2.013232e-01 -1.193328e+00 1.502951e+00
<VARIANCE> 25
 1.402709e+01 2.793907e+01 2.641057e+01 3.816485e+01 2.681458e+01 2.151293e+01 3.196879e+01 5.116180e+01 4.313502e+01 2.839298e+01 2.405327e+01 2.067136e+01 2.656634e+00 2.789005e+00 4.628684e+00 3.039694e+00 7.486875e+00 3.626137e+00 5.768410e+00 7.003556e+00 5.096579e+00 3.159478e+00 4.607420e+00 2.982356e+00 1.167444e+00
<GCONST> 1.031115e+02
<TRANSP> 5
 0.000000e+00 1.000000e+00 0.000000e+00 0.000000e+00 0.000000e+00
 0.000000e+00 8.006881e-01 1.993119e-01 0.000000e+00 0.000000e+00
 0.000000e+00 0.000000e+00 7.728243e-01 2.271757e-01 0.000000e+00
 0.000000e+00 0.000000e+00 0.000000e+00 6.257270e-01 3.742730e-01
 0.000000e+00 0.000000e+00 0.000000e+00 0.000000e+00 0.000000e+00
<ENDHMM>
~h "K"
<BEGINHMM>
<NUMSTATES> 5
<STATE> 2
<MEAN> 25
 -9.640691e-01 3.415413e+00 -1.648647e+00 1.340712e+00 1.525763e+00 -2.696596e+00 1.099273e+00 -6.673715e-01 -2.208005e-01 1.506803e+00 -1.002130e+00 2.260052e-01 -1.151985e+00 -3.065089e-01 -6.461241e-01 2.371658e-01 6.606526e-01 -2.288575e-01 1.817835e-01 2.060496e-01 1.816850e-01 -2.782330e-03 -1.072594e-01 5.647633e-01 -9.856659e-01
<VARIANCE> 25
 3.364305e+01 3.247271e+01 3.926101e+01 3.627676e+01 4.548546e+01 4.648745e+01 4.429015e+01 4.540379e+01 4.134846e+01 3.534887e+01 3.305856e+01 3.031292e+01 2.466693e+00 4.029551e+00 3.738831e+00 3.253949e+00 4.524761e+00 4.020581e+00 3.908372e+00 3.790899e+00 3.554331e+00 3.201340e+00 2.943381e+00 2.541747e+00 8.691434e+00
<GCONST> 1.066630e+02
<STATE> 3
<MEAN> 25
 -5.278165e+00 -2.551704e+00 -6.439766e+00 8.677784e-01 5.480695e+00 -3.851087e+00 -3.761630e-01 1.147614e+00 -4.992136e-01 2.710485e+00 -1.627300e+00 2.814774e+00 -8.358153e-01 -2.222288e+00 -2.272860e+00 -9.982219e-01 1.385522e+00 -6.697198e-01 -1.051664e+00 9.442439e-01 -8.223673e-03 9.775307e-01 -5.625052e-01 2.399227e-01 5.072074e+00
<VARIANCE> 25
 2.796357e+01 6.099136e+01 6.842462e+01 4.788062e+01 5.648526e+01 5.556940e+01 5.489281e+01 4.479106e+01 4.418360e+01 3.464344e+01 3.132355e+01 2.898392e+01 3.723096e+00 4.972936e+00 6.702479e+00 5.335059e+00 6.224143e+00 6.194489e+00 5.532341e+00 5.324149e+00 5.137867e+00 4.432289e+00 4.110103e+00 3.761026e+00 1.026795e+01
<GCONST> 1.132096e+02
<STATE> 4
<MEAN> 25
 -3.446211e+00 -2.962715e+00 -7.717306e+00 -2.343239e+00 4.838023e+00 -4.073873e+00 -1.736517e+00 2.860559e+00 -1.206475e-01 4.061347e+00 -2.651707e+00 3.795005e-01 2.097218e+00 3.560854e-01 1.502107e+00 -9.774792e-01 -1.888677e+00 6.521304e-01 8.909497e-02 2.685761e-01 1.610659e-01 -5.673823e-01 4.701451e-01 -1.492205e+00 2.760952e+00
<VARIANCE> 25
 3.741866e+01 3.888610e+01 6.398171e+01 5.028856e+01 6.102714e+01 6.402258e+01 5.128139e+01 4.954943e+01 5.165388e+01 4.018436e+01 3.675393e+01 3.873859e+01 4.401638e+00 4.886254e+00 5.751766e+00 5.056497e+00 5.553344e+00 5.413157e+00 5.865859e+00 5.702639e+00 5.648113e+00 4.141463e+00 4.278482e+00 4.436614e+00 7.248194e+00
<GCONST> 1.137446e+02
<TRANSP> 5
 0.000000e+00 1.000000e+00 0.000000e+00 0.000000e+00 0.000000e+00
 0.000000e+00 6.750963e-01 3.249037e-01 0.000000e+00 0.000000e+00
 0.000000e+00 0.000000e+00 5.297483e-01 4.702517e-01 0.000000e+00
 0.000000e+00 0.000000e+00 0.000000e+00 5.310270e-01 4.689730e-01
 0.000000e+00 0.000000e+00 0.000000e+00 0.000000e+00 0.000000e+00
<ENDHMM>
~h "L"
<BEGINHMM>
<NUMSTATES> 5
<STATE> 2
<MEAN> 25
 6.470583e+00 -4.960016e+00 3.842279e-02 -5.335972e+00 -3.026385e+00 1.612572e+00 -8.195035e+00 -4.429254e+00 4.888732e+00 4.187333e+00 1.045345e+00 -2.603392e+00 6.658963e-01 1.360397e-01 7.531001e-01 -6.338003e-01 4.819203e-01 8.804057e-02 -1.495012e+00 -1.483746e+00 1.795145e-01 1.191209e+00 3.626557e-01 -1.293082e-01 -3.905723e-01
<VARIANCE> 25
 1.865798e+01 2.766865e+01 5.387893e+01 6.057950e+01 4.756610e+01 7.029999e+01 6.861279e+01 8.990172e+01 6.070625e+01 4.771733e+01 4.856647e+01 4.001082e+01 1.126885e+00 2.074564e+00 3.376961e+00 4.615637e+00 5.192380e+00 5.869571e+00 4.871090e+00 5.548487e+00 5.064771e+00 4.153048e+00 4.575021e+00 3.463576e+00 1.524730e+00
<GCONST> 1.092101e+02
<STATE> 3
<MEAN> 25
 8.079720e+00 -4.261089e+00 4.029101e-01 -8.328708e+00 -2.274277e+00 3.772673e+00 -9.316320e+00 -7.704495e+00 4.408523e+00 6.468146e+00 3.009159e+00 -2.628992e+00 -1.398627e-02 2.035532e-01 8.127994e-02 -2.028364e-01 2.318903e-01 1.842609e-02 -1.893931e-01 -3.556687e-02 -1.345791e-01 4.234687e-02 4.837565e-02 6.410954e-02 -1.797040e-01
<VARIANCE> 25
 1.256790e+01 2.644207e+01 5.110248e+01 6.837709e+01 4.666429e+01 5.758760e+01 8.012017e+01 7.352299e+01 5.844988e+01 4.602222e+01 4.541384e+01 4.035296e+01 3.891794e-01 8.811488e-01 1.623394e+00 2.167048e+00 1.641247e+00 2.415754e+00 2.421467e+00 2.967233e+00 2.572200e+00 2.115761e+00 2.139465e+00 1.758096e+00 6.473836e-01
<GCONST> 9.802136e+01
<STATE> 4
<MEAN> 25
 6.230465e+00 -2.775817e+00 2.119475e-01 -6.148694e+00 -3.177781e-01 2.142401e+00 -8.276661e+00 -5.075640e+00 3.645183e+00 4.717984e+00 6.306115e-01 -2.234437e+00 -7.112125e-01 -2.031128e-01 -5.219918e-01 7.563744e-01 -8.644370e-02 -2.213542e-01 1.212317e+00 1.535104e+00 -1.209879e-02 -1.026991e+00 -8.275257e-01 -6.968314e-03 -4.504484e-02
<VARIANCE> 25
 1.951196e+01 3.432018e+01 6.349927e+01 7.150091e+01 5.357302e+01 6.174097e+01 8.260103e+01 7.963337e+01 5.839645e+01 5.308457e+01 5.241199e+01 4.190978e+01 1.011897e+00 3.085298e+00 3.471901e+00 4.299893e+00 4.532646e+00 5.112395e+00 5.139783e+00 6.249586e+00 5.411636e+00 4.236492e+00 4.801784e+00 3.488311e+00 3.345667e+00
<GCONST> 1.111163e+02
<TRANSP> 5
 0.000000e+00 1.000000e+00 0.000000e+00 0.000000e+00 0.000000e+00
 0.000000e+00 4.756428e-01 5.243572e-01 0.000000e+00 0.000000e+00
 0.000000e+00 0.000000e+00 6.580143e-01 3.419857e-01 0.000000e+00
 0.000000e+00 0.000000e+00 0.000000e+00 5.098023e-01 4.901976e-01
 0.000000e+00 0.000000e+00 0.000000e+00 0.000000e+00 0.000000e+00
<ENDHMM>
~h "M"
<BEGINHMM>
<NUMSTATES> 5
<STATE> 2
<MEAN> 25
 7.880922e+00 -5.278990e-01 1.301545e+00 -8.632460e-02 -8.594424e-01 5.296453e+00 -9.838784e-01 -6.627960e+00 -6.396555e+00 -1.333957e-01 1.260327e+00 -2.701271e+00 6.042122e-01 1.039630e+00 1.865330e+00 1.983259e+00 8.676206e-03 5.078409e-01 5.312243e-01 -2.541899e+00 -2.819905e+00 -2.816487e-01 -5.169795e-01 2.887169e-01 -6.141908e-01
<VARIANCE> 25
 2.646744e+01 3.383018e+01 3.941701e+01 5.825302e+01 4.037063e+01 4.938649e+01 5.296348e+01 5.912570e+01 6.029671e+01 4.056607e+01 5.138036e+01 3.701902e+01 2.238271e+00 2.708252e+00 3.187793e+00 4.271629e+00 3.610074e+00 4.068417e+00 5.008473e+00 5.245603e+00 5.447193e+00 4.349902e+00 6.044928e+00 3.983488e+00 5.413854e+00
<GCONST> 1.098876e+02
<STATE> 3
<MEAN> 25
 8.459129e+00 8.171369e-01 5.694796e+00 3.446816e+00 -1.602783e+00 6.458031e+00 -6.696543e-01 -1.027217e+01 -1.095559e+01 -1.618608e+00 -9.530679e-01 -1.749484e+00 -2.178027e-02 1.530923e-01 2.154595e-01 1.484097e-01 2.350105e-02 1.392751e-01 1.730150e-01 -1.240285e-01 -2.439621e-01 -1.573325e-01 -2.207659e-01 1.331168e-01 -5.341689e-02
<VARIANCE> 25
 1.011076e+01 2.157474e+01 2.414774e+01 3.846370e+01 4.361387e+01 6.092097e+01 6.079957e+01 5.561607e+01 5.181889e+01 5.517383e+01 6.205264e+01 4.097407e+01 3.717676e-01 8.879665e-01 8.602504e-01 1.245607e+00 1.344388e+00 1.577526e+00 1.490933e+00 1.777746e+00 2.002325e+00 1.769480e+00 2.066535e+00 1.434195e+00 1.131559e+00
<GCONST> 9.313851e+01
<STATE> 4
<MEAN> 25
 8.023856e+00 1.025348e+00 3.720657e+00 1.316157e+00 -1.187115e+00 5.912376e+00 4.237542e-01 -9.020271e+00 -9.550284e+00 -1.632737e+00 -6.611196e-01 -1.256482e+00 -1.342208e-01 -5.659500e-01 -1.656624e+00 -1.869622e+00 -2.212929e-02 -3.996507e-01 -3.754309e-01 1.876059e+00 2.119809e+00 3.316099e-01 8.111777e-01 -3.157150e-01 9.592471e-01
<VARIANCE> 25
 1.475011e+01 2.665443e+01 3.338087e+01 4.815001e+01 4.302841e+01 5.166828e+01 5.101687e+01 5.433010e+01 5.762526e+01 4.469304e+01 5.665156e+01 3.547735e+01 1.110921e+00 2.583760e+00 3.817226e+00 4.675379e+00 3.535117e+00 3.697899e+00 4.212965e+00 4.561568e+00 5.580844e+00 3.723758e+00 4.922330e+00 3.523804e+00 3.769494e+00
<GCONST> 1.070739e+02
<TRANSP> 5
 0.000000e+00 1.000000e+00 0.000000e+00 0.000000e+00 0.000000e+00
 0.000000e+00 6.170635e-01 3.829364e-01 0.000000e+00 0.000000e+00
 0.000000e+00 0.000000e+00 7.632312e-01 2.367688e-01 0.000000e+00
 0.000000e+00 0.000000e+00 0.000000e+00 5.595153e-01 4.404847e-01
 0.000000e+00 0.000000e+00 0.000000e+00 0.000000e+00 0.000000e+00
<ENDHMM>
~h "N"
<BEGINHMM>
<NUMSTATES> 5
<STATE> 2
<MEAN> 25
 7.753851e+00 -3.423574e+00 3.009211e+00 2.141716e+00 -3.917828e+00 -2.076223e+00 -4.610604e+00 -1.391929e+00 1.184396e+00 9.278904e-01 -4.531425e+00 -3.189360e+00 6.512815e-01 2.254135e+00 1.852908e+00 2.058847e+00 -5.810034e-01 -6.252760e-01 2.954784e-01 -3.626008e+00 -1.105096e+00 1.100816e+00 -7.167010e-01 6.196818e-01 -2.187591e+00
<VARIANCE> 25
 9.851786e+00 3.651970e+01 3.773437e+01 3.778365e+01 3.717814e+01 4.375935e+01 4.494134e+01 9.901865e+01 5.616667e+01 4.090915e+01 3.926541e+01 3.649191e+01 7.267472e-01 1.815544e+00 3.239370e+00 2.856401e+00 3.637669e+00 5.099534e+00 5.052275e+00 5.599697e+00 4.906893e+00 4.581123e+00 4.577054e+00 3.355117e+00 9.543701e-01
<GCONST> 1.044597e+02
<STATE> 3
<MEAN> 25
 8.527751e+00 1.738905e+00 7.023496e+00 5.627590e+00 -5.473739e+00 -2.066856e+00 -2.864044e+00 -8.401713e+00 -1.912331e+00 2.762053e+00 -5.323127e+00 -1.100085e+00 3.452604e-02 5.937036e-01 2.072515e-01 2.821621e-01 1.026356e-01 1.198750e-01 2.407766e-01 -3.189907e-01 -3.928365e-01 1.026042e-01 -5.080803e-02 2.321174e-01 -6.697711e-01
<VARIANCE> 25
 8.831824e+00 1.888240e+01 2.568969e+01 3.021519e+01 3.530159e+01 5.092202e+01 5.230240e+01 5.512979e+01 5.309715e+01 4.464063e+01 5.162592e+01 4.471011e+01 3.091411e-01 8.651225e-01 9.459525e-01 9.959465e-01 1.409585e+00 1.521651e+00 1.768681e+00 2.223719e+00 1.994147e+00 1.765988e+00 1.804337e+00 1.489829e+00 6.012208e-01
<GCONST> 9.118692e+01
<STATE> 4
<MEAN> 25
 5.483983e+00 4.474660e+00 5.690123e+00 6.329246e+00 -6.819911e-01 -1.819752e+00 -7.636845e-01 -6.042807e+00 -2.885982e+00 1.318420e+00 -5.290275e+00 -3.286521e-01 -9.567409e-01 6.723752e-02 -5.748577e-01 -3.998713e-01 9.575888e-01 1.042202e-01 1.539463e-01 1.101681e+00 1.515697e-01 -6.215593e-01 4.643462e-01 4.837704e-02 -1.010548e+00
<VARIANCE> 25
 2.685262e+01 3.319815e+01 3.043076e+01 3.428431e+01 4.914687e+01 3.957121e+01 5.255002e+01 6.374805e+01 5.097593e+01 4.824870e+01 4.731102e+01 3.763390e+01 1.672567e+00 3.277906e+00 2.703061e+00 3.005883e+00 3.699647e+00 3.617320e+00 4.161430e+00 5.206831e+00 4.144508e+00 3.515653e+00 3.497911e+00 2.900146e+00 4.502878e+00
<GCONST> 1.066389e+02
<TRANSP> 5
 0.000000e+00 1.000000e+00 0.000000e+00 0.000000e+00 0.000000e+00
 0.000000e+00 6.201704e-01 3.798297e-01 0.000000e+00 0.000000e+00
 0.000000e+00 0.000000e+00 7.640224e-01 2.359775e-01 0.000000e+00
 0.000000e+00 0.000000e+00 0.000000e+00 6.818554e-01 3.181446e-01
 0.000000e+00 0.000000e+00 0.000000e+00 0.000000e+00 0.000000e+00
<ENDHMM>
~h "O"
<BEGINHMM>
<NUMSTATES> 5
<STATE> 2
<MEAN> 25
 6.598325e+00 -4.664325e-01 -5.711627e+00 -9.732443e+00 -3.563913e+00 6.381127e+00 -4.608221e+00 -1.896755e+00 1.236620e+00 1.779102e+00 4.263956e+00 -9.377143e-01 1.729243e+00 -5.157253e-01 -7.274702e-01 -2.933457e+00 -1.355170e+00 2.545061e+00 -3.480242e-01 -1.019457e-01 4.986133e-01 -1.290289e-02 1.347612e+00 -5.664982e-01 2.041355e+00
<VARIANCE> 25
 2.607076e+01 3.481482e+01 3.817349e+01 8.111858e+01 5.115396e+01 5.681715e+01 7.130811e+01 5.271569e+01 5.729637e+01 5.253320e+01 4.525204e+01 3.551416e+01 4.093326e+00 2.881174e+00 5.488663e+00 5.576227e+00 6.971839e+00 5.203480e+00 5.231785e+00 6.302290e+00 5.373042e+00 5.596367e+00 4.524286e+00 3.848127e+00 4.770334e+00
<GCONST> 1.131929e+02
<STATE> 3
<MEAN> 25
 8.578854e+00 -1.485912e+00 -6.872948e+00 -1.657288e+01 -5.456008e+00 1.266291e+01 -3.180300e+00 -1.911231e+00 1.670404e+00 -3.170280e-01 6.969188e+00 -7.189572e-01 7.717244e-02 -7.286768e-02 -1.449673e-01 -4.669916e-01 6.519809e-02 5.069154e-01 2.234005e-01 -4.392829e-03 -7.391860e-02 -1.368981e-01 1.844792e-01 3.901809e-02 8.092916e-02
<VARIANCE> 25
 1.052231e+01 2.931750e+01 2.591242e+01 4.880605e+01 4.147129e+01 3.602429e+01 5.500754e+01 4.689524e+01 4.413391e+01 5.440701e+01 3.931815e+01 3.742660e+01 3.354389e-01 1.040238e+00 9.000385e-01 2.012060e+00 1.528045e+00 1.788594e+00 2.053757e+00 1.884138e+00 2.219666e+00 2.302043e+00 1.682256e+00 1.613124e+00 7.269461e-01
<GCONST> 9.327364e+01
<STATE> 4
<MEAN> 25
 7.785789e+00 3.962495e-01 -6.625276e+00 -1.264637e+01 -2.629190e+00 8.915505e+00 -2.552751e+00 -2.142664e+00 2.233528e-01 1.652675e+00 4.452864e+00 -9.281813e-01 -3.059601e-01 2.453742e-01 4.629676e-01 1.829548e+00 5.571669e-01 -1.409659e+00 8.279783e-02 -1.075555e-01 6.215780e-02 3.254083e-01 -8.927831e-01 -1.153845e-01 -1.489048e+00
<VARIANCE> 25
 1.426573e+01 4.233475e+01 2.862925e+01 5.156781e+01 4.530824e+01 4.421477e+01 6.860432e+01 4.898616e+01 5.307293e+01 5.628382e+01 4.414882e+01 4.389460e+01 1.053017e+00 2.321370e+00 1.938522e+00 3.474141e+00 3.290554e+00 3.324408e+00 3.727648e+00 3.591872e+00 3.906453e+00 3.863985e+00 3.100190e+00 2.802065e+00 3.133625e+00
<GCONST> 1.047478e+02
<TRANSP> 5
 0.000000e+00 1.000000e+00 0.000000e+00 0.000000e+00 0.000000e+00
 0.000000e+00 5.938268e-01 4.061731e-01 0.000000e+00 0.000000e+00
 0.000000e+00 0.000000e+00 7.822199e-01 2.177801e-01 0.000000e+00
 0.000000e+00 0.000000e+00 0.000000e+00 7.692461e-01 2.307540e-01
 0.000000e+00 0.000000e+00 0.000000e+00 0.000000e+00 0.000000e+00
<ENDHMM>
~h "P"
<BEGINHMM>
<NUMSTATES> 5
<STATE> 2
<MEAN> 25
 1.862349e+00 5.430288e+00 -1.404015e+00 5.332599e-01 1.917225e+00 6.673366e-01 1.892787e+00 -2.733260e+00 -8.229515e-01 5.950199e-01 -6.752117e-01 -3.977606e-01 -1.290578e+00 1.521187e-01 -1.352082e-01 4.082579e-01 2.256847e-01 -6.521561e-01 2.804959e-01 2.773614e-01 2.985745e-01 -4.240565e-02 -9.284163e-02 4.664893e-01 -1.319266e+00
<VARIANCE> 25
 3.990115e+01 2.456159e+01 3.339932e+01 3.413940e+01 2.724479e+01 4.067367e+01 3.252118e+01 3.265752e+01 3.932590e+01 2.814726e+01 2.841410e+01 2.855736e+01 1.739534e+00 2.373968e+00 2.047287e+00 2.403407e+00 2.351092e+00 2.678241e+00 2.469182e+00 2.501806e+00 2.873166e+00 2.402354e+00 2.517539e+00 2.092803e+00 7.240884e+00
<GCONST> 9.980596e+01
<STATE> 3
<MEAN> 25
 -3.985567e+00 3.326918e+00 -9.875294e-01 2.426973e+00 2.790876e+00 -1.709427e+00 2.154891e+00 -1.057270e+00 -1.143009e-01 4.761555e-02 -5.056668e-01 2.048603e+00 1.665357e-01 -1.898033e+00 -6.256791e-01 -8.627415e-01 -2.494704e-01 -2.304091e-03 -6.228600e-01 8.728299e-02 1.290239e-01 5.648091e-02 6.576111e-01 1.404357e-01 5.696953e+00
<VARIANCE> 25
 2.202990e+01 2.796840e+01 2.243830e+01 2.217252e+01 2.553404e+01 2.598987e+01 3.146708e+01 2.998268e+01 3.057442e+01 2.198199e+01 2.133142e+01 2.013741e+01 4.314297e+00 3.068476e+00 3.806622e+00 4.389887e+00 3.432789e+00 4.863308e+00 3.626458e+00 3.814682e+00 4.090224e+00 3.235696e+00 3.149784e+00 2.770131e+00 7.374179e+00
<GCONST> 1.020889e+02
<STATE> 4
<MEAN> 25
 3.697975e-01 -1.850729e+00 -4.533401e+00 -2.902977e+00 7.080936e-01 3.326533e-01 3.087223e-01 -1.934898e+00 2.954697e-01 6.303496e-01 1.816832e+00 6.720600e-01 2.907651e+00 -2.336322e+00 -1.058674e+00 -3.133269e+00 -1.390305e+00 2.135183e+00 -1.239954e+00 -5.515675e-03 2.639134e-01 2.543671e-01 1.063462e+00 -1.481348e+00 6.870834e+00
<VARIANCE> 25
 4.362444e+01 2.825013e+01 2.670249e+01 6.097701e+01 2.912826e+01 5.859132e+01 3.068746e+01 2.835402e+01 2.832711e+01 2.409760e+01 2.535134e+01 2.615095e+01 3.893068e+00 6.258980e+00 6.283201e+00 7.409470e+00 5.656885e+00 8.807460e+00 5.729342e+00 6.243483e+00 6.204490e+00 4.692448e+00 4.687669e+00 4.896879e+00 9.204768e+00
<GCONST> 1.109364e+02
<TRANSP> 5
 0.000000e+00 1.000000e+00 0.000000e+00 0.000000e+00 0.000000e+00
 0.000000e+00 7.511871e-01 2.488130e-01 0.000000e+00 0.000000e+00
 0.000000e+00 0.000000e+00 3.727899e-01 6.272101e-01 0.000000e+00
 0.000000e+00 0.000000e+00 0.000000e+00 4.090047e-01 5.909953e-01
 0.000000e+00 0.000000e+00 0.000000e+00 0.000000e+00 0.000000e+00
<ENDHMM>
~h "Q"
<BEGINHMM>
<NUMSTATES> 5
<STATE> 2
<MEAN> 25
 -3.782317e+00 -3.106691e-01 -4.272261e+00 1.016538e+00 4.666088e+00 -1.367907e+00 3.059508e-01 -1.914986e+00 2.880384e-01 2.823793e+00 -3.731375e-01 7.898351e-01 -3.355263e-01 -4.422199e-01 -8.280255e-01 -2.915580e-01 7.231997e-01 1.939184e-01 2.785047e-01 1.738698e-01 1.062619e-01 2.272725e-01 -2.736615e-01 2.622478e-01 2.686811e-01
<VARIANCE> 25
 4.445063e+01 6.208244e+01 5.992600e+01 4.314873e+01 6.175253e+01 7.738911e+01 5.924037e+01 5.612960e+01 4.429586e+01 4.356712e+01 4.236522e+01 3.596679e+01 4.802646e+00 7.332715e+00 5.723271e+00 5.437580e+00 6.238599e+00 6.606823e+00 5.309442e+00 5.387282e+00 4.393725e+00 4.151705e+00 3.935517e+00 3.211669e+00 1.594989e+01
<GCONST> 1.154847e+02
<STATE> 3
<MEAN> 25
 -3.996366e+00 4.062122e-01 -4.601245e+00 -5.255083e-01 3.463700e+00 -1.345441e+00 1.502369e+00 -1.649969e+00 -5.968388e-01 4.254137e+00 -6.450382e-01 1.337047e+00 4.851679e-03 5.361839e-01 4.742048e-02 2.038309e-01 -1.440967e-01 1.045379e-01 5.005167e-01 3.117060e-01 -3.025260e-01 -4.167936e-01 1.580473e-02 9.188765e-02 -1.182556e+00
<VARIANCE> 25
 3.057227e+01 3.587652e+01 6.252774e+01 4.459800e+01 5.124166e+01 5.474134e+01 5.096309e+01 4.644868e+01 4.787456e+01 3.001941e+01 3.214753e+01 3.269963e+01 1.990748e+00 2.439970e+00 2.481493e+00 2.502143e+00 3.225383e+00 2.423300e+00 3.071512e+00 2.756354e+00 2.795621e+00 2.476766e+00 2.390391e+00 2.254611e+00 6.455915e+00
<GCONST> 1.039003e+02
<STATE> 4
<MEAN> 25
 -3.656672e+00 1.861339e+00 -1.891903e+00 2.856023e+00 2.302054e+00 -2.250554e+00 3.288618e+00 -1.042286e+00 -1.703942e+00 4.063698e-01 3.176761e-02 2.181182e+00 -1.998286e-02 3.372139e-02 5.360718e-02 -8.979615e-03 8.167198e-02 9.373062e-02 7.333943e-02 2.296617e-01 5.697570e-02 -1.460937e-01 -4.591884e-02 -4.323661e-02 -7.123715e-02
<VARIANCE> 25
 1.521236e+01 3.083348e+01 2.617166e+01 2.389849e+01 2.469881e+01 2.709272e+01 2.794910e+01 2.760654e+01 2.399680e+01 2.432862e+01 2.253609e+01 1.726197e+01 7.855858e-01 1.331357e+00 1.499442e+00 1.468523e+00 1.619604e+00 1.689625e+00 1.711774e+00 2.129954e+00 1.997358e+00 1.925999e+00 1.867182e+00 1.688724e+00 1.187851e+00
<GCONST> 8.982613e+01
<TRANSP> 5
 0.000000e+00 1.000000e+00 0.000000e+00 0.000000e+00 0.000000e+00
 0.000000e+00 7.911704e-01 2.088296e-01 0.000000e+00 0.000000e+00
 0.000000e+00 0.000000e+00 6.665140e-01 3.334860e-01 0.000000e+00
 0.000000e+00 0.000000e+00 0.000000e+00 8.256768e-01 1.743232e-01
 0.000000e+00 0.000000e+00 0.000000e+00 0.000000e+00 0.000000e+00
<ENDHMM>
~h "R"
<BEGINHMM>
<NUMSTATES> 5
<STATE> 2
<MEAN> 25
 6.033864e+00 -6.006933e+00 -4.989213e+00 -2.116303e-01 -3.696139e+00 -1.229041e+00 -4.750026e+00 3.254558e-01 6.795862e+00 2.434625e+00 8.325531e-02 -3.203334e+00 5.606321e-01 -2.612387e-02 5.909899e-02 1.826316e+00 -4.494730e-01 -3.429480e-01 -6.834714e-01 -5.729489e-01 6.905531e-01 -1.437877e-01 1.564255e-01 2.456206e-01 -9.085876e-01
<VARIANCE> 25
 1.926134e+01 2.566886e+01 4.104947e+01 3.959105e+01 4.755716e+01 4.940877e+01 5.327551e+01 7.354632e+01 5.112921e+01 4.119402e+01 4.155583e+01 3.825094e+01 2.273040e+00 2.346455e+00 3.310144e+00 5.388442e+00 5.184764e+00 5.220831e+00 4.966995e+00 5.381216e+00 5.145180e+00 4.918481e+00 4.644065e+00 3.654558e+00 3.798976e+00
<GCONST> 1.091397e+02
<STATE> 3
<MEAN> 25
 7.240491e+00 -5.594522e+00 -4.284557e+00 3.635848e+00 -4.499062e+00 -1.827020e+00 -6.529209e+00 -6.906900e-01 7.060668e+00 2.538033e+00 9.369544e-01 -2.973225e+00 -1.583166e-02 2.998753e-01 5.988128e-01 6.789919e-01 3.395972e-01 -3.594068e-01 -2.188858e-01 -2.691915e-02 -7.355373e-01 -1.018722e-01 9.408936e-02 5.237022e-01 -1.006672e+00
<VARIANCE> 25
 1.495657e+01 2.147331e+01 4.422579e+01 3.525680e+01 5.322311e+01 4.670777e+01 5.055087e+01 6.502009e+01 4.974653e+01 4.344432e+01 3.865932e+01 3.421129e+01 1.779561e+00 2.106560e+00 2.970670e+00 3.026845e+00 4.893706e+00 4.583695e+00 4.256390e+00 5.089227e+00 4.682468e+00 3.944523e+00 3.837606e+00 3.278495e+00 2.873741e+00
<GCONST> 1.060604e+02
<STATE> 4
<MEAN> 25
 4.161905e+00 -3.358801e+00 -2.280036e+00 3.566732e+00 -2.881976e-01 -2.560358e+00 -3.714648e+00 2.880832e-01 3.657079e+00 1.318633e+00 -1.020839e-02 -5.845470e-01 -3.050679e-01 2.966047e-01 4.898328e-01 -1.517494e-01 1.310179e-01 2.334514e-02 2.930043e-01 1.017210e-01 -8.195494e-01 -2.146207e-01 8.445464e-02 3.192193e-01 -5.924629e-01
<VARIANCE> 25
 3.404620e+01 2.776735e+01 5.333878e+01 3.535317e+01 5.473933e+01 5.359323e+01 5.618272e+01 5.527870e+01 4.578939e+01 4.188019e+01 4.155798e+01 3.169620e+01 2.229859e+00 2.585241e+00 2.888536e+00 2.257400e+00 3.906890e+00 3.447754e+00 3.462010e+00 3.703369e+00 3.869267e+00 2.953747e+00 2.935849e+00 2.548295e+00 3.085691e+00
<GCONST> 1.054613e+02
<TRANSP> 5
 0.000000e+00 1.000000e+00 0.000000e+00 0.000000e+00 0.000000e+00
 0.000000e+00 3.630784e-01 6.369216e-01 0.000000e+00 0.000000e+00
 0.000000e+00 0.000000e+00 3.929002e-01 6.070998e-01 0.000000e+00
 0.000000e+00 0.000000e+00 0.000000e+00 5.846698e-01 4.153302e-01
 0.000000e+00 0.000000e+00 0.000000e+00 0.000000e+00 0.000000e+00
<ENDHMM>
~h "S"
<BEGINHMM>
<NUMSTATES> 5
<STATE> 2
<MEAN> 25
 -7.659936e+00 6.430687e+00 3.414754e-01 1.979333e+00 5.398479e+00 -4.722665e+00 1.759708e+00 1.987050e+00 8.899413e-01 8.786933e-02 -1.467629e+00 2.292512e+00 -4.582603e+00 1.850718e+00 -6.887307e-01 4.959559e-01 1.623310e+00 -2.775290e-01 1.360032e+00 6.674893e-01 2.472710e-01 -3.251577e-01 5.416673e-01 8.226535e-01 -3.166808e-01
<VARIANCE> 25
 6.670494e+01 4.389485e+01 4.321227e+01 3.440514e+01 4.449051e+01 4.154018e+01 6.674203e+01 4.727336e+01 4.203364e+01 3.175358e+01 3.571017e+01 2.717164e+01 3.074586e+00 5.490523e+00 4.139827e+00 4.238925e+00 5.275219e+00 4.561472e+00 5.283437e+00 5.259388e+00 4.023297e+00 3.521649e+00 3.529892e+00 2.876765e+00 3.154707e+00
<GCONST> 1.092004e+02
<STATE> 3
<MEAN> 25
 -2.247007e+01 7.132956e+00 -4.611398e+00 1.598226e+00 6.916227e+00 -3.454727e+00 4.497540e+00 3.344708e+00 1.762522e+00 6.964749e-01 1.732200e+00 4.716999e+00 -6.362552e-01 -5.226793e-01 -4.054650e-01 -2.022427e-01 -1.832957e-01 6.772770e-02 6.424263e-02 5.796644e-02 1.250573e-01 1.066781e-01 1.760110e-01 1.864329e-01 -2.371863e-01
<VARIANCE> 25
 1.645014e+01 2.320875e+01 3.628400e+01 3.410009e+01 3.639603e+01 3.816280e+01 4.702020e+01 3.670983e+01 3.522110e+01 2.422494e+01 2.497678e+01 2.194916e+01 2.550602e+00 1.418953e+00 1.725266e+00 1.409606e+00 1.625990e+00 1.761247e+00 1.859914e+00 1.865711e+00 1.874847e+00 1.714194e+00 1.671431e+00 1.451295e+00 8.836361e-01
<GCONST> 9.315926e+01
<STATE> 4
<MEAN> 25
 -1.465951e+01 3.743341e+00 -3.262793e+00 6.085345e-01 4.580586e+00 -4.695158e+00 2.163674e+00 2.492331e+00 2.286581e+00 3.620324e-01 -1.838183e-01 3.294746e+00 4.476936e+00 -5.769520e-01 1.020172e+00 -2.762828e-01 -1.173559e+00 2.013089e-02 -1.569017e+00 -9.703236e-01 -5.882338e-02 -4.076811e-02 -7.447240e-01 -1.211671e+00 2.037827e-01
<VARIANCE> 25
 6.685718e+01 3.073951e+01 4.105818e+01 3.224994e+01 3.669196e+01 4.061280e+01 5.724712e+01 4.115745e+01 3.645299e+01 2.721368e+01 2.899880e+01 2.632777e+01 6.618586e+00 4.007196e+00 4.754863e+00 4.007915e+00 3.730842e+00 4.590566e+00 5.308115e+00 4.969564e+00 4.465787e+00 3.016275e+00 3.059421e+00 2.913183e+00 6.274137e+00
<GCONST> 1.083356e+02
<TRANSP> 5
 0.000000e+00 1.000000e+00 0.000000e+00 0.000000e+00 0.000000e+00
 0.000000e+00 7.224988e-01 2.775012e-01 0.000000e+00 0.000000e+00
 0.000000e+00 0.000000e+00 8.486983e-01 1.513017e-01 0.000000e+00
 0.000000e+00 0.000000e+00 0.000000e+00 7.052922e-01 2.947078e-01
 0.000000e+00 0.000000e+00 0.000000e+00 0.000000e+00 0.000000e+00
<ENDHMM>
~h "T"
<BEGINHMM>
<NUMSTATES> 5
<STATE> 2
<MEAN> 25
 5.486277e-01 4.577344e+00 -1.470782e+00 1.237492e+00 1.631303e+00 -3.526019e+00 -7.220883e-01 -1.431023e+00 2.490959e+00 1.615533e+00 -2.105434e+00 -1.023077e+00 -9.182606e-01 2.564565e-01 -1.648555e-01 1.874617e-01 1.069345e-01 -3.271569e-02 6.675904e-01 5.181096e-02 -1.704907e-01 -2.084101e-01 9.671036e-02 4.708481e-01 -2.052915e+00
<VARIANCE> 25
 3.138942e+01 2.515400e+01 3.551784e+01 3.178064e+01 3.397136e+01 3.606363e+01 4.520179e+01 4.009862e+01 4.030590e+01 3.110016e+01 3.304192e+01 2.860932e+01 2.180760e+00 2.762606e+00 2.200697e+00 2.648249e+00 3.062857e+00 2.641100e+00 2.974396e+00 2.858486e+00 2.708214e+00 2.393956e+00 2.421563e+00 2.143549e+00 6.887478e+00
<GCONST> 1.014810e+02
<STATE> 3
<MEAN> 25
 -3.825495e+00 3.976755e+00 -6.721331e-01 2.311058e+00 1.981897e+00 -3.166772e+00 1.615787e+00 -1.347895e+00 3.740486e-01 1.746161e-01 -9.489952e-01 1.522624e+00 -1.894046e+00 -2.225107e+00 -7.001251e-01 -1.115612e+00 3.978322e-01 -3.516576e-01 1.330498e-01 5.924222e-01 7.767841e-03 -1.717080e-01 4.325228e-01 7.062923e-01 4.581218e+00
<VARIANCE> 25
 2.860603e+01 3.078646e+01 3.077279e+01 2.628245e+01 3.030682e+01 3.081027e+01 3.602147e+01 3.486859e+01 3.425175e+01 2.494398e+01 2.664598e+01 2.208332e+01 3.009721e+00 3.398739e+00 4.140073e+00 3.638474e+00 3.882621e+00 4.175999e+00 4.092024e+00 4.321525e+00 4.640618e+00 3.171207e+00 3.553862e+00 2.915809e+00 9.456858e+00
<GCONST> 1.044958e+02
<STATE> 4
<MEAN> 25
 -6.746965e+00 -2.784673e+00 -3.436905e+00 -2.139217e+00 1.986738e+00 -4.871995e+00 3.657007e-01 4.983611e-01 1.716290e+00 3.469807e-01 -6.486540e-01 1.943628e+00 1.599228e+00 -1.215172e+00 -1.451275e-01 -1.466969e+00 -7.914201e-01 2.196631e-01 -1.730129e+00 4.483804e-02 6.648862e-01 2.403408e-01 -6.808817e-04 -1.163621e+00 6.195469e+00
<VARIANCE> 25
 2.972096e+01 2.582843e+01 2.811905e+01 2.983626e+01 3.217145e+01 3.614433e+01 4.013211e+01 3.266397e+01 3.593233e+01 2.703509e+01 2.761057e+01 2.739720e+01 4.857022e+00 4.784930e+00 6.175051e+00 5.348378e+00 5.061069e+00 5.983544e+00 6.043039e+00 6.307975e+00 7.279568e+00 3.812633e+00 4.605848e+00 4.161597e+00 1.216494e+01
<GCONST> 1.095366e+02
<TRANSP> 5
 0.000000e+00 1.000000e+00 0.000000e+00 0.000000e+00 0.000000e+00
 0.000000e+00 7.530984e-01 2.469015e-01 0.000000e+00 0.000000e+00
 0.000000e+00 0.000000e+00 4.048105e-01 5.951895e-01 0.000000e+00
 0.000000e+00 0.000000e+00 0.000000e+00 4.748232e-01 5.251768e-01
 0.000000e+00 0.000000e+00 0.000000e+00 0.000000e+00 0.000000e+00
<ENDHMM>
~h "U"
<BEGINHMM>
<NUMSTATES> 5
<STATE> 2
<MEAN> 25
 6.407588e+00 3.989363e+00 -1.572329e+00 -3.629116e+00 -3.919035e+00 2.904670e+00 -8.356516e+00 -5.528261e+00 -3.020654e+00 2.763276e-01 3.539018e+00 2.512143e-01 2.154750e+00 1.003182e+00 -2.960638e-01 -2.369149e+00 -1.950544e+00 2.452995e+00 -1.453419e+00 -1.085274e+00 -1.091692e+00 -9.434080e-02 1.600991e+00 -1.764785e-01 1.250455e+00
<VARIANCE> 25
 2.372296e+01 3.487790e+01 3.208230e+01 7.091154e+01 4.888346e+01 5.170702e+01 7.539966e+01 6.783311e+01 5.032674e+01 4.568650e+01 4.032264e+01 3.261335e+01 4.204838e+00 3.164333e+00 4.607868e+00 5.172516e+00 5.909739e+00 4.687541e+00 6.599487e+00 7.504317e+00 5.613275e+00 5.457048e+00 4.309097e+00 3.859701e+00 3.958550e+00
<GCONST> 1.122843e+02
<STATE> 3
<MEAN> 25
 9.462354e+00 7.007166e+00 -2.411690e+00 -1.075590e+01 -7.996760e+00 9.339619e+00 -7.928312e+00 -4.898428e+00 -5.732393e+00 -2.434985e+00 5.419601e+00 6.368299e-01 1.472650e-01 9.590270e-02 -1.364103e-01 -5.694946e-01 -1.224140e-01 5.370928e-01 1.529887e-01 -4.916433e-03 -1.686969e-01 -7.443716e-02 2.029179e-01 1.344341e-01 -2.068087e-02
<VARIANCE> 25
 1.042756e+01 3.375175e+01 2.419427e+01 5.330044e+01 3.923156e+01 3.879428e+01 5.595807e+01 6.969550e+01 5.191235e+01 5.211107e+01 4.517293e+01 3.980245e+01 4.519037e-01 1.913559e+00 1.117229e+00 2.721217e+00 2.236299e+00 2.269610e+00 2.869571e+00 3.628798e+00 2.960705e+00 3.113958e+00 2.767114e+00 2.201048e+00 1.296922e+00
<GCONST> 9.918848e+01
<STATE> 4
<MEAN> 25
 8.200226e+00 5.428840e+00 -2.117303e+00 -6.314541e+00 -4.079494e+00 5.937624e+00 -6.933886e+00 -6.506431e+00 -4.383603e+00 7.058541e-01 4.525615e+00 4.257809e-01 -5.532649e-01 -4.337032e-01 5.723159e-01 1.842355e+00 1.117673e+00 -1.554348e+00 6.183578e-01 5.370526e-02 8.764722e-01 5.721403e-01 -9.878617e-01 -3.700519e-01 -1.280470e+00
<VARIANCE> 25
 1.401014e+01 4.032103e+01 3.226321e+01 6.291419e+01 4.799176e+01 5.078147e+01 8.039072e+01 7.049569e+01 5.395692e+01 5.493752e+01 4.820787e+01 3.978112e+01 1.356233e+00 3.091866e+00 2.731634e+00 3.988894e+00 4.387744e+00 3.875457e+00 5.365844e+00 5.349833e+00 4.596277e+00 4.714034e+00 4.287697e+00 3.779950e+00 4.174953e+00
<GCONST> 1.091964e+02
<TRANSP> 5
 0.000000e+00 1.000000e+00 0.000000e+00 0.000000e+00 0.000000e+00
 0.000000e+00 5.534381e-01 4.465619e-01 0.000000e+00 0.000000e+00
 0.000000e+00 0.000000e+00 7.509711e-01 2.490288e-01 0.000000e+00
 0.000000e+00 0.000000e+00 0.000000e+00 7.009839e-01 2.990160e-01
 0.000000e+00 0.000000e+00 0.000000e+00 0.000000e+00 0.000000e+00
<ENDHMM>
~h "V"
<BEGINHMM>
<NUMSTATES> 5
<STATE> 2
<MEAN> 25
 -1.883290e+00 2.840925e+00 -1.887503e-01 3.454102e+00 3.576441e+00 1.462371e+00 2.224495e+00 2.814139e-01 -1.978975e-02 5.654814e-01 2.542125e-01 1.795711e+00 -3.885023e+00 3.863623e-02 2.695249e-02 1.575915e+00 1.237554e+00 -7.554119e-01 4.941988e-01 6.010194e-01 1.055658e+00 -1.412184e-03 -2.476366e-01 5.309945e-01 -1.172711e+00
<VARIANCE> 25
 4.184845e+01 1.946007e+01 3.832701e+01 4.593531e+01 3.205267e+01 4.310411e+01 3.202249e+01 3.763957e+01 3.195023e+01 2.364575e+01 2.536630e+01 2.060013e+01 2.250451e+00 3.979965e+00 3.912644e+00 4.773803e+00 5.338654e+00 5.165993e+00 4.239954e+00 5.032179e+00 3.845045e+00 3.641263e+00 3.614626e+00 2.551569e+00 2.174052e+00
<GCONST> 1.044689e+02
<STATE> 3
<MEAN> 25
 -1.378604e+01 -2.417073e+00 -2.874427e+00 4.291382e+00 2.611093e+00 -1.778078e+00 7.492388e-01 9.836457e-01 1.601729e+00 1.303716e+00 6.450632e-01 2.993093e+00 -6.861188e-01 -6.336308e-01 -3.215167e-01 -9.529841e-02 -1.414488e-01 -1.967716e-01 -1.260426e-01 -3.249592e-02 1.670815e-02 5.264157e-02 1.475534e-02 4.729021e-02 -7.438356e-02
<VARIANCE> 25
 1.797519e+01 2.104486e+01 2.731426e+01 2.276773e+01 2.511218e+01 2.613221e+01 2.831008e+01 2.855429e+01 2.473160e+01 2.167643e+01 2.050856e+01 1.889284e+01 2.261049e+00 1.410563e+00 1.702808e+00 1.628527e+00 1.716390e+00 1.910715e+00 1.820291e+00 1.760895e+00 1.775321e+00 1.671077e+00 1.607531e+00 1.400932e+00 1.455379e+00
<GCONST> 9.054765e+01
<STATE> 4
<MEAN> 25
 -8.638992e+00 -2.987280e+00 -2.953393e+00 3.075827e+00 2.627090e+00 -1.705364e+00 9.202051e-01 1.037923e+00 1.556462e+00 1.059751e+00 2.403023e-01 1.764063e+00 4.993872e+00 4.431230e-01 7.170737e-01 -1.867213e+00 -1.578267e+00 2.868919e-01 -5.110703e-01 -2.477763e-02 -8.835817e-01 -6.242439e-01 3.487504e-01 -1.116876e+00 1.984291e+00
<VARIANCE> 25
 6.070919e+01 2.288677e+01 3.518387e+01 4.147990e+01 2.700495e+01 3.829377e+01 2.611294e+01 2.989623e+01 2.550333e+01 2.138466e+01 1.929514e+01 1.925318e+01 4.532217e+00 4.437816e+00 6.763687e+00 7.153171e+00 4.105460e+00 6.999286e+00 4.003023e+00 4.855252e+00 5.197630e+00 3.177067e+00 3.450078e+00 3.356810e+00 3.692057e+00
<GCONST> 1.060553e+02
<TRANSP> 5
 0.000000e+00 1.000000e+00 0.000000e+00 0.000000e+00 0.000000e+00
 0.000000e+00 6.647961e-01 3.352039e-01 0.000000e+00 0.000000e+00
 0.000000e+00 0.000000e+00 8.495452e-01 1.504548e-01 0.000000e+00
 0.000000e+00 0.000000e+00 0.000000e+00 5.898574e-01 4.101426e-01
 0.000000e+00 0.000000e+00 0.000000e+00 0.000000e+00 0.000000e+00
<ENDHMM>
~h "W"
<BEGINHMM>
<NUMSTATES> 5
<STATE> 2
<MEAN> 25
 8.133703e+00 1.630345e+00 -3.678995e+00 -8.956984e+00 -2.952957e+00 7.037344e+00 -3.163387e+00 -1.790329e+00 -2.181286e+00 9.682372e-01 4.042336e+00 -7.121281e-01 1.527649e+00 1.295325e+00 1.542700e-01 -1.848208e+00 -1.433986e+00 1.119906e+00 -1.601813e-01 -2.061397e-01 -1.115669e+00 -6.994725e-01 7.727280e-01 7.892535e-01 1.763489e-01
<VARIANCE> 25
 2.821422e+01 6.020000e+01 3.565384e+01 8.177731e+01 4.422852e+01 5.906176e+01 6.443652e+01 4.579939e+01 5.042651e+01 4.707200e+01 4.539397e+01 3.794832e+01 2.351945e+00 2.422630e+00 2.638245e+00 3.935206e+00 4.037164e+00 4.433091e+00 4.036387e+00 4.121359e+00 3.515990e+00 3.491712e+00 3.545865e+00 3.603785e+00 4.781713e+00
<GCONST> 1.088406e+02
<STATE> 3
<MEAN> 25
 1.185798e+01 4.942700e+00 -2.252271e+00 -1.617915e+01 -9.097904e+00 1.027962e+01 -4.137367e+00 -3.064420e-01 -2.460739e+00 -2.825386e+00 4.259701e+00 1.577981e+00 -2.682308e-02 -4.674776e-01 -2.476691e-01 -5.634289e-01 -2.228079e-02 4.901310e-01 3.210647e-02 -1.213939e-01 1.890202e-01 1.473718e-01 3.598671e-01 1.548172e-01 5.311532e-01
<VARIANCE> 25
 9.351713e+00 3.393364e+01 2.099325e+01 4.826548e+01 3.594021e+01 3.766590e+01 3.815930e+01 4.284669e+01 4.502912e+01 3.611262e+01 3.608250e+01 3.017811e+01 3.960660e-01 2.458882e+00 1.299490e+00 2.207380e+00 2.091376e+00 2.494423e+00 2.030597e+00 1.982073e+00 1.998291e+00 2.453802e+00 2.494005e+00 1.758883e+00 1.858732e+00
<GCONST> 9.538475e+01
<STATE> 4
<MEAN> 25
 9.138701e+00 -3.978501e+00 -6.982299e+00 -1.581938e+01 -2.888687e+00 1.313632e+01 -2.924712e+00 -2.822374e+00 6.277251e-01 2.586918e+00 6.912998e+00 -3.019497e+00 -9.341004e-01 -2.002502e+00 -5.831504e-01 1.326342e+00 1.750174e+00 -5.823482e-01 -1.361276e-01 1.389918e-01 1.401056e+00 9.071586e-01 -9.675090e-01 -2.148399e+00 1.285238e+00
<VARIANCE> 25
 1.074529e+01 3.250872e+01 2.597162e+01 4.651110e+01 3.372858e+01 4.252264e+01 5.165268e+01 3.603883e+01 5.050091e+01 4.398779e+01 4.608616e+01 4.443190e+01 3.165992e-01 1.243332e+00 1.458549e+00 2.253906e+00 2.209869e+00 3.529230e+00 2.561556e+00 2.892132e+00 2.588463e+00 2.776564e+00 3.243415e+00 2.354755e+00 6.670058e-01
<GCONST> 9.694229e+01
<TRANSP> 5
 0.000000e+00 1.000000e+00 0.000000e+00 0.000000e+00 0.000000e+00
 0.000000e+00 6.924182e-01 3.075819e-01 0.000000e+00 0.000000e+00
 0.000000e+00 0.000000e+00 7.804477e-01 2.195523e-01 0.000000e+00
 0.000000e+00 0.000000e+00 0.000000e+00 6.953045e-01 3.046956e-01
 0.000000e+00 0.000000e+00 0.000000e+00 0.000000e+00 0.000000e+00
<ENDHMM>
~h "X"
<BEGINHMM>
<NUMSTATES> 5
<STATE> 2
<MEAN> 25
 -1.328252e+01 -3.378588e+00 -4.422341e+00 6.736146e+00 3.479942e-01 -8.314528e+00 3.532527e+00 2.706071e+00 1.539334e+00 1.194093e+00 4.059501e+00 4.244686e+00 -2.680090e+00 2.522330e-01 -1.373196e+00 8.350840e-01 1.606594e+00 3.855407e-01 1.115883e-01 3.487455e-01 9.108127e-01 -3.878907e-01 -8.780064e-02 8.251513e-01 1.562733e+00
<VARIANCE> 25
 7.652592e+01 2.148711e+01 6.631792e+01 2.910484e+01 2.949946e+01 2.824302e+01 3.751822e+01 4.750991e+01 4.437256e+01 3.572896e+01 2.299670e+01 3.985226e+01 6.272238e+00 4.938764e+00 7.176449e+00 2.329661e+00 4.678613e+00 4.673914e+00 4.292816e+00 6.754546e+00 4.608469e+00 3.879703e+00 3.927543e+00 3.672774e+00 8.580973e+00
<GCONST> 1.097215e+02
<STATE> 3
<MEAN> 25
 -2.081016e+01 5.710450e+00 -4.722375e+00 4.240194e+00 6.399386e+00 -4.953765e+00 3.646537e+00 4.293937e+00 4.199529e+00 5.251282e-01 2.426722e+00 5.260500e+00 7.560402e-01 4.346514e-01 3.500390e-01 -4.832356e-01 1.928858e-01 2.563358e-01 -1.140768e-01 -3.060600e-01 -3.938103e-01 -1.279262e-01 -5.388652e-02 -1.912769e-02 -1.609193e+00
<VARIANCE> 25
 3.358298e+01 1.689968e+01 6.069361e+01 1.890262e+01 1.548949e+01 3.116481e+01 3.718564e+01 2.765489e+01 2.632229e+01 2.230536e+01 1.767436e+01 2.800100e+01 1.701723e+00 1.645398e+00 3.097090e+00 1.885780e+00 1.699649e+00 2.896311e+00 3.089314e+00 1.654576e+00 2.790453e+00 1.522719e+00 1.597921e+00 1.429984e+00 3.426690e+00
<GCONST> 9.455260e+01
<STATE> 4
<MEAN> 25
 -7.689882e+00 1.078553e+00 -3.344632e+00 4.278337e+00 3.937030e+00 -2.553202e+00 3.292371e+00 -8.695220e-01 -3.620827e-01 -2.046483e+00 2.447236e+00 1.604895e+00 3.357009e-01 -2.026482e-02 3.019813e-01 2.330216e-01 -8.266103e-02 3.844267e-01 -9.889024e-02 -1.363525e-02 -9.346071e-02 4.955671e-02 -4.412530e-02 -1.477829e-01 -5.002316e-01
<VARIANCE> 25
 2.794721e+01 3.429264e+01 1.809117e+01 1.234265e+01 1.984236e+01 1.401143e+01 2.114587e+01 3.221478e+01 1.218594e+01 1.608959e+01 1.502738e+01 2.353196e+01 9.597464e-01 1.071941e+00 9.638453e-01 9.511737e-01 1.192171e+00 1.751924e+00 1.108596e+00 1.433555e+00 1.216654e+00 1.145692e+00 1.041670e+00 1.737810e+00 9.611179e-01
<GCONST> 8.354607e+01
<TRANSP> 5
 0.000000e+00 1.000000e+00 0.000000e+00 0.000000e+00 0.000000e+00
 0.000000e+00 8.607678e-01 1.392323e-01 0.000000e+00 0.000000e+00
 0.000000e+00 0.000000e+00 9.033943e-01 9.660573e-02 0.000000e+00
 0.000000e+00 0.000000e+00 0.000000e+00 8.721629e-01 1.278370e-01
 0.000000e+00 0.000000e+00 0.000000e+00 0.000000e+00 0.000000e+00
<ENDHMM>
~h "Y"
<BEGINHMM>
<NUMSTATES> 5
<STATE> 2
<MEAN> 25
 -7.892716e-02 -9.228092e-01 9.181261e+00 -2.117222e+00 -7.619311e+00 -4.613522e+00 -2.406808e+00 4.179790e+00 -3.058055e+00 -6.278077e-01 2.728873e+00 7.073073e-01 -4.139607e-02 9.945294e-01 2.730106e+00 -6.959134e-02 -1.605905e+00 -4.322691e-01 -1.114806e+00 -6.897122e-01 -1.491619e+00 -1.486869e-01 1.394865e+00 5.093848e-01 7.067986e-01
<VARIANCE> 25
 3.153992e+01 6.297892e+01 6.114436e+01 3.918067e+01 6.375985e+01 5.143279e+01 5.419784e+01 6.835088e+01 5.093542e+01 4.067983e+01 3.910304e+01 2.798871e+01 2.468213e+00 2.637253e+00 3.503554e+00 2.761609e+00 4.132068e+00 3.885353e+00 4.370938e+00 4.640995e+00 3.689345e+00 4.119294e+00 3.212232e+00 2.829922e+00 5.252220e+00
<GCONST> 1.087851e+02
<STATE> 3
<MEAN> 25
 1.872529e-01 2.406432e+00 1.811732e+01 -1.686417e+00 -1.228301e+01 -3.993671e+00 -7.471473e+00 -6.435000e-01 -7.963670e+00 -1.709230e+00 6.554228e+00 1.807947e+00 1.261363e-01 -6.590003e-01 -5.314842e-01 -1.959806e-01 -5.211192e-01 -4.384091e-01 9.390000e-02 4.943204e-01 5.076735e-01 2.699659e-01 2.898529e-01 2.093649e-01 7.282528e-01
<VARIANCE> 25
 1.016101e+01 3.288869e+01 3.857093e+01 3.722584e+01 2.864009e+01 4.068974e+01 3.699997e+01 4.148964e+01 4.205838e+01 6.057759e+01 3.368608e+01 3.090039e+01 5.942757e-01 2.251326e+00 3.084416e+00 1.484861e+00 2.179700e+00 2.031362e+00 2.311614e+00 3.324051e+00 2.936154e+00 2.029135e+00 1.570275e+00 1.378765e+00 2.140112e+00
<GCONST> 9.687394e+01
<STATE> 4
<MEAN> 25
 2.303874e+00 -6.274270e+00 7.154747e+00 -5.092689e+00 -1.257129e+01 -7.242852e+00 -2.114669e+00 9.577121e+00 5.577270e-01 -6.475847e-01 3.798630e+00 7.828643e-01 4.589647e-01 -1.535693e+00 -2.808161e+00 -2.246537e-01 1.648398e+00 6.880105e-01 1.135825e+00 1.644210e+00 1.759792e+00 -6.845069e-01 -2.115902e+00 -1.114385e+00 6.548472e-01
<VARIANCE> 25
 8.486607e+00 2.066633e+01 3.827027e+01 2.821028e+01 2.677396e+01 2.820869e+01 4.583597e+01 4.627078e+01 4.340143e+01 3.743449e+01 4.119235e+01 2.616266e+01 3.469037e-01 1.164552e+00 1.956905e+00 1.234269e+00 2.463826e+00 2.017500e+00 2.773880e+00 3.531384e+00 2.735761e+00 3.198025e+00 2.455677e+00 1.769687e+00 5.348731e-01
<GCONST> 9.363400e+01
<TRANSP> 5
 0.000000e+00 1.000000e+00 0.000000e+00 0.000000e+00 0.000000e+00
 0.000000e+00 7.424394e-01 2.575606e-01 0.000000e+00 0.000000e+00
 0.000000e+00 0.000000e+00 7.844161e-01 2.155839e-01 0.000000e+00
 0.000000e+00 0.000000e+00 0.000000e+00 7.134842e-01 2.865158e-01
 0.000000e+00 0.000000e+00 0.000000e+00 0.000000e+00 0.000000e+00
<ENDHMM>
~h "Z"
<BEGINHMM>
<NUMSTATES> 5
<STATE> 2
<MEAN> 25
 -2.515659e+00 8.317330e+00 2.693298e+00 4.448346e+00 2.363033e+00 -7.678486e+00 -3.071457e+00 -2.859543e-01 9.872497e-01 -5.576594e-01 -2.100729e+00 2.951107e+00 -2.100794e+00 2.474359e+00 -3.239112e-01 9.673570e-01 1.493431e+00 -3.754331e-01 8.908139e-01 -1.453364e-01 1.960682e-01 -2.532934e-01 -4.698845e-02 5.437201e-01 -2.542007e-01
<VARIANCE> 25
 3.939815e+01 4.344672e+01 3.811683e+01 3.682763e+01 4.591628e+01 3.995179e+01 6.552452e+01 3.923745e+01 4.131699e+01 3.148613e+01 2.945749e+01 2.740437e+01 3.462545e+00 3.446234e+00 3.096259e+00 3.474565e+00 3.644060e+00 3.940314e+00 4.558203e+00 5.043374e+00 3.501704e+00 2.947434e+00 3.041022e+00 2.643639e+00 3.868206e+00
<GCONST> 1.062957e+02
<STATE> 3
<MEAN> 25
 -1.324268e+01 1.452705e+01 1.305257e+00 7.052348e+00 6.828547e+00 -5.665790e+00 8.322779e-01 8.816738e-01 7.243983e-01 -3.711793e-01 -2.495694e-01 4.083260e+00 -9.968662e-01 -7.668764e-02 -1.986136e-02 9.776923e-02 2.654218e-01 3.105155e-01 2.472118e-01 1.130656e-01 -6.948868e-02 4.714803e-02 2.523865e-01 1.432019e-01 4.955696e-02
<VARIANCE> 25
 4.910190e+01 3.147087e+01 3.651938e+01 4.321917e+01 3.387723e+01 4.232613e+01 4.646581e+01 3.462744e+01 2.949018e+01 2.290816e+01 2.741745e+01 2.091501e+01 1.578036e+00 1.424410e+00 1.329178e+00 1.122130e+00 1.538728e+00 1.630473e+00 1.688094e+00 1.637336e+00 1.589164e+00 1.398330e+00 1.359070e+00 1.227271e+00 9.441167e-01
<GCONST> 9.257153e+01
<STATE> 4
<MEAN> 25
 -1.013457e+01 8.777856e+00 2.842863e+00 4.445676e+00 2.843148e+00 -6.541286e+00 -1.351555e+00 -1.474891e-01 1.209471e+00 -3.751766e-01 2.226501e-01 4.975021e+00 2.619602e+00 -1.909318e+00 5.891050e-01 -8.386859e-01 -2.223304e+00 -4.116915e-01 -1.413501e+00 -4.998010e-01 2.775152e-01 5.854271e-02 6.437813e-02 -3.035063e-01 1.281519e+00
<VARIANCE> 25
 6.136110e+01 4.344751e+01 5.274002e+01 3.689324e+01 4.796559e+01 4.729094e+01 6.437475e+01 3.947134e+01 4.124181e+01 2.230525e+01 2.645003e+01 2.083223e+01 4.921996e+00 4.570272e+00 3.457283e+00 3.504648e+00 3.871132e+00 3.677064e+00 3.903409e+00 4.949203e+00 4.136056e+00 2.384804e+00 2.360780e+00 2.446082e+00 2.794673e+00
<GCONST> 1.064064e+02
<TRANSP> 5
 0.000000e+00 1.000000e+00 0.000000e+00 0.000000e+00 0.000000e+00
 0.000000e+00 7.412480e-01 2.587520e-01 0.000000e+00 0.000000e+00
 0.000000e+00 0.000000e+00 8.281435e-01 1.718565e-01 0.000000e+00
 0.000000e+00 0.000000e+00 0.000000e+00 7.652331e-01 2.347669e-01
 0.000000e+00 0.000000e+00 0.000000e+00 0.000000e+00 0.000000e+00
<ENDHMM>
~h "e"
<BEGINHMM>
<NUMSTATES> 5
<STATE> 2
<MEAN> 25
 4.784326e+00 -1.317783e+00 -1.337947e+00 -3.522276e+00 -2.098567e+00 -9.279107e-01 -6.007603e+00 -1.732866e+00 1.261223e+00 2.911276e+00 1.971738e+00 -1.666014e+00 2.160250e+00 -1.346266e+00 -2.527685e-01 -1.754336e+00 -1.438030e+00 6.052229e-01 -2.076174e+00 8.594365e-01 1.509956e+00 8.926519e-01 7.738121e-01 -1.580036e+00 2.764139e+00
<VARIANCE> 25
 2.534575e+01 2.492066e+01 3.730399e+01 5.090244e+01 4.006306e+01 7.163179e+01 5.055143e+01 4.931217e+01 5.177773e+01 3.692450e+01 4.384371e+01 2.841191e+01 6.174311e+00 3.455410e+00 6.247819e+00 5.281801e+00 6.178612e+00 6.205212e+00 6.633904e+00 8.635510e+00 7.995955e+00 5.222863e+00 5.483001e+00 4.287653e+00 4.670938e+00
<GCONST> 1.130928e+02
<STATE> 3
<MEAN> 25
 6.356391e+00 -4.206990e+00 -1.858496e+00 -5.346429e+00 -3.578207e+00 4.478597e-01 -8.528500e+00 3.941366e-01 3.703563e+00 3.982635e+00 2.792989e+00 -3.867883e+00 1.020900e+00 -1.014724e+00 -3.865607e-02 -5.852391e-01 -7.993295e-01 5.119013e-01 -1.017633e+00 7.719178e-01 1.083452e+00 4.758312e-01 1.822645e-01 -1.042467e+00 1.018023e+00
<VARIANCE> 25
 1.426285e+01 2.550112e+01 4.126920e+01 5.015164e+01 4.328397e+01 7.329301e+01 5.375758e+01 5.867273e+01 5.902180e+01 4.328560e+01 4.781456e+01 3.586036e+01 2.744943e+00 2.096975e+00 2.953746e+00 4.064950e+00 4.037203e+00 5.080797e+00 4.072166e+00 6.702977e+00 5.795710e+00 4.021436e+00 4.443324e+00 3.066793e+00 2.052010e+00
<GCONST> 1.079330e+02
<STATE> 4
<MEAN> 25
 5.949010e+00 -3.922147e+00 -1.208994e+00 -4.894654e+00 -3.931916e+00 -4.827793e-01 -8.724319e+00 1.361865e+00 4.520967e+00 4.126153e+00 2.135163e+00 -4.570805e+00 1.010772e-01 3.399219e-01 2.573753e-01 5.995331e-01 9.206568e-02 -1.094399e-01 3.736139e-01 -2.619030e-01 -1.738044e-01 -1.982611e-01 -2.809763e-01 1.604692e-01 -8.363762e-01
<VARIANCE> 25
 1.259433e+01 2.646178e+01 4.027693e+01 4.645872e+01 4.877278e+01 6.201580e+01 6.006316e+01 5.894475e+01 6.140570e+01 4.586994e+01 4.642058e+01 3.647635e+01 7.786075e-01 1.595484e+00 1.544207e+00 2.589318e+00 2.304823e+00 3.121985e+00 2.559273e+00 3.361793e+00 3.508991e+00 2.621307e+00 2.699227e+00 2.017577e+00 2.420201e+00
<GCONST> 1.013807e+02
<TRANSP> 5
 0.000000e+00 1.000000e+00 0.000000e+00 0.000000e+00 0.000000e+00
 0.000000e+00 1.538304e-01 8.461695e-01 0.000000e+00 0.000000e+00
 0.000000e+00 0.000000e+00 1.026435e-01 8.973566e-01 0.000000e+00
 0.000000e+00 0.000000e+00 0.000000e+00 6.499794e-01 3.500206e-01
 0.000000e+00 0.000000e+00 0.000000e+00 0.000000e+00 0.000000e+00
<ENDHMM>
~h "AI"
<BEGINHMM>
<NUMSTATES> 5
<STATE> 2
<MEAN> 25
 4.411685e+00 -1.251772e+01 -3.496841e+00 -5.711929e+00 -2.360176e+00 4.320929e-01 -9.299192e-01 8.599228e+00 5.639578e+00 -2.899143e+00 -4.084166e+00 -4.935305e+00 -3.118380e-01 -3.096119e-01 1.026547e+00 2.138434e-01 -1.103993e+00 -1.151073e+00 8.681584e-01 1.474967e+00 -5.368181e-01 -7.034049e-01 6.816582e-02 6.485581e-01 2.277378e-01
<VARIANCE> 25
 9.797205e+00 1.821128e+01 4.237193e+01 2.504943e+01 4.866255e+01 5.611629e+01 4.749077e+01 5.027747e+01 4.726542e+01 3.874743e+01 3.966838e+01 2.940328e+01 4.135563e-01 1.444826e+00 1.755478e+00 1.438171e+00 2.670521e+00 2.995001e+00 2.169175e+00 2.796132e+00 2.246293e+00 2.311158e+00 2.984033e+00 2.143916e+00 4.997966e-01
<GCONST> 9.546567e+01
<STATE> 3
<MEAN> 25
 2.557657e+00 -7.461271e+00 7.875280e+00 -5.163260e+00 -1.328522e+01 -7.411542e+00 -4.801983e-01 9.675620e+00 -1.687351e+00 5.767238e-01 4.278136e+00 -3.235765e-01 -2.725837e-01 1.168185e+00 1.723833e+00 7.383827e-02 -1.050061e+00 -3.364480e-01 -5.270616e-01 -1.365292e+00 -1.373958e+00 8.222195e-01 1.238081e+00 4.234995e-01 -6.032506e-01
<VARIANCE> 25
 8.897861e+00 1.900130e+01 3.685764e+01 2.308079e+01 2.490207e+01 3.062882e+01 4.099395e+01 4.618388e+01 4.157658e+01 3.649104e+01 3.934493e+01 2.353964e+01 2.665369e-01 8.539138e-01 1.423973e+00 8.645906e-01 1.921281e+00 1.452873e+00 1.930938e+00 2.278911e+00 1.979413e+00 1.951363e+00 2.224257e+00 1.270065e+00 2.276369e-01
<GCONST> 8.830775e+01
<STATE> 4
<MEAN> 25
 1.597614e+00 7.936928e-01 1.231854e+01 -1.415006e+00 -1.162163e+01 -5.877673e+00 -1.963569e+00 9.214302e-01 -5.672052e+00 1.471212e+00 4.125690e+00 -1.517397e-02 8.509172e-02 7.434810e-01 -5.744328e-01 7.623697e-01 1.093473e+00 2.139294e-01 1.882983e-01 -5.428440e-01 2.150133e-01 -2.081899e-01 -5.330701e-01 -8.145130e-02 -1.788811e+00
<VARIANCE> 25
 1.541561e+01 4.008910e+01 4.641386e+01 3.490213e+01 4.138613e+01 4.798821e+01 4.828206e+01 6.137207e+01 4.720125e+01 4.593872e+01 4.142320e+01 2.869994e+01 1.279726e+00 2.073001e+00 2.695644e+00 2.157438e+00 2.919822e+00 2.588274e+00 3.245444e+00 3.429192e+00 3.269649e+00 2.564762e+00 2.219322e+00 1.881412e+00 2.427159e+00
<GCONST> 1.017247e+02
<TRANSP> 5
 0.000000e+00 1.000000e+00 0.000000e+00 0.000000e+00 0.000000e+00
 0.000000e+00 7.861705e-01 2.138295e-01 0.000000e+00 0.000000e+00
 0.000000e+00 0.000000e+00 8.024532e-01 1.975468e-01 0.000000e+00
 0.000000e+00 0.000000e+00 0.000000e+00 8.492337e-01 1.507663e-01
 0.000000e+00 0.000000e+00 0.000000e+00 0.000000e+00 0.000000e+00
<ENDHMM>
~h "AU"
<BEGINHMM>
<NUMSTATES> 5
<STATE> 2
<MEAN> 25
 4.806063e+00 -7.330218e+00 -8.322986e+00 -9.919199e+00 4.406065e-01 7.620091e+00 -3.835264e+00 3.775448e-01 6.018100e+00 2.383979e+00 -8.356389e-01 -6.839819e+00 6.854739e-01 -6.511143e-01 -8.123176e-01 -1.383335e+00 4.023698e-01 1.982219e+00 -2.188848e-01 -2.762264e-01 3.045957e-01 5.020555e-02 5.338044e-01 -1.015446e+00 1.063997e+00
<VARIANCE> 25
 1.445660e+01 2.683619e+01 2.796594e+01 4.319736e+01 4.047755e+01 5.940090e+01 5.090263e+01 5.061193e+01 4.161610e+01 4.129898e+01 4.247713e+01 3.163880e+01 2.315210e+00 2.682194e+00 2.057247e+00 3.202158e+00 3.410619e+00 4.279692e+00 3.535361e+00 3.991813e+00 3.297359e+00 3.546571e+00 4.061311e+00 3.299754e+00 3.843834e+00
<GCONST> 1.047365e+02
<STATE> 3
<MEAN> 25
 7.298109e+00 -3.109575e+00 -8.411407e+00 -1.656500e+01 -2.016997e+00 1.348454e+01 -3.258064e+00 -2.653836e+00 3.122620e+00 1.256319e+00 5.574327e+00 -3.380688e+00 4.113802e-01 1.139824e+00 3.155181e-01 -7.369797e-01 -6.749606e-01 1.289129e-01 -1.358270e-01 -2.490386e-02 -9.182991e-01 -2.750842e-01 5.748253e-01 1.126848e+00 -6.846752e-01
<VARIANCE> 25
 1.033037e+01 3.235801e+01 2.043673e+01 3.461168e+01 3.433689e+01 3.112212e+01 4.208396e+01 3.454259e+01 4.041326e+01 4.342709e+01 3.826929e+01 4.557663e+01 2.428291e-01 9.190136e-01 5.910232e-01 1.165039e+00 1.286663e+00 1.415617e+00 1.530085e+00 1.537562e+00 1.637535e+00 1.812008e+00 1.996783e+00 1.931126e+00 3.192619e-01
<GCONST> 8.838834e+01
<STATE> 4
<MEAN> 25
 9.408885e+00 5.932676e+00 -4.334015e+00 -1.350426e+01 -4.882790e+00 8.171764e+00 -4.618089e+00 -1.541801e+00 -2.811650e+00 3.527506e-01 3.417239e+00 1.257417e+00 -2.708935e-01 3.468614e-01 5.513124e-01 1.886502e+00 4.686368e-01 -1.166365e+00 1.443610e-01 -1.637595e-01 -9.113435e-02 7.088040e-02 -5.772530e-01 -1.528159e-01 -1.602587e+00
<VARIANCE> 25
 1.476647e+01 3.876903e+01 2.935321e+01 7.028737e+01 4.691305e+01 4.667981e+01 6.766619e+01 5.867562e+01 4.821627e+01 5.858697e+01 4.356125e+01 3.980072e+01 1.308015e+00 2.616117e+00 1.866408e+00 3.959270e+00 3.639768e+00 3.524918e+00 3.682658e+00 3.595451e+00 3.404174e+00 3.586615e+00 3.232418e+00 2.758854e+00 2.198994e+00
<GCONST> 1.051550e+02
<TRANSP> 5
 0.000000e+00 1.000000e+00 0.000000e+00 0.000000e+00 0.000000e+00
 0.000000e+00 7.005122e-01 2.994878e-01 0.000000e+00 0.000000e+00
 0.000000e+00 0.000000e+00 8.538997e-01 1.461004e-01 0.000000e+00
 0.000000e+00 0.000000e+00 0.000000e+00 8.505056e-01 1.494944e-01
 0.000000e+00 0.000000e+00 0.000000e+00 0.000000e+00 0.000000e+00
<ENDHMM>
~h "NG"
<BEGINHMM>
<NUMSTATES> 5
<STATE> 2
<MEAN> 25
 8.063171e+00 -1.790038e+00 -3.776985e-02 -1.946796e+00 -3.321051e+00 3.054201e+00 -4.355118e-01 -3.206333e+00 -2.705557e+00 2.435141e+00 -1.235065e+00 -4.820105e+00 4.940789e-01 1.038839e+00 1.718971e+00 8.467042e-01 -1.656397e+00 2.713780e-01 9.095761e-01 -1.968310e+00 -9.712459e-01 6.430947e-01 -8.059334e-01 1.296000e+00 -1.307569e+00
<VARIANCE> 25
 8.873336e+00 2.706824e+01 4.084876e+01 4.109396e+01 4.966586e+01 4.864280e+01 5.072795e+01 5.464539e+01 5.437687e+01 4.094591e+01 4.483155e+01 4.409771e+01 5.878448e-01 1.632739e+00 2.913660e+00 3.502176e+00 3.547732e+00 4.010191e+00 4.579062e+00 4.657401e+00 5.023287e+00 3.938165e+00 4.024110e+00 3.617340e+00 6.781471e-01
<GCONST> 1.031401e+02
<STATE> 3
<MEAN> 25
 8.491932e+00 4.876907e-01 4.804609e+00 -1.356963e+00 -7.547926e+00 4.500846e+00 -2.380472e-03 -6.190772e+00 -3.457587e+00 1.632288e+00 -2.262385e+00 -1.249271e+00 3.510415e-02 3.750790e-01 3.976476e-01 3.593401e-01 -1.344485e-01 -6.591916e-02 1.615679e-01 -2.768774e-01 -2.275750e-01 8.582965e-02 -1.483834e-01 2.425009e-01 -4.776945e-01
<VARIANCE> 25
 8.272779e+00 2.065392e+01 2.879605e+01 4.573540e+01 3.986917e+01 4.182744e+01 5.387991e+01 4.622680e+01 4.448085e+01 4.169041e+01 3.832115e+01 3.627060e+01 2.490796e-01 7.362468e-01 1.044076e+00 1.124309e+00 1.341817e+00 1.284810e+00 1.543896e+00 1.556268e+00 1.544618e+00 1.463115e+00 1.380733e+00 1.347056e+00 4.687212e-01
<GCONST> 8.883623e+01
<STATE> 4
<MEAN> 25
 6.662451e+00 3.418443e+00 3.758518e+00 1.617962e+00 -2.931158e+00 2.276266e+00 2.421535e+00 -5.712012e+00 -4.817348e+00 2.053958e+00 -3.682889e+00 -1.086827e+00 -8.300158e-01 4.029845e-01 -5.765333e-01 2.774585e-01 1.298437e+00 -6.505006e-01 8.668641e-02 7.197824e-01 1.755833e-01 -2.292091e-01 6.002285e-02 -2.255356e-01 -9.952075e-01
<VARIANCE> 25
 2.007333e+01 2.967805e+01 3.361697e+01 4.403769e+01 6.847646e+01 4.192968e+01 4.939449e+01 5.158839e+01 4.629265e+01 4.884345e+01 4.272869e+01 3.692200e+01 1.341855e+00 2.458681e+00 2.586526e+00 3.086091e+00 3.827967e+00 3.367853e+00 3.487348e+00 3.988870e+00 3.805535e+00 3.303410e+00 2.876925e+00 2.962549e+00 3.687490e+00
<GCONST> 1.049690e+02
<TRANSP> 5
 0.000000e+00 1.000000e+00 0.000000e+00 0.000000e+00 0.000000e+00
 0.000000e+00 5.752929e-01 4.247071e-01 0.000000e+00 0.000000e+00
 0.000000e+00 0.000000e+00 7.495514e-01 2.504487e-01 0.000000e+00
 0.000000e+00 0.000000e+00 0.000000e+00 6.646204e-01 3.353797e-01
 0.000000e+00 0.000000e+00 0.000000e+00 0.000000e+00 0.000000e+00
<ENDHMM>
~h "NY"
<BEGINHMM>
<NUMSTATES> 5
<STATE> 2
<MEAN> 25
 5.538553e+00 4.229517e+00 8.737201e+00 -5.809813e-01 -5.915009e+00 -2.760189e+00 -2.723146e+00 -1.468905e+00 -6.797445e+00 -1.629364e+00 2.613822e+00 1.062400e+00 -2.691616e-01 -2.510060e-01 6.245861e-01 -7.241709e-01 -6.259015e-01 2.618596e-01 1.712050e-01 4.030769e-01 -2.440824e-01 -1.985275e-01 3.844544e-01 3.627047e-02 5.821038e-01
<VARIANCE> 25
 2.019187e+01 2.797926e+01 3.513335e+01 5.856665e+01 3.685706e+01 4.158347e+01 4.694864e+01 6.146122e+01 4.622692e+01 4.436321e+01 3.902726e+01 3.821294e+01 2.600257e+00 4.930130e+00 3.546051e+00 5.610790e+00 4.096519e+00 4.014086e+00 4.563814e+00 8.912982e+00 4.677169e+00 3.394826e+00 3.408854e+00 2.779841e+00 3.613726e+00
<GCONST> 1.084942e+02
<STATE> 3
<MEAN> 25
 2.619347e+00 -6.741378e+00 7.702844e+00 -5.256058e+00 -9.738123e+00 -2.176718e+00 5.095147e-01 9.514277e+00 -2.592731e+00 -5.228541e+00 1.195098e+00 -1.933968e-01 3.011131e-01 -1.945510e+00 -2.074057e+00 7.085832e-01 1.134386e+00 -1.740112e-02 1.787508e-01 1.418172e+00 1.538732e+00 -1.078341e+00 -1.511435e+00 -3.217897e-01 6.968538e-01
<VARIANCE> 25
 8.930304e+00 2.433601e+01 3.315992e+01 2.884504e+01 3.270832e+01 2.995228e+01 3.375192e+01 3.897655e+01 4.255911e+01 3.685128e+01 3.384805e+01 2.824958e+01 2.818392e-01 1.281265e+00 1.185786e+00 1.166780e+00 2.425067e+00 1.922969e+00 2.143268e+00 2.928544e+00 1.963942e+00 2.189536e+00 1.762334e+00 1.789070e+00 4.905283e-01
<GCONST> 9.105895e+01
<STATE> 4
<MEAN> 25
 3.702853e+00 -8.164989e+00 4.150199e-01 -1.506577e-01 1.140668e+00 1.926675e-03 1.427245e-01 8.621940e+00 9.455137e-01 -7.824873e+00 -4.593107e+00 -4.886633e-01 2.223398e-02 6.890152e-02 -9.218787e-01 4.638049e-01 1.190754e+00 3.338779e-01 -2.223961e-01 -4.916130e-01 4.239223e-01 1.773137e-01 -4.043811e-01 -2.919351e-01 -9.563954e-01
<VARIANCE> 25
 1.015092e+01 3.157699e+01 2.784958e+01 4.034007e+01 7.109418e+01 3.422821e+01 4.664248e+01 4.158025e+01 4.334843e+01 3.619163e+01 3.341095e+01 2.637759e+01 5.266802e-01 1.246143e+00 1.566642e+00 1.615643e+00 2.145731e+00 1.562178e+00 1.863290e+00 1.703353e+00 1.920523e+00 1.656941e+00 1.697562e+00 1.604153e+00 1.105371e+00
<GCONST> 9.337939e+01
<TRANSP> 5
 0.000000e+00 1.000000e+00 0.000000e+00 0.000000e+00 0.000000e+00
 0.000000e+00 8.803146e-01 1.196854e-01 0.000000e+00 0.000000e+00
 0.000000e+00 0.000000e+00 7.227151e-01 2.772850e-01 0.000000e+00
 0.000000e+00 0.000000e+00 0.000000e+00 7.298807e-01 2.701194e-01
 0.000000e+00 0.000000e+00 0.000000e+00 0.000000e+00 0.000000e+00
<ENDHMM>
~h "OI"
<BEGINHMM>
<NUMSTATES> 5
<STATE> 2
<MEAN> 25
 7.746481e+00 3.212656e+00 -6.944390e+00 -1.551703e+01 -8.318415e+00 9.859522e+00 -4.237362e-01 -2.727181e+00 -1.886055e-01 -3.534903e+00 2.480880e+00 1.925473e+00 2.321429e+00 -5.769774e-01 -7.751748e-01 -3.663737e+00 -1.665048e+00 2.201069e+00 -1.046101e+00 -3.387490e-01 5.530559e-02 9.023437e-01 1.352535e+00 -8.803456e-02 2.322762e+00
<VARIANCE> 25
 1.758864e+01 2.449290e+01 2.255556e+01 4.302570e+01 4.555791e+01 3.287470e+01 4.398879e+01 3.609854e+01 3.303062e+01 3.606165e+01 3.858158e+01 3.723724e+01 6.013816e+00 3.072074e+00 2.897221e+00 9.887036e+00 5.152349e+00 5.421325e+00 5.926775e+00 3.789910e+00 3.222893e+00 4.360607e+00 4.119659e+00 3.888270e+00 1.635275e+00
<GCONST> 1.065464e+02
<STATE> 3
<MEAN> 25
 7.812225e+00 -3.516279e+00 -8.434048e+00 -1.470946e+01 -4.531084e+00 1.011769e+01 -4.129427e+00 -3.038659e+00 1.421093e+00 4.962348e+00 6.398728e+00 -3.875141e+00 -4.305202e-01 -1.366262e+00 5.940518e-01 1.983794e+00 6.370363e-01 -2.247224e+00 -1.281775e+00 8.862541e-01 8.415169e-01 1.614880e+00 -4.642020e-01 -1.530580e+00 5.533399e-01
<VARIANCE> 25
 9.224421e+00 3.390328e+01 2.823676e+01 4.717674e+01 2.696572e+01 4.601294e+01 6.435930e+01 4.074020e+01 4.158894e+01 5.278967e+01 5.008571e+01 5.397115e+01 2.797395e-01 8.701602e-01 1.782446e+00 3.067963e+00 2.018016e+00 6.394152e+00 2.626642e+00 4.757593e+00 2.705054e+00 3.586146e+00 3.908072e+00 3.403794e+00 3.876321e-01
<GCONST> 9.875976e+01
<STATE> 4
<MEAN> 25
 9.157243e-01 -7.251660e-01 1.098277e+01 -1.043053e+00 -1.171163e+01 -7.107491e+00 -4.573403e+00 2.118506e-01 -5.204413e+00 2.688294e+00 3.002331e+00 -1.107822e+00 -4.117156e-01 5.806658e-01 8.726310e-01 4.970490e-01 -2.647553e-01 -4.050710e-01 4.601718e-01 -1.728580e-01 -6.337163e-01 -5.881866e-01 3.776848e-04 5.467067e-01 -8.793447e-01
<VARIANCE> 25
 1.749830e+01 5.534169e+01 7.201365e+01 3.033317e+01 4.485514e+01 4.462682e+01 4.787885e+01 8.190755e+01 6.513511e+01 4.493711e+01 5.427860e+01 2.860458e+01 8.262839e-01 1.235511e+00 4.825293e+00 1.995644e+00 3.750267e+00 4.710496e+00 2.668643e+00 4.014990e+00 4.396252e+00 2.704439e+00 3.099675e+00 2.528106e+00 1.098492e+00
<GCONST> 1.038742e+02
<TRANSP> 5
 0.000000e+00 1.000000e+00 0.000000e+00 0.000000e+00 0.000000e+00
 0.000000e+00 6.576423e-01 3.423577e-01 0.000000e+00 0.000000e+00
 0.000000e+00 0.000000e+00 8.203867e-01 1.796132e-01 0.000000e+00
 0.000000e+00 0.000000e+00 0.000000e+00 9.319857e-01 6.801429e-02
 0.000000e+00 0.000000e+00 0.000000e+00 0.000000e+00 0.000000e+00
<ENDHMM>
~h "SY"
<BEGINHMM>
<NUMSTATES> 5
<STATE> 2
<MEAN> 25
 -1.017086e+01 4.631247e+00 4.599666e+00 9.770451e-01 3.069055e+00 -2.796453e+00 2.179085e+00 2.032130e+00 -4.318618e-01 -9.359608e-01 -6.563833e-02 3.056546e+00 -3.912915e+00 5.940887e-01 -7.053412e-03 -4.961174e-01 9.013688e-01 4.347586e-01 6.907360e-01 2.457376e-01 4.072776e-01 7.967128e-02 6.802962e-01 3.940275e-01 4.954737e-01
<VARIANCE> 25
 7.621445e+01 3.701345e+01 4.904089e+01 3.474321e+01 4.680987e+01 4.354176e+01 4.688873e+01 4.749709e+01 3.824968e+01 3.029230e+01 3.195778e+01 2.377631e+01 4.022355e+00 5.015342e+00 4.222701e+00 3.496336e+00 4.426873e+00 4.249205e+00 4.727721e+00 4.298985e+00 3.699255e+00 3.326670e+00 3.102156e+00 2.602417e+00 3.509857e+00
<GCONST> 1.078458e+02
<STATE> 3
<MEAN> 25
 -2.416498e+01 2.942438e+00 2.743858e+00 -3.140836e+00 3.979781e+00 1.043548e+00 3.719620e+00 2.584175e+00 2.338557e+00 1.747434e+00 3.555262e+00 4.496222e+00 -2.266845e-01 -4.608915e-01 -7.025927e-02 -2.270822e-01 -4.198510e-01 8.721099e-02 1.127391e-01 -7.996316e-02 2.091295e-01 2.072652e-01 1.326695e-01 1.502540e-01 2.155184e-01
<VARIANCE> 25
 1.084486e+01 2.710551e+01 3.660332e+01 2.717678e+01 3.887764e+01 4.126423e+01 3.461783e+01 3.200637e+01 3.059118e+01 2.511740e+01 2.272001e+01 1.867813e+01 1.540779e+00 9.083856e-01 1.148016e+00 1.174691e+00 1.606103e+00 1.612845e+00 1.477284e+00 1.567908e+00 1.524651e+00 1.508048e+00 1.390640e+00 1.223752e+00 5.995420e-01
<GCONST> 8.889813e+01
<STATE> 4
<MEAN> 25
 -1.121754e+01 8.716114e-01 6.228332e+00 -1.645891e+00 -3.818160e+00 -4.003251e+00 6.314294e-01 1.114044e+00 4.785432e-01 -5.856269e-01 2.209484e+00 3.851420e+00 5.387790e+00 -8.532286e-01 8.063229e-01 3.245910e-01 -2.025271e+00 -1.512051e+00 -1.750846e+00 4.743017e-01 -4.163412e-01 -7.849923e-01 -4.190946e-01 -8.281842e-01 1.461676e+00
<VARIANCE> 25
 1.047255e+02 2.567168e+01 5.353067e+01 3.399292e+01 5.523542e+01 3.974879e+01 4.946205e+01 3.736136e+01 3.596539e+01 2.787324e+01 2.958952e+01 1.936699e+01 3.761831e+00 3.989470e+00 5.066390e+00 3.427130e+00 4.217846e+00 3.733110e+00 4.331489e+00 5.504840e+00 5.244454e+00 3.081122e+00 3.636874e+00 2.444049e+00 2.177094e+00
<GCONST> 1.070636e+02
<TRANSP> 5
 0.000000e+00 1.000000e+00 0.000000e+00 0.000000e+00 0.000000e+00
 0.000000e+00 7.932446e-01 2.067554e-01 0.000000e+00 0.000000e+00
 0.000000e+00 0.000000e+00 8.753341e-01 1.246658e-01 0.000000e+00
 0.000000e+00 0.000000e+00 0.000000e+00 7.505326e-01 2.494674e-01
 0.000000e+00 0.000000e+00 0.000000e+00 0.000000e+00 0.000000e+00
<ENDHMM>
~h "sp"
<BEGINHMM>
<NUMSTATES> 3
<STATE> 2
~s "silst"
<TRANSP> 3
 0.000000e+00 2.102489e-01 7.897511e-01
 0.000000e+00 9.514337e-01 4.856626e-02
 0.000000e+00 0.000000e+00 0.000000e+00
<ENDHMM>
~h "sil"
<BEGINHMM>
<NUMSTATES> 5
<STATE> 2
<MEAN> 25
 -5.988564e+00 6.756699e-01 -5.119649e-01 4.331961e+00 3.923631e+00 3.495638e-01 5.137265e+00 1.107190e+00 2.465780e-01 -1.571510e-01 2.559743e-01 3.581563e+00 -1.281741e-01 -2.312143e-01 -6.702734e-02 2.469724e-02 -1.500128e-01 -1.945441e-01 -3.815258e-02 9.036797e-02 -7.267489e-02 -1.149929e-01 3.298436e-03 1.215599e-01 2.179690e-02
<VARIANCE> 25
 2.337746e+01 2.938091e+01 3.706201e+01 4.882656e+01 4.158412e+01 4.848000e+01 3.825486e+01 5.732951e+01 3.694897e+01 3.823357e+01 3.375804e+01 3.116354e+01 1.727055e+00 2.889246e+00 2.685753e+00 3.594571e+00 3.224781e+00 3.501968e+00 3.004939e+00 4.477558e+00 3.046828e+00 3.252971e+00 2.665686e+00 2.577146e+00 3.084432e+00
<GCONST> 1.037391e+02
<STATE> 3
~s "silst"
<STATE> 4
<MEAN> 25
 -4.936414e+00 4.109670e+00 -1.526270e+00 3.789514e+00 4.384736e+00 3.706215e-01 5.053323e+00 4.526028e-01 5.603420e-01 1.305167e-02 5.073092e-01 2.696414e+00 -1.215150e-02 2.024862e-02 -2.076834e-03 -1.264736e-02 1.872261e-02 2.001798e-02 3.214340e-03 -9.021460e-03 8.029177e-03 2.251550e-02 8.799438e-03 -1.616117e-02 -1.869786e-02
<VARIANCE> 25
 6.464998e+00 8.410271e+00 1.310881e+01 1.247203e+01 1.526321e+01 1.868882e+01 1.890577e+01 2.185672e+01 2.008941e+01 1.723670e+01 1.755800e+01 1.502352e+01 1.347811e-01 2.979057e-01 4.637929e-01 6.593767e-01 8.642599e-01 1.060944e+00 1.205378e+00 1.353464e+00 1.389682e+00 1.392825e+00 1.323705e+00 1.213201e+00 6.857625e-02
<GCONST> 7.259643e+01
<TRANSP> 5
 0.000000e+00 1.000000e+00 0.000000e+00 0.000000e+00 0.000000e+00
 0.000000e+00 8.072867e-01 1.190834e-01 7.363003e-02 0.000000e+00
 0.000000e+00 0.000000e+00 9.178566e-01 8.214339e-02 0.000000e+00
 0.000000e+00 3.373160e-02 0.000000e+00 9.468320e-01 1.943637e-02
 0.000000e+00 0.000000e+00 0.000000e+00 0.000000e+00 0.000000e+00
<ENDHMM>
